Date,F.Y,QUARTER,P_NO,PAYMENT TYPE,TYPE OF PRODUCT,Quantity,Cost Price,Cost,Price,Amount,Profit,TYPE OF ACCESSORY/MOBILE
1/4/2018,2018-2019,1,P/A/36,CASH,ACCESSORY,1,1942.38,1942.38,2042.38,2542.38,600,COVER
1/4/2018,2018-2019,1,P/A/47,CASH,ACCESSORY,1,1942.38,1942.38,2042.38,2118.64,176,WIRELESS HEADSET
1/4/2018,2018-2019,1,P/M/A34,CREDIT,MOBILE,1,1942.38,1942.38,2042.38,13303.58,11361,BUDGET PHONE
1/4/2018,2018-2019,1,P/M/A42,CREDIT,MOBILE,1,1942.38,1942.38,2042.38,51696.43,49754,FLAGSHIP PHONE
1/4/2018,2018-2019,1,P/M/A42,DEBIT,MOBILE,1,1942.38,1942.38,2042.38,51696.42,49754,FLAGSHIP PHONE
1/4/2018,2018-2019,1,P/M/A43,MOBILE PAYMENTS,MOBILE,1,1942.38,1942.38,2042.38,57946.42,56004,FLAGSHIP PHONE
2/4/2018,2018-2019,1,P/M/A19,MOBILE PAYMENTS,MOBILE,1,1942.38,1942.38,2042.38,31241.08,29299,PREMIUM MIDRANGE PHONE
2/4/2018,2018-2019,1,P/M/A34,DEBIT,MOBILE,1,1942.38,1942.38,2042.38,13303.58,11361,BUDGET PHONE
2/4/2018,2018-2019,1,P/M/A43,CREDIT,MOBILE,1,1942.38,1942.38,2042.38,57946.42,56004,FLAGSHIP PHONE
3/4/2018,2018-2019,1,P/A/47,CASH,ACCESSORY,1,1942.38,1942.38,2042.38,2203.38,261,WIRELESS HEADSET
3/4/2018,2018-2019,1,P/M/A19,MOBILE PAYMENTS,MOBILE,1,1942.38,1942.38,2042.38,31241.08,29299,PREMIUM MIDRANGE PHONE
3/4/2018,2018-2019,1,P/M/A42,CREDIT,MOBILE,1,1942.38,1942.38,2042.38,51696.42,49754,FLAGSHIP PHONE
3/4/2018,2018-2019,1,P/M/A42,DEBIT,MOBILE,1,1942.38,1942.38,2042.38,51696.43,49754,FLAGSHIP PHONE
3/4/2018,2018-2019,1,P/M/A43,CREDIT,MOBILE,1,1942.38,1942.38,2042.38,57946.42,56004,FLAGSHIP PHONE
3/4/2018,2018-2019,1,P/T/S1,MOBILE PAYMENTS,TABLET,1,1942.38,1942.38,2042.38,10084.74,8142,BUDGET TABLET
4/4/2018,2018-2019,1,P/A/47,DEBIT,ACCESSORY,1,1942.38,1942.38,2042.38,1906.78,-36,WIRELESS HEADSET
4/4/2018,2018-2019,1,P/M/A40,CREDIT,MOBILE,1,1942.38,1942.38,2042.38,44633.93,42692,PREMIUM MIDRANGE PHONE
5/4/2018,2018-2019,1,P/M/A23,DEBIT,MOBILE,1,1942.38,1942.38,2042.38,1258.92,-683,BUDGET PHONE
5/4/2018,2018-2019,1,P/M/A32,CREDIT,MOBILE,1,1942.38,1942.38,2042.38,12410.72,10468,BUDGET PHONE
5/4/2018,2018-2019,1,P/M/A41,CREDIT,MOBILE,1,1942.38,1942.38,2042.38,46419.64,44477,PREMIUM MIDRANGE PHONE
6/4/2018,2018-2019,1,P/A/47,CASH,ACCESSORY,1,1942.38,1942.38,2042.38,2033.9,92,WIRELESS HEADSET
6/4/2018,2018-2019,1,P/M/A29,CASH,MOBILE,1,1942.38,1942.38,2042.38,1071.42,-871,BUDGET PHONE
6/4/2018,2018-2019,1,P/M/A43,MOBILE PAYMENTS,MOBILE,1,56446.42,56446.42,57446.42,57946.42,1500,FLAGSHIP PHONE
6/4/2018,2018-2019,1,P/M/A74,MOBILE PAYMENTS,MOBILE,1,59125,59125,60125,60625,1500,FLAGSHIP PHONE
7/4/2018,2018-2019,1,P/A/22,CASH,ACCESSORY,1,416.1,416.1,516.1,1016.1,600,CHARGER 
7/4/2018,2018-2019,1,P/A/22,CASH,ACCESSORY,1,416.1,416.1,516.1,1016.1,600,CHARGER 
7/4/2018,2018-2019,1,P/A/30,CASH,ACCESSORY,1,1263.56,1263.56,1363.56,1863.56,600,COVER
7/4/2018,2018-2019,1,P/A/35,CASH,ACCESSORY,1,2195.76,2195.76,2295.76,2795.76,600,COVER
7/4/2018,2018-2019,1,P/M/A34,CREDIT,MOBILE,1,11803.58,11803.58,12803.58,13303.58,1500,BUDGET PHONE
7/4/2018,2018-2019,1,P/M/A54,CREDIT,MOBILE,1,5875,5875,6375,6875,1000,BUDGET PHONE
7/4/2018,2018-2019,1,P/M/A61,MOBILE PAYMENTS,MOBILE,1,7473.22,7473.22,7973.22,8473.22,1000,BUDGET PHONE
7/4/2018,2018-2019,1,P/M/A74,DEBIT,MOBILE,1,59125,59125,60125,60625,1500,FLAGSHIP PHONE
8/4/2018,2018-2019,1,P/A/22,CASH,ACCESSORY,1,416.1,416.1,516.1,1016.1,600,CHARGER 
8/4/2018,2018-2019,1,P/A/35,CASH,ACCESSORY,1,2195.76,2195.76,2295.76,2795.76,600,COVER
8/4/2018,2018-2019,1,P/A/47,CASH,ACCESSORY,1,1264.4,1264.4,1364.4,1864.4,600,WIRELESS HEADSET
8/4/2018,2018-2019,1,P/A/47,CASH,ACCESSORY,1,1306.78,1306.78,1406.78,1906.78,600,WIRELESS HEADSET
8/4/2018,2018-2019,1,P/A/47,CASH,ACCESSORY,1,1476.28,1476.28,1576.28,2076.28,600,WIRELESS HEADSET
8/4/2018,2018-2019,1,P/M/A24,CASH,MOBILE,1,882.14,882.14,982.14,1482.14,600,BUDGET PHONE
8/4/2018,2018-2019,1,P/M/A25,CREDIT,MOBILE,1,1230.36,1230.36,1330.36,1830.36,600,BUDGET PHONE
29-05-2019,2019-2020,1,P/T/S4,DEBIT,TABLET,1,13669.5,13669.5,14669.5,15169.5,1500,MIDRANGE TAB
8/4/2018,2018-2019,1,P/M/A32,MOBILE PAYMENTS,MOBILE,1,10910.72,10910.72,11910.72,12410.72,1500,BUDGET PHONE
8/4/2018,2018-2019,1,P/M/A34,MOBILE PAYMENTS,MOBILE,1,11803.58,11803.58,12803.58,13303.58,1500,BUDGET PHONE
8/4/2018,2018-2019,1,P/M/A34,DEBIT,MOBILE,1,11803.58,11803.58,12803.58,13303.58,1500,BUDGET PHONE
8/4/2018,2018-2019,1,P/M/A42,DEBIT,MOBILE,1,50196.42,50196.42,51196.42,51696.42,1500,FLAGSHIP PHONE
8/4/2018,2018-2019,1,P/M/A42,DEBIT,MOBILE,1,50196.42,50196.42,51196.42,51696.42,1500,FLAGSHIP PHONE
8/4/2018,2018-2019,1,P/M/A42,CREDIT,MOBILE,1,50196.42,50196.42,51196.42,51696.42,1500,FLAGSHIP PHONE
8/4/2018,2018-2019,1,P/M/A43,DEBIT,MOBILE,1,60017.86,60017.86,61017.86,61517.86,1500,FLAGSHIP PHONE
8/4/2018,2018-2019,1,P/M/A43,CREDIT,MOBILE,1,60017.86,60017.86,61017.86,61517.86,1500,FLAGSHIP PHONE
8/4/2018,2018-2019,1,P/M/A74,DEBIT,MOBILE,1,59125,59125,60125,60625,1500,FLAGSHIP PHONE
9/4/2018,2018-2019,1,P/A/47,CASH,ACCESSORY,4,1306.78,5227.12,1406.78,7627.12,2400,WIRELESS HEADSET
21-04-2018,2018-2019,1,P/M/A62,MOBILE PAYMENTS,MOBILE,1,13669.64,13669.64,14669.64,15169.64,1500,MIDRANGE PHONE
9/4/2018,2018-2019,1,P/M/A42,CREDIT,MOBILE,1,50196.42,50196.42,51196.42,51696.42,1500,FLAGSHIP PHONE
22-04-2018,2018-2019,1,P/M/A62,CREDIT,MOBILE,1,13669.64,13669.64,14669.64,15169.64,1500,MIDRANGE PHONE
10/4/2018,2018-2019,1,P/A/22,CREDIT,ACCESSORY,1,416.1,416.1,516.1,1016.1,600,CHARGER 
10/4/2018,2018-2019,1,P/A/47,DEBIT,ACCESSORY,1,1518.64,1518.64,1618.64,2118.64,600,WIRELESS HEADSET
10/4/2018,2018-2019,1,P/M/A34,CREDIT,MOBILE,1,11803.58,11803.58,12803.58,13303.58,1500,BUDGET PHONE
10/4/2018,2018-2019,1,P/M/A42,DEBIT,MOBILE,1,57339.28,57339.28,58339.28,58839.28,1500,FLAGSHIP PHONE
10/4/2018,2018-2019,1,P/M/A54,CASH,MOBILE,1,5875,5875,6375,6875,1000,BUDGET PHONE
11/4/2018,2018-2019,1,P/A/47,MOBILE PAYMENTS,ACCESSORY,2,1433.9,2867.8,1533.9,4067.8,1200,WIRELESS HEADSET
11/4/2018,2018-2019,1,P/A/51,CASH,ACCESSORY,1,331.36,331.36,431.36,931.36,600,WIRELESS HEADSET
11/4/2018,2018-2019,1,P/M/A42,MOBILE PAYMENTS,MOBILE,1,50196.42,50196.42,51196.42,51696.42,1500,FLAGSHIP PHONE
11/4/2018,2018-2019,1,P/M/A43,MOBILE PAYMENTS,MOBILE,1,60017.86,60017.86,61017.86,61517.86,1500,FLAGSHIP PHONE
12/4/2018,2018-2019,1,P/M/A34,MOBILE PAYMENTS,MOBILE,1,11446.42,11446.42,12446.42,12946.42,1500,BUDGET PHONE
12/4/2018,2018-2019,1,P/M/A43,CREDIT,MOBILE,1,56446.43,56446.43,57446.43,57946.43,1500,FLAGSHIP PHONE
12/4/2018,2018-2019,1,P/M/A61,DEBIT,MOBILE,1,7660.72,7660.72,8160.72,8660.72,1000,BUDGET PHONE
13-04-2018,2018-2019,1,P/A/17,CASH,ACCESSORY,1,585.6,585.6,685.6,1185.6,600,BATTERY
13-04-2018,2018-2019,1,P/A/21,CASH,ACCESSORY,1,408.48,408.48,508.48,1008.48,600,CHARGER 
13-04-2018,2018-2019,1,P/M/A24,MOBILE PAYMENTS,MOBILE,1,873.22,873.22,973.22,1473.22,600,BUDGET PHONE
13-04-2018,2018-2019,1,P/M/A25,MOBILE PAYMENTS,MOBILE,1,1185.72,1185.72,1285.72,1785.72,600,BUDGET PHONE
2/5/2018,2018-2019,1,P/M/A62,CREDIT,MOBILE,1,13669.64,13669.64,14669.64,15169.64,1500,MIDRANGE PHONE
13-04-2018,2018-2019,1,P/M/A34,MOBILE PAYMENTS,MOBILE,1,11446.42,11446.42,12446.42,12946.42,1500,BUDGET PHONE
13-04-2018,2018-2019,1,P/M/A54,DEBIT,MOBILE,1,5875,5875,6375,6875,1000,BUDGET PHONE
14-04-2018,2018-2019,1,P/A/48,DEBIT,ACCESSORY,1,670.34,670.34,770.34,1270.34,600,WIRELESS HEADSET
14-04-2018,2018-2019,1,P/M/A23,CASH,MOBILE,1,627.68,627.68,727.68,1227.68,600,BUDGET PHONE
14-04-2018,2018-2019,1,P/M/A24,CASH,MOBILE,1,882.14,882.14,982.14,1482.14,600,BUDGET PHONE
14-04-2018,2018-2019,1,P/M/A24,CASH,MOBILE,1,873.22,873.22,973.22,1473.22,600,BUDGET PHONE
14-04-2018,2018-2019,1,P/M/A25,CASH,MOBILE,1,1185.72,1185.72,1285.72,1785.72,600,BUDGET PHONE
14-04-2018,2018-2019,1,P/M/A43,MOBILE PAYMENTS,MOBILE,1,56446.42,56446.42,57446.42,57946.42,1500,FLAGSHIP PHONE
14-04-2018,2018-2019,1,P/M/A54,MOBILE PAYMENTS,MOBILE,1,5875,5875,6375,6875,1000,BUDGET PHONE
3/5/2018,2018-2019,1,P/M/A62,CREDIT,MOBILE,1,13669.64,13669.64,14669.64,15169.64,1500,MIDRANGE PHONE
17-06-2018,2018-2019,1,P/M/A62,CREDIT,MOBILE,1,13669.64,13669.64,14669.64,15169.64,1500,MIDRANGE PHONE
15-04-2018,2018-2019,1,P/A/17,CASH,ACCESSORY,1,585.6,585.6,685.6,1185.6,600,BATTERY
15-04-2018,2018-2019,1,P/M/A19,CASH,MOBILE,1,29741.08,29741.08,30741.08,31241.08,1500,PREMIUM MIDRANGE PHONE
15-04-2018,2018-2019,1,P/M/A24,MOBILE PAYMENTS,MOBILE,1,850.9,850.9,950.9,1450.9,600,BUDGET PHONE
15-04-2018,2018-2019,1,P/M/A26,CASH,MOBILE,1,2257.14,2257.14,2357.14,2857.14,600,BUDGET PHONE
29-06-2018,2018-2019,1,P/M/A63,DEBIT,MOBILE,1,13669.64,13669.64,14669.64,15169.64,1500,MIDRANGE PHONE
15-04-2018,2018-2019,1,P/M/A42,DEBIT,MOBILE,1,50196.42,50196.42,51196.42,51696.42,1500,FLAGSHIP PHONE
15-04-2018,2018-2019,1,P/M/A42,CREDIT,MOBILE,1,50196.42,50196.42,51196.42,51696.42,1500,FLAGSHIP PHONE
15-04-2018,2018-2019,1,P/M/A43,MOBILE PAYMENTS,MOBILE,1,56446.42,56446.42,57446.42,57946.42,1500,FLAGSHIP PHONE
16-04-2018,2018-2019,1,P/A/17,MOBILE PAYMENTS,ACCESSORY,1,585.6,585.6,685.6,1185.6,600,BATTERY
16-04-2018,2018-2019,1,P/A/22,CASH,ACCESSORY,1,416.1,416.1,516.1,1016.1,600,CHARGER 
16-04-2018,2018-2019,1,P/A/35,CASH,ACCESSORY,1,2195.76,2195.76,2295.76,2795.76,600,COVER
16-04-2018,2018-2019,1,P/M/A24,DEBIT,MOBILE,1,850.9,850.9,950.9,1450.9,600,BUDGET PHONE
16-04-2018,2018-2019,1,P/M/A42,DEBIT,MOBILE,1,50196.43,50196.43,51196.43,51696.43,1500,FLAGSHIP PHONE
16-04-2018,2018-2019,1,P/M/A43,CREDIT,MOBILE,1,60017.86,60017.86,61017.86,61517.86,1500,FLAGSHIP PHONE
16-04-2018,2018-2019,1,P/M/A61,DEBIT,MOBILE,1,7660.72,7660.72,8160.72,8660.72,1000,BUDGET PHONE
17-04-2018,2018-2019,1,P/A/17,MOBILE PAYMENTS,ACCESSORY,1,585.6,585.6,685.6,1185.6,600,BATTERY
17-04-2018,2018-2019,1,P/A/47,DEBIT,ACCESSORY,1,1941.52,1941.52,2041.52,2541.52,600,WIRELESS HEADSET
17-04-2018,2018-2019,1,P/A/48,MOBILE PAYMENTS,ACCESSORY,1,670.34,670.34,770.34,1270.34,600,WIRELESS HEADSET
17-04-2018,2018-2019,1,P/M/A53,CASH,MOBILE,1,4892.86,4892.86,5392.86,5892.86,1000,BUDGET PHONE
17-04-2018,2018-2019,1,P/M/A54,MOBILE PAYMENTS,MOBILE,1,5875,5875,6375,6875,1000,BUDGET PHONE
17-04-2018,2018-2019,1,P/M/A74,MOBILE PAYMENTS,MOBILE,1,58232.14,58232.14,59232.14,59732.14,1500,FLAGSHIP PHONE
18-04-2018,2018-2019,1,P/A/17,CASH,ACCESSORY,1,585.6,585.6,685.6,1185.6,600,BATTERY
18-04-2018,2018-2019,1,P/M/A34,CREDIT,MOBILE,1,11446.42,11446.42,12446.42,12946.42,1500,BUDGET PHONE
18-04-2018,2018-2019,1,P/M/A34,MOBILE PAYMENTS,MOBILE,1,11446.42,11446.42,12446.42,12946.42,1500,BUDGET PHONE
18-04-2018,2018-2019,1,P/M/A34,DEBIT,MOBILE,1,11803.58,11803.58,12803.58,13303.58,1500,BUDGET PHONE
18-04-2018,2018-2019,1,P/M/A34,DEBIT,MOBILE,1,11446.42,11446.42,12446.42,12946.42,1500,BUDGET PHONE
18-04-2018,2018-2019,1,P/M/A34,CREDIT,MOBILE,1,11446.42,11446.42,12446.42,12946.42,1500,BUDGET PHONE
18-04-2018,2018-2019,1,P/M/A34,CASH,MOBILE,1,11803.58,11803.58,12803.58,13303.58,1500,BUDGET PHONE
18-04-2018,2018-2019,1,P/M/A43,CREDIT,MOBILE,1,56446.43,56446.43,57446.43,57946.43,1500,FLAGSHIP PHONE
18-04-2018,2018-2019,1,P/M/A53,DEBIT,MOBILE,1,4892.86,4892.86,5392.86,5892.86,1000,BUDGET PHONE
19-04-2018,2018-2019,1,P/A/17,MOBILE PAYMENTS,ACCESSORY,1,585.6,585.6,685.6,1185.6,600,BATTERY
19-04-2018,2018-2019,1,P/A/26,DEBIT,ACCESSORY,1,2069.5,2069.5,2169.5,2669.5,600,CHARGER 
19-04-2018,2018-2019,1,P/A/28,CREDIT,ACCESSORY,1,1942.37,1942.37,2042.37,2542.37,600,CHARGER 
19-04-2018,2018-2019,1,P/M/A32,CASH,MOBILE,1,10910.72,10910.72,11910.72,12410.72,1500,BUDGET PHONE
19-04-2018,2018-2019,1,P/M/A40,CREDIT,MOBILE,1,43133.93,43133.93,44133.93,44633.93,1500,PREMIUM MIDRANGE PHONE
19-04-2018,2018-2019,1,P/M/A43,DEBIT,MOBILE,1,63589.28,63589.28,64589.28,65089.28,1500,FLAGSHIP PHONE
19-04-2018,2018-2019,1,P/M/A61,CREDIT,MOBILE,1,7928.58,7928.58,8428.58,8928.58,1000,BUDGET PHONE
20-04-2018,2018-2019,1,P/M/A31,MOBILE PAYMENTS,MOBILE,1,9205.36,9205.36,10205.36,10705.36,1500,BUDGET PHONE
20-04-2018,2018-2019,1,P/M/A43,CREDIT,MOBILE,1,60017.86,60017.86,61017.86,61517.86,1500,FLAGSHIP PHONE
20-04-2018,2018-2019,1,P/M/A43,MOBILE PAYMENTS,MOBILE,1,60017.86,60017.86,61017.86,61517.86,1500,FLAGSHIP PHONE
20-04-2018,2018-2019,1,P/M/A43,MOBILE PAYMENTS,MOBILE,1,60017.86,60017.86,61017.86,61517.86,1500,FLAGSHIP PHONE
20-04-2018,2018-2019,1,P/M/A61,CASH,MOBILE,1,7660.72,7660.72,8160.72,8660.72,1000,BUDGET PHONE
21-04-2018,2018-2019,1,P/A/15,MOBILE PAYMENTS,ACCESSORY,1,414.84,414.84,514.84,1014.84,600,BATTERY
21-04-2018,2018-2019,1,P/A/17,CREDIT,ACCESSORY,1,585.6,585.6,685.6,1185.6,600,BATTERY
21-04-2018,2018-2019,1,P/A/33,CASH,ACCESSORY,1,332.2,332.2,432.2,932.2,600,COVER
21-04-2018,2018-2019,1,P/A/47,MOBILE PAYMENTS,ACCESSORY,1,1688.14,1688.14,1788.14,2288.14,600,WIRELESS HEADSET
21-04-2018,2018-2019,1,P/M/A26,MOBILE PAYMENTS,MOBILE,1,2279.46,2279.46,2379.46,2879.46,600,BUDGET PHONE
21-04-2018,2018-2019,1,P/M/A40,DEBIT,MOBILE,1,43133.93,43133.93,44133.93,44633.93,1500,PREMIUM MIDRANGE PHONE
21-04-2018,2018-2019,1,P/M/A61,CREDIT,MOBILE,1,7660.72,7660.72,8160.72,8660.72,1000,BUDGET PHONE
22-04-2018,2018-2019,1,P/A/17,CASH,ACCESSORY,1,585.6,585.6,685.6,1185.6,600,BATTERY
22-04-2018,2018-2019,1,P/A/36,DEBIT,ACCESSORY,1,1942.38,1942.38,2042.38,2542.38,600,COVER
22-04-2018,2018-2019,1,P/M/A25,MOBILE PAYMENTS,MOBILE,1,1230.36,1230.36,1330.36,1830.36,600,BUDGET PHONE
22-04-2018,2018-2019,1,P/M/A34,DEBIT,MOBILE,1,11803.58,11803.58,12803.58,13303.58,1500,BUDGET PHONE
22-04-2018,2018-2019,1,P/M/A34,DEBIT,MOBILE,1,11803.58,11803.58,12803.58,13303.58,1500,BUDGET PHONE
22-04-2018,2018-2019,1,P/M/A40,DEBIT,MOBILE,1,43133.93,43133.93,44133.93,44633.93,1500,PREMIUM MIDRANGE PHONE
22-04-2018,2018-2019,1,P/M/A40,DEBIT,MOBILE,1,39562.5,39562.5,40562.5,41062.5,1500,PREMIUM MIDRANGE PHONE
22-04-2018,2018-2019,1,P/M/A43,MOBILE PAYMENTS,MOBILE,1,60017.86,60017.86,61017.86,61517.86,1500,FLAGSHIP PHONE
22-04-2018,2018-2019,1,P/M/A61,CREDIT,MOBILE,1,7660.72,7660.72,8160.72,8660.72,1000,BUDGET PHONE
23-04-2018,2018-2019,1,P/M/A29,MOBILE PAYMENTS,MOBILE,1,471.42,471.42,571.42,1071.42,600,BUDGET PHONE
23-04-2018,2018-2019,1,P/M/A31,CASH,MOBILE,1,9205.36,9205.36,10205.36,10705.36,1500,BUDGET PHONE
23-04-2018,2018-2019,1,P/M/A33,MOBILE PAYMENTS,MOBILE,1,10991.08,10991.08,11991.08,12491.08,1500,BUDGET PHONE
23-04-2018,2018-2019,1,P/M/A40,CASH,MOBILE,1,43133.93,43133.93,44133.93,44633.93,1500,PREMIUM MIDRANGE PHONE
24-04-2018,2018-2019,1,P/A/17,CASH,ACCESSORY,1,585.6,585.6,685.6,1185.6,600,BATTERY
24-04-2018,2018-2019,1,P/A/21,CASH,ACCESSORY,1,408.48,408.48,508.48,1008.48,600,CHARGER 
24-04-2018,2018-2019,1,P/M/A25,MOBILE PAYMENTS,MOBILE,1,1266.08,1266.08,1366.08,1866.08,600,BUDGET PHONE
24-04-2018,2018-2019,1,P/M/A34,MOBILE PAYMENTS,MOBILE,1,11803.58,11803.58,12803.58,13303.58,1500,BUDGET PHONE
25-04-2018,2018-2019,1,P/A/35,MOBILE PAYMENTS,ACCESSORY,1,1188.14,1188.14,1288.14,1788.14,600,COVER
25-04-2018,2018-2019,1,P/M/A42,DEBIT,MOBILE,1,50196.42,50196.42,51196.42,51696.42,1500,FLAGSHIP PHONE
25-04-2018,2018-2019,1,P/M/A43,DEBIT,MOBILE,1,56446.42,56446.42,57446.42,57946.42,1500,FLAGSHIP PHONE
26-04-2018,2018-2019,1,P/A/47,DEBIT,ACCESSORY,1,1518.64,1518.64,1618.64,2118.64,600,WIRELESS HEADSET
26-04-2018,2018-2019,1,P/A/47,MOBILE PAYMENTS,ACCESSORY,1,1518.64,1518.64,1618.64,2118.64,600,WIRELESS HEADSET
26-04-2018,2018-2019,1,P/M/A74,DEBIT,MOBILE,1,58232.14,58232.14,59232.14,59732.14,1500,FLAGSHIP PHONE
27-04-2018,2018-2019,1,P/A/47,CASH,ACCESSORY,1,1349.16,1349.16,1449.16,1949.16,600,WIRELESS HEADSET
27-04-2018,2018-2019,1,P/M/A33,MOBILE PAYMENTS,MOBILE,1,10991.08,10991.08,11991.08,12491.08,1500,BUDGET PHONE
27-04-2018,2018-2019,1,P/M/A33,CREDIT,MOBILE,1,10991.08,10991.08,11991.08,12491.08,1500,BUDGET PHONE
27-04-2018,2018-2019,1,P/M/A43,MOBILE PAYMENTS,MOBILE,1,56446.42,56446.42,57446.42,57946.42,1500,FLAGSHIP PHONE
27-04-2018,2018-2019,1,P/M/A43,CREDIT,MOBILE,1,56446.42,56446.42,57446.42,57946.42,1500,FLAGSHIP PHONE
27-04-2018,2018-2019,1,P/M/A61,MOBILE PAYMENTS,MOBILE,1,9205.36,9205.36,10205.36,10705.36,1500,BUDGET PHONE
28-04-2018,2018-2019,1,P/M/A23,DEBIT,MOBILE,1,650,650,750,1250,600,BUDGET PHONE
28-04-2018,2018-2019,1,P/M/A33,MOBILE PAYMENTS,MOBILE,1,10991.08,10991.08,11991.08,12491.08,1500,BUDGET PHONE
28-04-2018,2018-2019,1,P/M/A40,CASH,MOBILE,1,39562.5,39562.5,40562.5,41062.5,1500,PREMIUM MIDRANGE PHONE
28-04-2018,2018-2019,1,P/M/A54,CASH,MOBILE,1,5875,5875,6375,6875,1000,BUDGET PHONE
29-04-2018,2018-2019,1,P/A/21,DEBIT,ACCESSORY,1,416.94,416.94,516.94,1016.94,600,CHARGER 
29-04-2018,2018-2019,1,P/A/22,DEBIT,ACCESSORY,1,416.1,416.1,516.1,1016.1,600,CHARGER 
29-04-2018,2018-2019,1,P/M/A42,MOBILE PAYMENTS,MOBILE,1,50196.42,50196.42,51196.42,51696.42,1500,FLAGSHIP PHONE
29-04-2018,2018-2019,1,P/M/A43,MOBILE PAYMENTS,MOBILE,1,56446.42,56446.42,57446.42,57946.42,1500,FLAGSHIP PHONE
29-04-2018,2018-2019,1,P/M/A54,MOBILE PAYMENTS,MOBILE,1,5875,5875,6375,6875,1000,BUDGET PHONE
30-04-2018,2018-2019,1,P/A/17,MOBILE PAYMENTS,ACCESSORY,1,585.6,585.6,685.6,1185.6,600,BATTERY
30-04-2018,2018-2019,1,P/M/A42,CREDIT,MOBILE,1,53767.86,53767.86,54767.86,55267.86,1500,FLAGSHIP PHONE
30-04-2018,2018-2019,1,P/M/A43,MOBILE PAYMENTS,MOBILE,1,60017.86,60017.86,61017.86,61517.86,1500,FLAGSHIP PHONE
1/5/2018,2018-2019,1,P/A/17,DEBIT,ACCESSORY,1,585.6,585.6,685.6,1185.6,600,BATTERY
1/5/2018,2018-2019,1,P/M/A34,CREDIT,MOBILE,1,11803.58,11803.58,12803.58,13303.58,1500,BUDGET PHONE
2/5/2018,2018-2019,1,P/A/36,CASH,ACCESSORY,1,1942.38,1942.38,2042.38,2542.38,600,COVER
3/5/2018,2018-2019,1,P/A/12,MOBILE PAYMENTS,ACCESSORY,1,453.9,453.9,553.9,1053.9,600,BATTERY
3/5/2018,2018-2019,1,P/M/A34,CREDIT,MOBILE,1,11803.58,11803.58,12803.58,13303.58,1500,BUDGET PHONE
3/5/2018,2018-2019,1,P/M/A55,CASH,MOBILE,1,6312.5,6312.5,6812.5,7312.5,1000,BUDGET PHONE
4/5/2018,2018-2019,1,P/M/A34,DEBIT,MOBILE,1,11803.58,11803.58,12803.58,13303.58,1500,BUDGET PHONE
4/5/2018,2018-2019,1,P/M/A43,DEBIT,MOBILE,1,60017.86,60017.86,61017.86,61517.86,1500,FLAGSHIP PHONE
5/5/2018,2018-2019,1,P/A/17,DEBIT,ACCESSORY,1,585.6,585.6,685.6,1185.6,600,BATTERY
5/5/2018,2018-2019,1,P/A/35,DEBIT,ACCESSORY,1,1518.64,1518.64,1618.64,2118.64,600,COVER
5/5/2018,2018-2019,1,P/M/A43,CREDIT,MOBILE,1,56446.42,56446.42,57446.42,57946.42,1500,FLAGSHIP PHONE
5/5/2018,2018-2019,1,P/M/A53,MOBILE PAYMENTS,MOBILE,1,4892.86,4892.86,5392.86,5892.86,1000,BUDGET PHONE
6/5/2018,2018-2019,1,P/A/35,MOBILE PAYMENTS,ACCESSORY,1,1688.14,1688.14,1788.14,2288.14,600,COVER
6/5/2018,2018-2019,1,P/A/48,CREDIT,ACCESSORY,1,670.34,670.34,770.34,1270.34,600,WIRELESS HEADSET
6/5/2018,2018-2019,1,P/A/9,CASH,ACCESSORY,1,17983.06,17983.06,18983.06,19483.06,1500,GALAXY WATCH
6/5/2018,2018-2019,1,P/M/A34,MOBILE PAYMENTS,MOBILE,1,11803.58,11803.58,12803.58,13303.58,1500,BUDGET PHONE
6/5/2018,2018-2019,1,P/M/A42,DEBIT,MOBILE,1,50196.42,50196.42,51196.42,51696.42,1500,FLAGSHIP PHONE
6/5/2018,2018-2019,1,P/M/A61,MOBILE PAYMENTS,MOBILE,1,9214.28,9214.28,10214.28,10714.28,1500,BUDGET PHONE
7/5/2018,2018-2019,1,P/A/35,MOBILE PAYMENTS,ACCESSORY,1,1518.64,1518.64,1618.64,2118.64,600,COVER
7/5/2018,2018-2019,1,P/A/47,CASH,ACCESSORY,1,1518.64,1518.64,1618.64,2118.64,600,WIRELESS HEADSET
7/5/2018,2018-2019,1,P/A/47,CASH,ACCESSORY,1,1518.64,1518.64,1618.64,2118.64,600,WIRELESS HEADSET
7/5/2018,2018-2019,1,P/M/A40,CREDIT,MOBILE,1,39562.5,39562.5,40562.5,41062.5,1500,PREMIUM MIDRANGE PHONE
8/5/2018,2018-2019,1,P/A/17,CASH,ACCESSORY,1,585.6,585.6,685.6,1185.6,600,BATTERY
8/5/2018,2018-2019,1,P/A/22,DEBIT,ACCESSORY,1,416.1,416.1,516.1,1016.1,600,CHARGER 
8/5/2018,2018-2019,1,P/A/35,MOBILE PAYMENTS,ACCESSORY,1,1738.98,1738.98,1838.98,2338.98,600,COVER
8/5/2018,2018-2019,1,P/A/35,CASH,ACCESSORY,1,2195.76,2195.76,2295.76,2795.76,600,COVER
8/5/2018,2018-2019,1,P/M/A33,CASH,MOBILE,1,10991.08,10991.08,11991.08,12491.08,1500,BUDGET PHONE
8/5/2018,2018-2019,1,P/M/A43,MOBILE PAYMENTS,MOBILE,1,63589.28,63589.28,64589.28,65089.28,1500,FLAGSHIP PHONE
8/5/2018,2018-2019,1,P/M/A53,MOBILE PAYMENTS,MOBILE,1,4892.86,4892.86,5392.86,5892.86,1000,BUDGET PHONE
8/5/2018,2018-2019,1,P/M/A74,DEBIT,MOBILE,1,58232.14,58232.14,59232.14,59732.14,1500,FLAGSHIP PHONE
9/5/2018,2018-2019,1,P/M/A40,CREDIT,MOBILE,1,43133.92,43133.92,44133.92,44633.92,1500,PREMIUM MIDRANGE PHONE
9/5/2018,2018-2019,1,P/M/A62,DEBIT,MOBILE,1,12361.6,12361.6,13361.6,13861.6,1500,BUDGET PHONE
9/5/2018,2018-2019,1,P/T/S3,MOBILE PAYMENTS,TABLET,4,11211.86,44847.44,12211.86,50847.46,6000,BUDGET TABLET
9/5/2018,2018-2019,1,P/T/S3,DEBIT,TABLET,11,11211.86,123330.46,12211.86,139830.51,16500,BUDGET TABLET
10/5/2018,2018-2019,1,P/A/48,CREDIT,ACCESSORY,1,670.34,670.34,770.34,1270.34,600,WIRELESS HEADSET
10/5/2018,2018-2019,1,P/M/A31,CREDIT,MOBILE,1,9125,9125,10125,10625,1500,BUDGET PHONE
10/5/2018,2018-2019,1,P/M/A43,MOBILE PAYMENTS,MOBILE,1,56446.42,56446.42,57446.42,57946.42,1500,FLAGSHIP PHONE
11/5/2018,2018-2019,1,P/A/47,DEBIT,ACCESSORY,1,1603.38,1603.38,1703.38,2203.38,600,WIRELESS HEADSET
11/5/2018,2018-2019,1,P/M/A54,CREDIT,MOBILE,1,5875,5875,6375,6875,1000,BUDGET PHONE
12/5/2018,2018-2019,1,P/M/A42,DEBIT,MOBILE,1,50196.42,50196.42,51196.42,51696.42,1500,FLAGSHIP PHONE
12/5/2018,2018-2019,1,P/M/A55,DEBIT,MOBILE,1,6312.5,6312.5,6812.5,7312.5,1000,BUDGET PHONE
13-05-2018,2018-2019,1,P/A/17,MOBILE PAYMENTS,ACCESSORY,1,585.6,585.6,685.6,1185.6,600,BATTERY
13-05-2018,2018-2019,1,P/M/A61,CASH,MOBILE,1,9205.36,9205.36,10205.36,10705.36,1500,BUDGET PHONE
14-05-2018,2018-2019,1,P/A/17,DEBIT,ACCESSORY,1,585.6,585.6,685.6,1185.6,600,BATTERY
14-05-2018,2018-2019,1,P/A/35,DEBIT,ACCESSORY,1,2195.76,2195.76,2295.76,2795.76,600,COVER
14-05-2018,2018-2019,1,P/M/A61,DEBIT,MOBILE,1,7660.71,7660.71,8160.71,8660.71,1000,BUDGET PHONE
14-05-2018,2018-2019,1,P/M/A74,CREDIT,MOBILE,1,58232.14,58232.14,59232.14,59732.14,1500,FLAGSHIP PHONE
15-05-2018,2018-2019,1,P/M/A23,CASH,MOBILE,1,583.04,583.04,683.04,1183.04,600,BUDGET PHONE
15-05-2018,2018-2019,1,P/M/A29,CASH,MOBILE,1,426.78,426.78,526.78,1026.78,600,BUDGET PHONE
15-05-2018,2018-2019,1,P/M/A40,CASH,MOBILE,1,39562.5,39562.5,40562.5,41062.5,1500,PREMIUM MIDRANGE PHONE
15-05-2018,2018-2019,1,P/M/A61,MOBILE PAYMENTS,MOBILE,1,7660.72,7660.72,8160.72,8660.72,1000,BUDGET PHONE
16-05-2018,2018-2019,1,P/A/35,CREDIT,ACCESSORY,1,1857.62,1857.62,1957.62,2457.62,600,COVER
16-05-2018,2018-2019,1,P/M/A24,DEBIT,MOBILE,1,873.22,873.22,973.22,1473.22,600,BUDGET PHONE
16-05-2018,2018-2019,1,P/M/A40,CASH,MOBILE,1,39562.5,39562.5,40562.5,41062.5,1500,PREMIUM MIDRANGE PHONE
16-05-2018,2018-2019,1,P/M/A55,CREDIT,MOBILE,1,6312.5,6312.5,6812.5,7312.5,1000,BUDGET PHONE
16-05-2018,2018-2019,1,P/M/A74,DEBIT,MOBILE,1,58232.14,58232.14,59232.14,59732.14,1500,FLAGSHIP PHONE
17-05-2018,2018-2019,1,P/M/A33,DEBIT,MOBILE,1,10991.08,10991.08,11991.08,12491.08,1500,BUDGET PHONE
17-05-2018,2018-2019,1,P/M/A43,DEBIT,MOBILE,1,60017.86,60017.86,61017.86,61517.86,1500,FLAGSHIP PHONE
18-05-2018,2018-2019,1,P/A/35,CASH,ACCESSORY,1,2195.76,2195.76,2295.76,2795.76,600,COVER
18-05-2018,2018-2019,1,P/M/A29,DEBIT,MOBILE,1,471.42,471.42,571.42,1071.42,600,BUDGET PHONE
18-05-2018,2018-2019,1,P/M/A40,CASH,MOBILE,1,39562.5,39562.5,40562.5,41062.5,1500,PREMIUM MIDRANGE PHONE
18-05-2018,2018-2019,1,P/M/A42,MOBILE PAYMENTS,MOBILE,1,50196.42,50196.42,51196.42,51696.42,1500,FLAGSHIP PHONE
18-05-2018,2018-2019,1,P/M/A42,DEBIT,MOBILE,1,50196.42,50196.42,51196.42,51696.42,1500,FLAGSHIP PHONE
18-05-2018,2018-2019,1,P/M/A61,MOBILE PAYMENTS,MOBILE,1,9214.28,9214.28,10214.28,10714.28,1500,BUDGET PHONE
19-05-2018,2018-2019,1,P/A/22,MOBILE PAYMENTS,ACCESSORY,1,332.2,332.2,432.2,932.2,600,CHARGER 
19-05-2018,2018-2019,1,P/A/47,CREDIT,ACCESSORY,1,1603.38,1603.38,1703.38,2203.38,600,WIRELESS HEADSET
19-05-2018,2018-2019,1,P/M/A34,DEBIT,MOBILE,1,11803.58,11803.58,12803.58,13303.58,1500,BUDGET PHONE
19-05-2018,2018-2019,1,P/M/A42,DEBIT,MOBILE,1,50196.42,50196.42,51196.42,51696.42,1500,FLAGSHIP PHONE
19-05-2018,2018-2019,1,P/M/A55,CASH,MOBILE,1,6312.5,6312.5,6812.5,7312.5,1000,BUDGET PHONE
19-05-2018,2018-2019,1,P/M/A62,DEBIT,MOBILE,1,13232.14,13232.14,14232.14,14732.14,1500,BUDGET PHONE
20-05-2018,2018-2019,1,P/A/17,MOBILE PAYMENTS,ACCESSORY,1,585.6,585.6,685.6,1185.6,600,BATTERY
20-05-2018,2018-2019,1,P/A/17,CASH,ACCESSORY,1,585.6,585.6,685.6,1185.6,600,BATTERY
20-05-2018,2018-2019,1,P/A/18,CASH,ACCESSORY,1,585.6,585.6,685.6,1185.6,600,BATTERY
20-05-2018,2018-2019,1,P/M/A25,CREDIT,MOBILE,1,1185.72,1185.72,1285.72,1785.72,600,BUDGET PHONE
20-05-2018,2018-2019,1,P/M/A29,CREDIT,MOBILE,30,310.71,9321.3,410.71,27321.42,18000,BUDGET PHONE
20-05-2018,2018-2019,1,P/M/A38,MOBILE PAYMENTS,MOBILE,1,37250,37250,38250,38750,1500,PREMIUM MIDRANGE PHONE
20-05-2018,2018-2019,1,P/M/A61,MOBILE PAYMENTS,MOBILE,1,7660.72,7660.72,8160.72,8660.72,1000,BUDGET PHONE
22-05-2018,2018-2019,1,P/A/18,MOBILE PAYMENTS,ACCESSORY,1,585.6,585.6,685.6,1185.6,600,BATTERY
22-05-2018,2018-2019,1,P/A/18,CREDIT,ACCESSORY,1,585.6,585.6,685.6,1185.6,600,BATTERY
22-05-2018,2018-2019,1,P/A/35,MOBILE PAYMENTS,ACCESSORY,1,1738.98,1738.98,1838.98,2338.98,600,COVER
22-05-2018,2018-2019,1,P/A/35,CREDIT,ACCESSORY,1,1518.64,1518.64,1618.64,2118.64,600,COVER
22-05-2018,2018-2019,1,P/M/A24,DEBIT,MOBILE,1,850.9,850.9,950.9,1450.9,600,BUDGET PHONE
23-05-2018,2018-2019,1,P/A/18,MOBILE PAYMENTS,ACCESSORY,1,585.6,585.6,685.6,1185.6,600,BATTERY
23-05-2018,2018-2019,1,P/A/7,MOBILE PAYMENTS,ACCESSORY,1,4084.74,4084.74,4584.74,5084.74,1000,GALAXY WATCH
23-05-2018,2018-2019,1,P/M/A33,CREDIT,MOBILE,1,10098.22,10098.22,11098.22,11598.22,1500,BUDGET PHONE
23-05-2018,2018-2019,1,P/M/A33,DEBIT,MOBILE,1,10098.22,10098.22,11098.22,11598.22,1500,BUDGET PHONE
23-05-2018,2018-2019,1,P/M/A54,MOBILE PAYMENTS,MOBILE,1,5875,5875,6375,6875,1000,BUDGET PHONE
23-05-2018,2018-2019,1,P/M/A59,MOBILE PAYMENTS,MOBILE,1,11000,11000,12000,12500,1500,BUDGET PHONE
25-05-2018,2018-2019,1,P/M/A23,CREDIT,MOBILE,1,650,650,750,1250,600,BUDGET PHONE
25-05-2018,2018-2019,1,P/M/A34,CASH,MOBILE,1,11803.58,11803.58,12803.58,13303.58,1500,BUDGET PHONE
25-05-2018,2018-2019,1,P/M/A40,DEBIT,MOBILE,1,39562.5,39562.5,40562.5,41062.5,1500,PREMIUM MIDRANGE PHONE
25-05-2018,2018-2019,1,P/M/A61,CREDIT,MOBILE,1,7660.72,7660.72,8160.72,8660.72,1000,BUDGET PHONE
26-05-2018,2018-2019,1,P/M/A53,DEBIT,MOBILE,1,4526.78,4526.78,5026.78,5526.78,1000,BUDGET PHONE
27-05-2018,2018-2019,1,P/A/18,CASH,ACCESSORY,1,585.6,585.6,685.6,1185.6,600,BATTERY
27-05-2018,2018-2019,1,P/M/A34,CREDIT,MOBILE,1,11803.58,11803.58,12803.58,13303.58,1500,BUDGET PHONE
28-05-2018,2018-2019,1,P/A/35,CASH,ACCESSORY,1,1645.76,1645.76,1745.76,2245.76,600,COVER
28-05-2018,2018-2019,1,P/A/35,MOBILE PAYMENTS,ACCESSORY,1,1518.64,1518.64,1618.64,2118.64,600,COVER
28-05-2018,2018-2019,1,P/A/38,DEBIT,ACCESSORY,1,1942.38,1942.38,2042.38,2542.38,600,COVER
28-05-2018,2018-2019,1,P/M/A34,CREDIT,MOBILE,1,11803.58,11803.58,12803.58,13303.58,1500,BUDGET PHONE
28-05-2018,2018-2019,1,P/M/A59,MOBILE PAYMENTS,MOBILE,1,11000,11000,12000,12500,1500,BUDGET PHONE
28-05-2018,2018-2019,1,P/M/A59,CASH,MOBILE,1,11000,11000,12000,12500,1500,BUDGET PHONE
28-05-2018,2018-2019,1,P/M/A62,CREDIT,MOBILE,1,13232.14,13232.14,14232.14,14732.14,1500,BUDGET PHONE
29-05-2018,2018-2019,1,P/M/A19,DEBIT,MOBILE,1,29741.08,29741.08,30741.08,31241.08,1500,PREMIUM MIDRANGE PHONE
29-05-2018,2018-2019,1,P/M/A42,DEBIT,MOBILE,1,50196.42,50196.42,51196.42,51696.42,1500,FLAGSHIP PHONE
30-05-2018,2018-2019,1,P/M/A24,CREDIT,MOBILE,1,873.22,873.22,973.22,1473.22,600,BUDGET PHONE
30-05-2018,2018-2019,1,P/M/A42,MOBILE PAYMENTS,MOBILE,1,50196.42,50196.42,51196.42,51696.42,1500,FLAGSHIP PHONE
30-05-2018,2018-2019,1,P/M/A43,MOBILE PAYMENTS,MOBILE,1,56446.42,56446.42,57446.42,57946.42,1500,FLAGSHIP PHONE
30-05-2018,2018-2019,1,P/M/A59,DEBIT,MOBILE,1,13232.14,13232.14,14232.14,14732.14,1500,BUDGET PHONE
30-05-2018,2018-2019,1,P/M/A62,DEBIT,MOBILE,1,13232.14,13232.14,14232.14,14732.14,1500,BUDGET PHONE
31-05-2018,2018-2019,1,P/M/A25,MOBILE PAYMENTS,MOBILE,1,1185.72,1185.72,1285.72,1785.72,600,BUDGET PHONE
5/4/2019,2019-2020,1,P/M/A7,DEBIT,MOBILE,1,13669.64,13669.64,14669.64,15169.64,1500,MIDRANGE PHONE
31-05-2018,2018-2019,1,P/M/A33,MOBILE PAYMENTS,MOBILE,1,10991.08,10991.08,11991.08,12491.08,1500,BUDGET PHONE
31-05-2018,2018-2019,1,P/M/A43,CREDIT,MOBILE,1,56446.42,56446.42,57446.42,57946.42,1500,FLAGSHIP PHONE
1/6/2018,2018-2019,1,P/A/38,CREDIT,ACCESSORY,1,2027.12,2027.12,2127.12,2627.12,600,COVER
1/6/2018,2018-2019,1,P/A/47,CREDIT,ACCESSORY,1,1518.64,1518.64,1618.64,2118.64,600,WIRELESS HEADSET
2/6/2018,2018-2019,1,P/A/35,CREDIT,ACCESSORY,1,2195.76,2195.76,2295.76,2795.76,600,COVER
7/4/2019,2019-2020,1,P/M/A7,MOBILE PAYMENTS,MOBILE,1,13669.64,13669.64,14669.64,15169.64,1500,MIDRANGE PHONE
2/6/2018,2018-2019,1,P/M/A24,CREDIT,MOBILE,1,873.22,873.22,973.22,1473.22,600,BUDGET PHONE
2/6/2018,2018-2019,1,P/M/A40,CASH,MOBILE,1,39562.5,39562.5,40562.5,41062.5,1500,PREMIUM MIDRANGE PHONE
2/6/2018,2018-2019,1,P/M/A40,CASH,MOBILE,1,39562.5,39562.5,40562.5,41062.5,1500,PREMIUM MIDRANGE PHONE
2/6/2018,2018-2019,1,P/M/A53,DEBIT,MOBILE,1,4535.72,4535.72,5035.72,5535.72,1000,BUDGET PHONE
2/6/2018,2018-2019,1,P/M/A59,CREDIT,MOBILE,1,11000,11000,12000,12500,1500,BUDGET PHONE
2/6/2018,2018-2019,1,P/M/A59,CASH,MOBILE,1,11000,11000,12000,12500,1500,BUDGET PHONE
3/6/2018,2018-2019,1,P/A/22,MOBILE PAYMENTS,ACCESSORY,1,416.1,416.1,516.1,1016.1,600,CHARGER 
12/4/2019,2019-2020,1,P/M/A7,CREDIT,MOBILE,1,13669.64,13669.64,14669.64,15169.64,1500,MIDRANGE PHONE
20-04-2019,2019-2020,1,P/M/A7,MOBILE PAYMENTS,MOBILE,1,13669.64,13669.64,14669.64,15169.64,1500,MIDRANGE PHONE
3/6/2018,2018-2019,1,P/M/A43,DEBIT,MOBILE,1,56446.42,56446.42,57446.42,57946.42,1500,FLAGSHIP PHONE
3/6/2018,2018-2019,1,P/M/A61,CREDIT,MOBILE,1,7660.72,7660.72,8160.72,8660.72,1000,BUDGET PHONE
21-04-2019,2019-2020,1,P/M/A7,MOBILE PAYMENTS,MOBILE,1,13669.64,13669.64,14669.64,15169.64,1500,MIDRANGE PHONE
4/6/2018,2018-2019,1,P/M/A42,CREDIT,MOBILE,1,50196.42,50196.42,51196.42,51696.42,1500,FLAGSHIP PHONE
4/6/2018,2018-2019,1,P/M/A42,DEBIT,MOBILE,1,50196.43,50196.43,51196.43,51696.43,1500,FLAGSHIP PHONE
5/6/2018,2018-2019,1,P/A/9,DEBIT,ACCESSORY,1,17983.06,17983.06,18983.06,19483.06,1500,GALAXY WATCH
5/6/2018,2018-2019,1,P/M/A55,MOBILE PAYMENTS,MOBILE,1,5875,5875,6375,6875,1000,BUDGET PHONE
5/6/2018,2018-2019,1,P/M/A55,DEBIT,MOBILE,1,5875,5875,6375,6875,1000,BUDGET PHONE
5/6/2018,2018-2019,1,P/M/A59,MOBILE PAYMENTS,MOBILE,1,11000,11000,12000,12500,1500,BUDGET PHONE
5/6/2018,2018-2019,1,P/M/A59,CREDIT,MOBILE,1,13232.14,13232.14,14232.14,14732.14,1500,BUDGET PHONE
5/6/2018,2018-2019,1,P/M/A59,DEBIT,MOBILE,1,13232.14,13232.14,14232.14,14732.14,1500,BUDGET PHONE
21-04-2019,2019-2020,1,P/M/A7,CREDIT,MOBILE,1,13669.64,13669.64,14669.64,15169.64,1500,MIDRANGE PHONE
24-04-2019,2019-2020,1,P/M/A7,MOBILE PAYMENTS,MOBILE,1,13669.64,13669.64,14669.64,15169.64,1500,MIDRANGE PHONE
6/6/2018,2018-2019,1,P/A/9,MOBILE PAYMENTS,ACCESSORY,1,17983.06,17983.06,18983.06,19483.06,1500,GALAXY WATCH
6/6/2018,2018-2019,1,P/A/9,MOBILE PAYMENTS,ACCESSORY,1,17983.06,17983.06,18983.06,19483.06,1500,GALAXY WATCH
6/6/2018,2018-2019,1,P/M/A40,CREDIT,MOBILE,1,39562.5,39562.5,40562.5,41062.5,1500,PREMIUM MIDRANGE PHONE
6/6/2018,2018-2019,1,P/M/A43,CREDIT,MOBILE,1,56446.42,56446.42,57446.42,57946.42,1500,FLAGSHIP PHONE
6/6/2018,2018-2019,1,P/M/A55,CREDIT,MOBILE,1,5875,5875,6375,6875,1000,BUDGET PHONE
6/6/2018,2018-2019,1,P/M/A59,CASH,MOBILE,1,10991.08,10991.08,11991.08,12491.08,1500,BUDGET PHONE
7/6/2018,2018-2019,1,P/A/35,CASH,ACCESSORY,1,1941.52,1941.52,2041.52,2541.52,600,COVER
28-04-2019,2019-2020,1,P/M/A7,CREDIT,MOBILE,1,13669.64,13669.64,14669.64,15169.64,1500,MIDRANGE PHONE
5/5/2019,2019-2020,1,P/M/A7,CREDIT,MOBILE,1,13669.64,13669.64,14669.64,15169.64,1500,MIDRANGE PHONE
8/6/2018,2018-2019,1,P/A/48,CASH,ACCESSORY,1,670.34,670.34,770.34,1270.34,600,WIRELESS HEADSET
8/6/2018,2018-2019,1,P/M/A34,MOBILE PAYMENTS,MOBILE,1,11803.58,11803.58,12803.58,13303.58,1500,BUDGET PHONE
9/6/2018,2018-2019,1,P/M/A32,MOBILE PAYMENTS,MOBILE,1,12339.28,12339.28,13339.28,13839.28,1500,BUDGET PHONE
9/6/2018,2018-2019,1,P/M/A40,CASH,MOBILE,1,39562.5,39562.5,40562.5,41062.5,1500,PREMIUM MIDRANGE PHONE
9/6/2018,2018-2019,1,P/M/A55,CREDIT,MOBILE,1,5875,5875,6375,6875,1000,BUDGET PHONE
10/6/2018,2018-2019,1,P/M/A22,MOBILE PAYMENTS,MOBILE,1,28848.22,28848.22,29848.22,30348.22,1500,PREMIUM MIDRANGE PHONE
10/6/2018,2018-2019,1,P/M/A42,CREDIT,MOBILE,1,53767.86,53767.86,54767.86,55267.86,1500,FLAGSHIP PHONE
11/6/2018,2018-2019,1,P/M/A24,MOBILE PAYMENTS,MOBILE,1,828.58,828.58,928.58,1428.58,600,BUDGET PHONE
11/6/2018,2018-2019,1,P/M/A55,CREDIT,MOBILE,1,5696.42,5696.42,6196.42,6696.42,1000,BUDGET PHONE
11/6/2018,2018-2019,1,P/M/A59,DEBIT,MOBILE,1,10991.08,10991.08,11991.08,12491.08,1500,BUDGET PHONE
12/6/2018,2018-2019,1,P/A/18,CREDIT,ACCESSORY,1,585.6,585.6,685.6,1185.6,600,BATTERY
12/6/2018,2018-2019,1,P/A/35,CREDIT,ACCESSORY,1,1688.14,1688.14,1788.14,2288.14,600,COVER
12/5/2019,2019-2020,1,P/M/A7,CASH,MOBILE,1,13669.64,13669.64,14669.64,15169.64,1500,MIDRANGE PHONE
12/6/2018,2018-2019,1,P/M/A59,CREDIT,MOBILE,1,13223.22,13223.22,14223.22,14723.22,1500,BUDGET PHONE
12/6/2018,2018-2019,1,P/M/A62,CASH,MOBILE,1,13232.14,13232.14,14232.14,14732.14,1500,BUDGET PHONE
12/6/2018,2018-2019,1,P/M/A63,MOBILE PAYMENTS,MOBILE,5,11089.29,55446.45,12089.29,62946.43,7500,BUDGET PHONE
13-06-2018,2018-2019,1,P/A/22,MOBILE PAYMENTS,ACCESSORY,1,416.1,416.1,516.1,1016.1,600,CHARGER 
17-05-2019,2019-2020,1,P/M/A7,CASH,MOBILE,1,13669.64,13669.64,14669.64,15169.64,1500,MIDRANGE PHONE
13-06-2018,2018-2019,1,P/M/A23,CASH,MOBILE,1,650,650,750,1250,600,BUDGET PHONE
24-05-2019,2019-2020,1,P/M/A7,CREDIT,MOBILE,1,13669.64,13669.64,14669.64,15169.64,1500,MIDRANGE PHONE
13-06-2018,2018-2019,1,P/M/A43,MOBILE PAYMENTS,MOBILE,1,56446.42,56446.42,57446.42,57946.42,1500,FLAGSHIP PHONE
14-06-2018,2018-2019,1,P/A/35,CREDIT,ACCESSORY,1,1688.14,1688.14,1788.14,2288.14,600,COVER
25-05-2019,2019-2020,1,P/M/A7,MOBILE PAYMENTS,MOBILE,1,13669.64,13669.64,14669.64,15169.64,1500,MIDRANGE PHONE
14-06-2018,2018-2019,1,P/M/A24,DEBIT,MOBILE,1,828.58,828.58,928.58,1428.58,600,BUDGET PHONE
15-06-2018,2018-2019,1,P/A/30,CASH,ACCESSORY,1,1518.64,1518.64,1618.64,2118.64,600,COVER
27-05-2019,2019-2020,1,P/M/A7,CREDIT,MOBILE,1,13669.64,13669.64,14669.64,15169.64,1500,MIDRANGE PHONE
15-06-2018,2018-2019,1,P/M/A53,MOBILE PAYMENTS,MOBILE,1,4366.08,4366.08,4866.08,5366.08,1000,BUDGET PHONE
15-06-2018,2018-2019,1,P/M/A59,CREDIT,MOBILE,1,10991.08,10991.08,11991.08,12491.08,1500,BUDGET PHONE
15-06-2018,2018-2019,1,P/M/A59,MOBILE PAYMENTS,MOBILE,1,10991.08,10991.08,11991.08,12491.08,1500,BUDGET PHONE
16-06-2018,2018-2019,1,P/A/18,DEBIT,ACCESSORY,1,585.6,585.6,685.6,1185.6,600,BATTERY
16-06-2018,2018-2019,1,P/A/51,DEBIT,ACCESSORY,1,331.36,331.36,431.36,931.36,600,WIRELESS HEADSET
16-06-2018,2018-2019,1,P/M/A23,MOBILE PAYMENTS,MOBILE,1,694.64,694.64,794.64,1294.64,600,BUDGET PHONE
16-06-2018,2018-2019,1,P/M/A24,CREDIT,MOBILE,1,873.22,873.22,973.22,1473.22,600,BUDGET PHONE
16-06-2018,2018-2019,1,P/M/A31,CREDIT,MOBILE,1,9125,9125,10125,10625,1500,BUDGET PHONE
16-06-2018,2018-2019,1,P/M/A55,CASH,MOBILE,1,5875,5875,6375,6875,1000,BUDGET PHONE
16-06-2018,2018-2019,1,P/M/A61,CASH,MOBILE,1,7749.1,7749.1,8249.1,8749.1,1000,BUDGET PHONE
16-06-2018,2018-2019,1,P/M/A61,CREDIT,MOBILE,1,7660.72,7660.72,8160.72,8660.72,1000,BUDGET PHONE
27-05-2019,2019-2020,1,P/M/A7,MOBILE PAYMENTS,MOBILE,1,13669.64,13669.64,14669.64,15169.64,1500,MIDRANGE PHONE
17-06-2018,2018-2019,1,P/M/A40,DEBIT,MOBILE,1,39562.5,39562.5,40562.5,41062.5,1500,PREMIUM MIDRANGE PHONE
17-06-2018,2018-2019,1,P/M/A59,DEBIT,MOBILE,1,10991.08,10991.08,11991.08,12491.08,1500,BUDGET PHONE
28-05-2019,2019-2020,1,P/M/A7,CREDIT,MOBILE,1,13669.64,13669.64,14669.64,15169.64,1500,MIDRANGE PHONE
17-06-2018,2018-2019,1,P/T/S1,CREDIT,TABLET,1,7050.84,7050.84,7550.84,8050.84,1000,BUDGET TABLET
17-06-2018,2018-2019,1,P/T/S1,DEBIT,TABLET,1,7050.84,7050.84,7550.84,8050.84,1000,BUDGET TABLET
17-06-2018,2018-2019,1,P/T/S1,MOBILE PAYMENTS,TABLET,1,7050.84,7050.84,7550.84,8050.84,1000,BUDGET TABLET
18-06-2018,2018-2019,1,P/M/A24,CREDIT,MOBILE,1,873.22,873.22,973.22,1473.22,600,BUDGET PHONE
18-06-2018,2018-2019,1,P/M/A40,MOBILE PAYMENTS,MOBILE,1,39562.5,39562.5,40562.5,41062.5,1500,PREMIUM MIDRANGE PHONE
18-06-2018,2018-2019,1,P/M/A59,CREDIT,MOBILE,1,10991.08,10991.08,11991.08,12491.08,1500,BUDGET PHONE
18-06-2018,2018-2019,1,P/M/A59,CREDIT,MOBILE,1,10991.08,10991.08,11991.08,12491.08,1500,BUDGET PHONE
19-06-2018,2018-2019,1,P/A/26,CREDIT,ACCESSORY,1,2195.76,2195.76,2295.76,2795.76,600,CHARGER 
19-06-2018,2018-2019,1,P/A/35,CREDIT,ACCESSORY,1,2195.76,2195.76,2295.76,2795.76,600,COVER
1/6/2019,2019-2020,1,P/M/A7,DEBIT,MOBILE,1,13669.64,13669.64,14669.64,15169.64,1500,MIDRANGE PHONE
19-06-2018,2018-2019,1,P/M/A43,CREDIT,MOBILE,1,60017.86,60017.86,61017.86,61517.86,1500,FLAGSHIP PHONE
19-06-2018,2018-2019,1,P/M/A59,DEBIT,MOBILE,1,10991.08,10991.08,11991.08,12491.08,1500,BUDGET PHONE
19-06-2018,2018-2019,1,P/M/A59,DEBIT,MOBILE,1,10991.08,10991.08,11991.08,12491.08,1500,BUDGET PHONE
20-06-2018,2018-2019,1,P/M/A43,CREDIT,MOBILE,1,56446.42,56446.42,57446.42,57946.42,1500,FLAGSHIP PHONE
20-06-2018,2018-2019,1,P/M/A55,CREDIT,MOBILE,1,5875,5875,6375,6875,1000,BUDGET PHONE
20-06-2018,2018-2019,1,P/M/A59,MOBILE PAYMENTS,MOBILE,1,10991.08,10991.08,11991.08,12491.08,1500,BUDGET PHONE
20-06-2018,2018-2019,1,P/T/S1,DEBIT,TABLET,1,7050.84,7050.84,7550.84,8050.84,1000,BUDGET TABLET
21-06-2018,2018-2019,1,P/M/A59,MOBILE PAYMENTS,MOBILE,1,13223.22,13223.22,14223.22,14723.22,1500,BUDGET PHONE
21-06-2018,2018-2019,1,P/M/A61,MOBILE PAYMENTS,MOBILE,1,7660.72,7660.72,8160.72,8660.72,1000,BUDGET PHONE
22-06-2018,2018-2019,1,P/A/35,MOBILE PAYMENTS,ACCESSORY,1,1942.38,1942.38,2042.38,2542.38,600,COVER
22-06-2018,2018-2019,1,P/M/A59,CREDIT,MOBILE,1,13223.22,13223.22,14223.22,14723.22,1500,BUDGET PHONE
23-06-2018,2018-2019,1,P/A/18,CREDIT,ACCESSORY,1,585.6,585.6,685.6,1185.6,600,BATTERY
23-06-2018,2018-2019,1,P/M/A59,MOBILE PAYMENTS,MOBILE,1,10991.08,10991.08,11991.08,12491.08,1500,BUDGET PHONE
24-06-2018,2018-2019,1,P/A/38,MOBILE PAYMENTS,ACCESSORY,1,2111.86,2111.86,2211.86,2711.86,600,COVER
24-06-2018,2018-2019,1,P/A/8,DEBIT,ACCESSORY,1,22652.54,22652.54,23652.54,24152.54,1500,GALAXY WATCH
24-06-2018,2018-2019,1,P/M/A43,CASH,MOBILE,1,60017.86,60017.86,61017.86,61517.86,1500,FLAGSHIP PHONE
24-06-2018,2018-2019,1,P/M/A59,CASH,MOBILE,1,10991.08,10991.08,11991.08,12491.08,1500,BUDGET PHONE
24-06-2018,2018-2019,1,P/M/A59,CASH,MOBILE,1,10991.08,10991.08,11991.08,12491.08,1500,BUDGET PHONE
24-06-2018,2018-2019,1,P/M/A74,DEBIT,MOBILE,1,58232.14,58232.14,59232.14,59732.14,1500,FLAGSHIP PHONE
25-06-2018,2018-2019,1,P/A/18,CREDIT,ACCESSORY,1,585.6,585.6,685.6,1185.6,600,BATTERY
25-06-2018,2018-2019,1,P/M/A25,CASH,MOBILE,1,1185.72,1185.72,1285.72,1785.72,600,BUDGET PHONE
25-06-2018,2018-2019,1,P/M/A33,CREDIT,MOBILE,1,10098.22,10098.22,11098.22,11598.22,1500,BUDGET PHONE
25-06-2018,2018-2019,1,P/M/A40,MOBILE PAYMENTS,MOBILE,1,39562.5,39562.5,40562.5,41062.5,1500,PREMIUM MIDRANGE PHONE
26-06-2018,2018-2019,1,P/A/18,MOBILE PAYMENTS,ACCESSORY,1,585.6,585.6,685.6,1185.6,600,BATTERY
26-06-2018,2018-2019,1,P/A/18,CREDIT,ACCESSORY,1,585.6,585.6,685.6,1185.6,600,BATTERY
26-06-2018,2018-2019,1,P/A/22,CASH,ACCESSORY,1,416.1,416.1,516.1,1016.1,600,CHARGER 
26-06-2018,2018-2019,1,P/M/A32,MOBILE PAYMENTS,MOBILE,1,10910.72,10910.72,11910.72,12410.72,1500,BUDGET PHONE
26-06-2018,2018-2019,1,P/M/A33,MOBILE PAYMENTS,MOBILE,1,10098.22,10098.22,11098.22,11598.22,1500,BUDGET PHONE
26-06-2018,2018-2019,1,P/M/A40,CREDIT,MOBILE,1,39562.5,39562.5,40562.5,41062.5,1500,PREMIUM MIDRANGE PHONE
27-06-2018,2018-2019,1,P/A/18,CREDIT,ACCESSORY,1,585.6,585.6,685.6,1185.6,600,BATTERY
27-06-2018,2018-2019,1,P/A/38,CREDIT,ACCESSORY,1,1942.38,1942.38,2042.38,2542.38,600,COVER
27-06-2018,2018-2019,1,P/M/A33,DEBIT,MOBILE,1,8732.14,8732.14,9232.14,9732.14,1000,BUDGET PHONE
27-06-2018,2018-2019,1,P/M/A59,MOBILE PAYMENTS,MOBILE,1,13223.22,13223.22,14223.22,14723.22,1500,BUDGET PHONE
27-06-2018,2018-2019,1,P/M/A59,MOBILE PAYMENTS,MOBILE,1,10991.08,10991.08,11991.08,12491.08,1500,BUDGET PHONE
27-06-2018,2018-2019,1,P/M/A59,MOBILE PAYMENTS,MOBILE,1,10991.08,10991.08,11991.08,12491.08,1500,BUDGET PHONE
28-06-2018,2018-2019,1,P/A/35,CASH,ACCESSORY,1,2195.76,2195.76,2295.76,2795.76,600,COVER
28-06-2018,2018-2019,1,P/M/A43,CREDIT,MOBILE,1,56446.42,56446.42,57446.42,57946.42,1500,FLAGSHIP PHONE
28-06-2018,2018-2019,1,P/M/A59,MOBILE PAYMENTS,MOBILE,1,10098.22,10098.22,11098.22,11598.22,1500,BUDGET PHONE
29-06-2018,2018-2019,1,P/A/18,MOBILE PAYMENTS,ACCESSORY,1,585.6,585.6,685.6,1185.6,600,BATTERY
29-06-2018,2018-2019,1,P/A/47,CASH,ACCESSORY,1,1941.52,1941.52,2041.52,2541.52,600,WIRELESS HEADSET
2/6/2019,2019-2020,1,P/M/A7,CASH,MOBILE,1,13669.64,13669.64,14669.64,15169.64,1500,MIDRANGE PHONE
29-06-2018,2018-2019,1,P/M/A40,CREDIT,MOBILE,1,39562.5,39562.5,40562.5,41062.5,1500,PREMIUM MIDRANGE PHONE
3/6/2019,2019-2020,1,P/M/A7,MOBILE PAYMENTS,MOBILE,1,13669.64,13669.64,14669.64,15169.64,1500,MIDRANGE PHONE
30-06-2018,2018-2019,1,P/A/18,DEBIT,ACCESSORY,1,585.6,585.6,685.6,1185.6,600,BATTERY
30-06-2018,2018-2019,1,P/A/8,CASH,ACCESSORY,1,22652.54,22652.54,23652.54,24152.54,1500,GALAXY WATCH
3/6/2019,2019-2020,1,P/M/A7,DEBIT,MOBILE,1,13669.64,13669.64,14669.64,15169.64,1500,MIDRANGE PHONE
30-06-2018,2018-2019,1,P/M/A57,CREDIT,MOBILE,1,7473.22,7473.22,7973.22,8473.22,1000,BUDGET PHONE
30-06-2018,2018-2019,1,P/M/A59,CREDIT,MOBILE,1,10991.08,10991.08,11991.08,12491.08,1500,BUDGET PHONE
30-06-2018,2018-2019,1,P/T/S1,CASH,TABLET,1,7050.84,7050.84,7550.84,8050.84,1000,BUDGET TABLET
7/4/2018,2018-2019,1,P/T/S4,CASH,TABLET,1,13754.24,13754.24,14754.24,15254.24,1500,MIDRANGE TAB
15-04-2018,2018-2019,1,P/T/S4,CREDIT,TABLET,1,13754.24,13754.24,14754.24,15254.24,1500,MIDRANGE TAB
19-04-2018,2018-2019,1,P/T/S4,CASH,TABLET,1,13754.24,13754.24,14754.24,15254.24,1500,MIDRANGE TAB
5/6/2018,2018-2019,1,P/T/S4,DEBIT,TABLET,1,13754.24,13754.24,14754.24,15254.24,1500,MIDRANGE TAB
30-06-2018,2018-2019,1,P/T/S4,MOBILE PAYMENTS,TABLET,1,13754.24,13754.24,14754.24,15254.24,1500,MIDRANGE TAB
3/5/2019,2019-2020,1,P/T/S4,MOBILE PAYMENTS,TABLET,1,13754.24,13754.24,14754.24,15254.24,1500,MIDRANGE TAB
27-05-2018,2018-2019,1,P/M/A63,DEBIT,MOBILE,1,14857.14,14857.14,15857.14,16357.14,1500,MIDRANGE PHONE
17-05-2018,2018-2019,1,P/M/A63,MOBILE PAYMENTS,MOBILE,1,14883.92,14883.92,15883.92,16383.92,1500,MIDRANGE PHONE
3/6/2018,2018-2019,1,P/M/A63,CASH,MOBILE,1,14883.92,14883.92,15883.92,16383.92,1500,MIDRANGE PHONE
5/6/2018,2018-2019,1,P/M/A63,CREDIT,MOBILE,1,14883.92,14883.92,15883.92,16383.92,1500,MIDRANGE PHONE
7/6/2018,2018-2019,1,P/M/A63,MOBILE PAYMENTS,MOBILE,1,14883.92,14883.92,15883.92,16383.92,1500,MIDRANGE PHONE
3/6/2019,2019-2020,1,P/M/A20,DEBIT,MOBILE,1,14960.72,14960.72,15960.72,16460.72,1500,MIDRANGE PHONE
25-05-2019,2019-2020,1,P/M/A10,CASH,MOBILE,1,15008.92,15008.92,16008.92,16508.92,1500,MIDRANGE PHONE
4/4/2018,2018-2019,1,P/M/A63,MOBILE PAYMENTS,MOBILE,1,15375,15375,16375,16875,1500,MIDRANGE PHONE
9/4/2018,2018-2019,1,P/M/A63,MOBILE PAYMENTS,MOBILE,1,15375,15375,16375,16875,1500,MIDRANGE PHONE
14-04-2018,2018-2019,1,P/M/A63,MOBILE PAYMENTS,MOBILE,1,15375,15375,16375,16875,1500,MIDRANGE PHONE
14-04-2018,2018-2019,1,P/M/A63,MOBILE PAYMENTS,MOBILE,1,15375,15375,16375,16875,1500,MIDRANGE PHONE
15-04-2018,2018-2019,1,P/M/A63,CREDIT,MOBILE,1,15375,15375,16375,16875,1500,MIDRANGE PHONE
15-04-2018,2018-2019,1,P/M/A63,DEBIT,MOBILE,1,15375,15375,16375,16875,1500,MIDRANGE PHONE
18-04-2018,2018-2019,1,P/M/A63,MOBILE PAYMENTS,MOBILE,1,15375,15375,16375,16875,1500,MIDRANGE PHONE
21-04-2018,2018-2019,1,P/M/A63,CASH,MOBILE,1,15375,15375,16375,16875,1500,MIDRANGE PHONE
25-04-2018,2018-2019,1,P/M/A63,DEBIT,MOBILE,1,15375,15375,16375,16875,1500,MIDRANGE PHONE
7/5/2018,2018-2019,1,P/M/A63,CASH,MOBILE,1,15375,15375,16375,16875,1500,MIDRANGE PHONE
11/4/2019,2019-2020,1,P/M/A20,DEBIT,MOBILE,1,15455.36,15455.36,16455.36,16955.36,1500,MIDRANGE PHONE
22-04-2019,2019-2020,1,P/M/A20,CREDIT,MOBILE,1,15455.36,15455.36,16455.36,16955.36,1500,MIDRANGE PHONE
23-04-2019,2019-2020,1,P/M/A20,DEBIT,MOBILE,1,15455.36,15455.36,16455.36,16955.36,1500,MIDRANGE PHONE
4/5/2019,2019-2020,1,P/M/A20,MOBILE PAYMENTS,MOBILE,1,15455.36,15455.36,16455.36,16955.36,1500,MIDRANGE PHONE
17-04-2019,2019-2020,1,P/M/A10,DEBIT,MOBILE,1,16348.21,16348.21,17348.21,17848.21,1500,MIDRANGE PHONE
4/6/2019,2019-2020,1,P/M/A10,DEBIT,MOBILE,1,16348.21,16348.21,17348.21,17848.21,1500,MIDRANGE PHONE
1/4/2019,2019-2020,1,P/M/A10,CREDIT,MOBILE,1,16348.22,16348.22,17348.22,17848.22,1500,MIDRANGE PHONE
4/4/2019,2019-2020,1,P/M/A10,CREDIT,MOBILE,1,16348.22,16348.22,17348.22,17848.22,1500,MIDRANGE PHONE
6/4/2019,2019-2020,1,P/M/A10,DEBIT,MOBILE,1,16348.22,16348.22,17348.22,17848.22,1500,MIDRANGE PHONE
6/4/2019,2019-2020,1,P/M/A10,CREDIT,MOBILE,1,16348.22,16348.22,17348.22,17848.22,1500,MIDRANGE PHONE
7/4/2019,2019-2020,1,P/M/A10,CREDIT,MOBILE,1,16348.22,16348.22,17348.22,17848.22,1500,MIDRANGE PHONE
7/4/2019,2019-2020,1,P/M/A10,MOBILE PAYMENTS,MOBILE,1,16348.22,16348.22,17348.22,17848.22,1500,MIDRANGE PHONE
10/4/2019,2019-2020,1,P/M/A10,MOBILE PAYMENTS,MOBILE,1,16348.22,16348.22,17348.22,17848.22,1500,MIDRANGE PHONE
11/4/2019,2019-2020,1,P/M/A10,CASH,MOBILE,1,16348.22,16348.22,17348.22,17848.22,1500,MIDRANGE PHONE
13-04-2019,2019-2020,1,P/M/A10,DEBIT,MOBILE,1,16348.22,16348.22,17348.22,17848.22,1500,MIDRANGE PHONE
13-04-2019,2019-2020,1,P/M/A10,MOBILE PAYMENTS,MOBILE,1,16348.22,16348.22,17348.22,17848.22,1500,MIDRANGE PHONE
15-04-2019,2019-2020,1,P/M/A10,DEBIT,MOBILE,1,16348.22,16348.22,17348.22,17848.22,1500,MIDRANGE PHONE
17-04-2019,2019-2020,1,P/M/A10,DEBIT,MOBILE,1,16348.22,16348.22,17348.22,17848.22,1500,MIDRANGE PHONE
21-04-2019,2019-2020,1,P/M/A10,CASH,MOBILE,1,16348.22,16348.22,17348.22,17848.22,1500,MIDRANGE PHONE
21-04-2019,2019-2020,1,P/M/A10,DEBIT,MOBILE,1,16348.22,16348.22,17348.22,17848.22,1500,MIDRANGE PHONE
24-04-2019,2019-2020,1,P/M/A10,CREDIT,MOBILE,1,16348.22,16348.22,17348.22,17848.22,1500,MIDRANGE PHONE
28-04-2019,2019-2020,1,P/M/A10,DEBIT,MOBILE,1,16348.22,16348.22,17348.22,17848.22,1500,MIDRANGE PHONE
1/4/2019,2019-2020,1,P/A/35,DEBIT,ACCESSORY,1,1688.14,1688.14,1788.14,2288.14,600,COVER
1/4/2019,2019-2020,1,P/M/A1,DEBIT,MOBILE,1,6580.36,6580.36,7080.36,7580.36,1000,BUDGET PHONE
28-04-2019,2019-2020,1,P/M/A10,CASH,MOBILE,1,16348.22,16348.22,17348.22,17848.22,1500,MIDRANGE PHONE
29-04-2019,2019-2020,1,P/M/A10,DEBIT,MOBILE,1,16348.22,16348.22,17348.22,17848.22,1500,MIDRANGE PHONE
1/4/2019,2019-2020,1,P/M/A22,CREDIT,MOBILE,1,31526.78,31526.78,32526.78,33026.78,1500,PREMIUM MIDRANGE PHONE
2/4/2019,2019-2020,1,P/A/20,CASH,ACCESSORY,1,585.6,585.6,685.6,1185.6,600,BATTERY
2/4/2019,2019-2020,1,P/A/22,DEBIT,ACCESSORY,1,374.58,374.58,474.58,974.58,600,CHARGER 
2/4/2019,2019-2020,1,P/A/47,CREDIT,ACCESSORY,1,1222.04,1222.04,1322.04,1822.04,600,WIRELESS HEADSET
2/4/2019,2019-2020,1,P/M/A24,CREDIT,MOBILE,1,882.14,882.14,982.14,1482.14,600,BUDGET PHONE
2/4/2019,2019-2020,1,P/M/A46,CREDIT,MOBILE,1,64482.14,64482.14,65482.14,65982.14,1500,FLAGSHIP PHONE
3/4/2019,2019-2020,1,P/M/A1,DEBIT,MOBILE,1,6580.36,6580.36,7080.36,7580.36,1000,BUDGET PHONE
4/4/2019,2019-2020,1,P/A/22,CREDIT,ACCESSORY,1,408.48,408.48,508.48,1008.48,600,CHARGER 
1/5/2019,2019-2020,1,P/M/A10,MOBILE PAYMENTS,MOBILE,1,16348.22,16348.22,17348.22,17848.22,1500,MIDRANGE PHONE
1/5/2019,2019-2020,1,P/M/A10,CREDIT,MOBILE,1,16348.22,16348.22,17348.22,17848.22,1500,MIDRANGE PHONE
5/4/2019,2019-2020,1,P/M/A1,CASH,MOBILE,1,6580.36,6580.36,7080.36,7580.36,1000,BUDGET PHONE
1/5/2019,2019-2020,1,P/M/A10,DEBIT,MOBILE,1,16348.22,16348.22,17348.22,17848.22,1500,MIDRANGE PHONE
1/5/2019,2019-2020,1,P/M/A10,DEBIT,MOBILE,1,16348.22,16348.22,17348.22,17848.22,1500,MIDRANGE PHONE
1/5/2019,2019-2020,1,P/M/A10,CREDIT,MOBILE,1,16348.22,16348.22,17348.22,17848.22,1500,MIDRANGE PHONE
6/4/2019,2019-2020,1,P/A/21,CASH,ACCESSORY,1,408.48,408.48,508.48,1008.48,600,CHARGER 
6/4/2019,2019-2020,1,P/A/22,CREDIT,ACCESSORY,1,408.47,408.47,508.47,1008.47,600,CHARGER 
6/4/2019,2019-2020,1,P/A/44,DEBIT,ACCESSORY,1,7466.1,7466.1,7966.1,8466.1,1000,WIRELESS EARPHONES
1/5/2019,2019-2020,1,P/M/A10,MOBILE PAYMENTS,MOBILE,1,16348.22,16348.22,17348.22,17848.22,1500,MIDRANGE PHONE
4/5/2019,2019-2020,1,P/M/A10,DEBIT,MOBILE,1,16348.22,16348.22,17348.22,17848.22,1500,MIDRANGE PHONE
6/4/2019,2019-2020,1,P/M/A48,CREDIT,MOBILE,1,64570.54,64570.54,65570.54,66070.54,1500,FLAGSHIP PHONE
6/4/2019,2019-2020,1,P/M/A73,CASH,MOBILE,1,35106.24,35106.24,36106.24,36606.24,1500,PREMIUM MIDRANGE PHONE
7/4/2019,2019-2020,1,P/M/A1,CASH,MOBILE,1,6580.36,6580.36,7080.36,7580.36,1000,BUDGET PHONE
7/4/2019,2019-2020,1,P/M/A1,DEBIT,MOBILE,1,6580.36,6580.36,7080.36,7580.36,1000,BUDGET PHONE
4/5/2019,2019-2020,1,P/M/A10,CASH,MOBILE,1,16348.22,16348.22,17348.22,17848.22,1500,MIDRANGE PHONE
5/5/2019,2019-2020,1,P/M/A10,CREDIT,MOBILE,1,16348.22,16348.22,17348.22,17848.22,1500,MIDRANGE PHONE
6/5/2019,2019-2020,1,P/M/A10,DEBIT,MOBILE,1,16348.22,16348.22,17348.22,17848.22,1500,MIDRANGE PHONE
6/5/2019,2019-2020,1,P/M/A10,DEBIT,MOBILE,1,16348.22,16348.22,17348.22,17848.22,1500,MIDRANGE PHONE
7/5/2019,2019-2020,1,P/M/A10,DEBIT,MOBILE,1,16348.22,16348.22,17348.22,17848.22,1500,MIDRANGE PHONE
7/4/2019,2019-2020,1,P/M/A23,CASH,MOBILE,1,650,650,750,1250,600,BUDGET PHONE
7/4/2019,2019-2020,1,P/M/A46,DEBIT,MOBILE,1,64482.14,64482.14,65482.14,65982.14,1500,FLAGSHIP PHONE
7/4/2019,2019-2020,1,P/M/A46,DEBIT,MOBILE,1,64482.14,64482.14,65482.14,65982.14,1500,FLAGSHIP PHONE
7/5/2019,2019-2020,1,P/M/A10,MOBILE PAYMENTS,MOBILE,1,16348.22,16348.22,17348.22,17848.22,1500,MIDRANGE PHONE
7/4/2019,2019-2020,1,P/M/A7,DEBIT,MOBILE,1,12330.36,12330.36,13330.36,13830.36,1500,BUDGET PHONE
8/4/2019,2019-2020,1,P/A/20,MOBILE PAYMENTS,ACCESSORY,1,585.6,585.6,685.6,1185.6,600,BATTERY
8/5/2019,2019-2020,1,P/M/A10,MOBILE PAYMENTS,MOBILE,1,16348.22,16348.22,17348.22,17848.22,1500,MIDRANGE PHONE
8/5/2019,2019-2020,1,P/M/A10,CASH,MOBILE,1,16348.22,16348.22,17348.22,17848.22,1500,MIDRANGE PHONE
10/4/2019,2019-2020,1,P/M/A1,DEBIT,MOBILE,1,6580.36,6580.36,7080.36,7580.36,1000,BUDGET PHONE
10/4/2019,2019-2020,1,P/M/A1,CASH,MOBILE,1,6580.36,6580.36,7080.36,7580.36,1000,BUDGET PHONE
9/5/2019,2019-2020,1,P/M/A10,MOBILE PAYMENTS,MOBILE,1,16348.22,16348.22,17348.22,17848.22,1500,MIDRANGE PHONE
10/4/2019,2019-2020,1,P/M/A23,DEBIT,MOBILE,1,650,650,750,1250,600,BUDGET PHONE
10/4/2019,2019-2020,1,P/M/A23,DEBIT,MOBILE,2,650,1300,750,2500,1200,BUDGET PHONE
10/4/2019,2019-2020,1,P/M/A23,CASH,MOBILE,1,583.04,583.04,683.04,1183.04,600,BUDGET PHONE
11/4/2019,2019-2020,1,P/A/47,MOBILE PAYMENTS,ACCESSORY,1,1349.16,1349.16,1449.16,1949.16,600,WIRELESS HEADSET
11/5/2019,2019-2020,1,P/M/A10,DEBIT,MOBILE,1,16348.22,16348.22,17348.22,17848.22,1500,MIDRANGE PHONE
14-05-2019,2019-2020,1,P/M/A10,DEBIT,MOBILE,1,16348.22,16348.22,17348.22,17848.22,1500,MIDRANGE PHONE
11/4/2019,2019-2020,1,P/M/A44,CASH,MOBILE,1,48410.71,48410.71,49410.71,49910.71,1500,PREMIUM MIDRANGE PHONE
12/4/2019,2019-2020,1,P/A/20,CASH,ACCESSORY,1,585.6,585.6,685.6,1185.6,600,BATTERY
12/4/2019,2019-2020,1,P/M/A1,CASH,MOBILE,1,6580.36,6580.36,7080.36,7580.36,1000,BUDGET PHONE
12/4/2019,2019-2020,1,P/M/A22,MOBILE PAYMENTS,MOBILE,1,28848.22,28848.22,29848.22,30348.22,1500,PREMIUM MIDRANGE PHONE
12/4/2019,2019-2020,1,P/M/A44,DEBIT,MOBILE,1,48410.72,48410.72,49410.72,49910.72,1500,PREMIUM MIDRANGE PHONE
12/4/2019,2019-2020,1,P/M/A45,CASH,MOBILE,1,58232.14,58232.14,59232.14,59732.14,1500,FLAGSHIP PHONE
14-05-2019,2019-2020,1,P/M/A10,CREDIT,MOBILE,1,16348.22,16348.22,17348.22,17848.22,1500,MIDRANGE PHONE
12/4/2019,2019-2020,1,P/T/S1,CASH,TABLET,1,9084.74,9084.74,9584.74,10084.74,1000,BUDGET TABLET
13-04-2019,2019-2020,1,P/A/20,MOBILE PAYMENTS,ACCESSORY,1,585.6,585.6,685.6,1185.6,600,BATTERY
13-04-2019,2019-2020,1,P/A/22,CREDIT,ACCESSORY,1,408.48,408.48,508.48,1008.48,600,CHARGER 
13-04-2019,2019-2020,1,P/M/A1,DEBIT,MOBILE,1,6580.36,6580.36,7080.36,7580.36,1000,BUDGET PHONE
17-05-2019,2019-2020,1,P/M/A10,DEBIT,MOBILE,1,16348.22,16348.22,17348.22,17848.22,1500,MIDRANGE PHONE
18-05-2019,2019-2020,1,P/M/A10,CREDIT,MOBILE,1,16348.22,16348.22,17348.22,17848.22,1500,MIDRANGE PHONE
13-04-2019,2019-2020,1,P/M/A3,CREDIT,MOBILE,1,9651.78,9651.78,10651.78,11151.78,1500,BUDGET PHONE
13-04-2019,2019-2020,1,P/M/A3,CREDIT,MOBILE,1,9651.78,9651.78,10651.78,11151.78,1500,BUDGET PHONE
13-04-2019,2019-2020,1,P/M/A3,CREDIT,MOBILE,1,9651.78,9651.78,10651.78,11151.78,1500,BUDGET PHONE
13-04-2019,2019-2020,1,P/M/A46,MOBILE PAYMENTS,MOBILE,1,64482.14,64482.14,65482.14,65982.14,1500,FLAGSHIP PHONE
14-04-2019,2019-2020,1,P/A/20,CREDIT,ACCESSORY,1,585.6,585.6,685.6,1185.6,600,BATTERY
14-04-2019,2019-2020,1,P/A/47,CREDIT,ACCESSORY,1,1433.9,1433.9,1533.9,2033.9,600,WIRELESS HEADSET
14-04-2019,2019-2020,1,P/A/47,CASH,ACCESSORY,1,1349.16,1349.16,1449.16,1949.16,600,WIRELESS HEADSET
14-04-2019,2019-2020,1,P/M/A1,CASH,MOBILE,1,6580.36,6580.36,7080.36,7580.36,1000,BUDGET PHONE
19-05-2019,2019-2020,1,P/M/A10,MOBILE PAYMENTS,MOBILE,1,16348.22,16348.22,17348.22,17848.22,1500,MIDRANGE PHONE
14-04-2019,2019-2020,1,P/M/A22,CREDIT,MOBILE,1,31526.78,31526.78,32526.78,33026.78,1500,PREMIUM MIDRANGE PHONE
14-04-2019,2019-2020,1,P/M/A45,MOBILE PAYMENTS,MOBILE,1,58232.14,58232.14,59232.14,59732.14,1500,FLAGSHIP PHONE
14-04-2019,2019-2020,1,P/M/A45,CREDIT,MOBILE,1,58232.14,58232.14,59232.14,59732.14,1500,FLAGSHIP PHONE
15-04-2019,2019-2020,1,P/A/21,MOBILE PAYMENTS,ACCESSORY,1,408.48,408.48,508.48,1008.48,600,CHARGER 
15-04-2019,2019-2020,1,P/A/30,CREDIT,ACCESSORY,1,1603.39,1603.39,1703.39,2203.39,600,COVER
15-04-2019,2019-2020,1,P/A/44,CASH,ACCESSORY,1,7305.08,7305.08,7805.08,8305.08,1000,WIRELESS EARPHONES
19-05-2019,2019-2020,1,P/M/A10,DEBIT,MOBILE,1,16348.22,16348.22,17348.22,17848.22,1500,MIDRANGE PHONE
15-04-2019,2019-2020,1,P/M/A3,MOBILE PAYMENTS,MOBILE,1,9651.78,9651.78,10651.78,11151.78,1500,BUDGET PHONE
15-04-2019,2019-2020,1,P/M/A46,CREDIT,MOBILE,1,64482.14,64482.14,65482.14,65982.14,1500,FLAGSHIP PHONE
15-04-2019,2019-2020,1,P/T/S1,CASH,TABLET,1,7050.85,7050.85,7550.85,8050.85,1000,BUDGET TABLET
19-05-2019,2019-2020,1,P/M/A10,DEBIT,MOBILE,1,16348.22,16348.22,17348.22,17848.22,1500,MIDRANGE PHONE
21-05-2019,2019-2020,1,P/M/A10,DEBIT,MOBILE,1,16348.22,16348.22,17348.22,17848.22,1500,MIDRANGE PHONE
16-04-2019,2019-2020,1,P/A/44,DEBIT,ACCESSORY,1,7466.1,7466.1,7966.1,8466.1,1000,WIRELESS EARPHONES
16-04-2019,2019-2020,1,P/M/A1,DEBIT,MOBILE,1,6589.28,6589.28,7089.28,7589.28,1000,BUDGET PHONE
16-04-2019,2019-2020,1,P/M/A1,CREDIT,MOBILE,1,6580.36,6580.36,7080.36,7580.36,1000,BUDGET PHONE
16-04-2019,2019-2020,1,P/M/A25,CASH,MOBILE,1,1266.08,1266.08,1366.08,1866.08,600,BUDGET PHONE
17-04-2019,2019-2020,1,P/A/22,DEBIT,ACCESSORY,1,332.2,332.2,432.2,932.2,600,CHARGER 
17-04-2019,2019-2020,1,P/M/A1,CREDIT,MOBILE,1,6580.36,6580.36,7080.36,7580.36,1000,BUDGET PHONE
21-05-2019,2019-2020,1,P/M/A10,DEBIT,MOBILE,1,16348.22,16348.22,17348.22,17848.22,1500,MIDRANGE PHONE
24-05-2019,2019-2020,1,P/M/A10,MOBILE PAYMENTS,MOBILE,1,16348.22,16348.22,17348.22,17848.22,1500,MIDRANGE PHONE
17-04-2019,2019-2020,1,P/M/A46,DEBIT,MOBILE,1,64482.14,64482.14,65482.14,65982.14,1500,FLAGSHIP PHONE
17-04-2019,2019-2020,1,P/M/A75,MOBILE PAYMENTS,MOBILE,1,59125,59125,60125,60625,1500,FLAGSHIP PHONE
26-05-2019,2019-2020,1,P/M/A10,DEBIT,MOBILE,1,16348.22,16348.22,17348.22,17848.22,1500,MIDRANGE PHONE
27-05-2019,2019-2020,1,P/M/A10,DEBIT,MOBILE,1,16348.22,16348.22,17348.22,17848.22,1500,MIDRANGE PHONE
18-04-2019,2019-2020,1,P/M/A23,CASH,MOBILE,1,650,650,750,1250,600,BUDGET PHONE
27-05-2019,2019-2020,1,P/M/A10,CREDIT,MOBILE,1,16348.22,16348.22,17348.22,17848.22,1500,MIDRANGE PHONE
19-04-2019,2019-2020,1,P/M/A3,CREDIT,MOBILE,1,9651.78,9651.78,10651.78,11151.78,1500,BUDGET PHONE
19-04-2019,2019-2020,1,P/M/A46,DEBIT,MOBILE,1,64482.14,64482.14,65482.14,65982.14,1500,FLAGSHIP PHONE
20-04-2019,2019-2020,1,P/A/20,MOBILE PAYMENTS,ACCESSORY,1,585.6,585.6,685.6,1185.6,600,BATTERY
20-04-2019,2019-2020,1,P/A/47,CREDIT,ACCESSORY,1,1349.16,1349.16,1449.16,1949.16,600,WIRELESS HEADSET
20-04-2019,2019-2020,1,P/M/A3,CREDIT,MOBILE,1,9651.78,9651.78,10651.78,11151.78,1500,BUDGET PHONE
20-04-2019,2019-2020,1,P/M/A44,MOBILE PAYMENTS,MOBILE,1,48410.72,48410.72,49410.72,49910.72,1500,PREMIUM MIDRANGE PHONE
27-05-2019,2019-2020,1,P/M/A10,CREDIT,MOBILE,1,16348.22,16348.22,17348.22,17848.22,1500,MIDRANGE PHONE
21-04-2019,2019-2020,1,P/A/21,CASH,ACCESSORY,1,332.2,332.2,432.2,932.2,600,CHARGER 
21-04-2019,2019-2020,1,P/A/35,CREDIT,ACCESSORY,1,1942.38,1942.38,2042.38,2542.38,600,COVER
21-04-2019,2019-2020,1,P/M/A1,CREDIT,MOBILE,1,6580.36,6580.36,7080.36,7580.36,1000,BUDGET PHONE
29-05-2019,2019-2020,1,P/M/A10,CASH,MOBILE,1,16348.22,16348.22,17348.22,17848.22,1500,MIDRANGE PHONE
30-05-2019,2019-2020,1,P/M/A10,MOBILE PAYMENTS,MOBILE,1,16348.22,16348.22,17348.22,17848.22,1500,MIDRANGE PHONE
21-04-2019,2019-2020,1,P/M/A2,CASH,MOBILE,1,8374.1,8374.1,8874.1,9374.1,1000,BUDGET PHONE
21-04-2019,2019-2020,1,P/M/A3,CREDIT,MOBILE,1,9651.78,9651.78,10651.78,11151.78,1500,BUDGET PHONE
21-04-2019,2019-2020,1,P/M/A6,CREDIT,MOBILE,1,3723.22,3723.22,4223.22,4723.22,1000,BUDGET PHONE
31-05-2019,2019-2020,1,P/M/A10,CREDIT,MOBILE,1,16348.22,16348.22,17348.22,17848.22,1500,MIDRANGE PHONE
2/6/2019,2019-2020,1,P/M/A10,MOBILE PAYMENTS,MOBILE,1,16348.22,16348.22,17348.22,17848.22,1500,MIDRANGE PHONE
22-04-2019,2019-2020,1,P/A/41,MOBILE PAYMENTS,ACCESSORY,1,671.18,671.18,771.18,1271.18,600,POWER BANK
22-04-2019,2019-2020,1,P/A/44,CASH,ACCESSORY,1,7389.84,7389.84,7889.84,8389.84,1000,WIRELESS EARPHONES
2/6/2019,2019-2020,1,P/M/A10,DEBIT,MOBILE,1,16348.22,16348.22,17348.22,17848.22,1500,MIDRANGE PHONE
2/6/2019,2019-2020,1,P/M/A10,CASH,MOBILE,1,16348.22,16348.22,17348.22,17848.22,1500,MIDRANGE PHONE
2/6/2019,2019-2020,1,P/M/A10,DEBIT,MOBILE,1,16348.22,16348.22,17348.22,17848.22,1500,MIDRANGE PHONE
22-04-2019,2019-2020,1,P/M/A3,MOBILE PAYMENTS,MOBILE,1,9651.78,9651.78,10651.78,11151.78,1500,BUDGET PHONE
22-04-2019,2019-2020,1,P/M/A46,DEBIT,MOBILE,1,64482.14,64482.14,65482.14,65982.14,1500,FLAGSHIP PHONE
23-04-2019,2019-2020,1,P/A/47,CASH,ACCESSORY,1,1264.4,1264.4,1364.4,1864.4,600,WIRELESS HEADSET
23-04-2019,2019-2020,1,P/A/47,CASH,ACCESSORY,1,1264.4,1264.4,1364.4,1864.4,600,WIRELESS HEADSET
23-04-2019,2019-2020,1,P/A/47,DEBIT,ACCESSORY,1,1433.9,1433.9,1533.9,2033.9,600,WIRELESS HEADSET
4/6/2019,2019-2020,1,P/M/A10,MOBILE PAYMENTS,MOBILE,1,16348.22,16348.22,17348.22,17848.22,1500,MIDRANGE PHONE
23-04-2019,2019-2020,1,P/M/A3,MOBILE PAYMENTS,MOBILE,1,9651.78,9651.78,10651.78,11151.78,1500,BUDGET PHONE
23-04-2019,2019-2020,1,P/M/A46,DEBIT,MOBILE,1,64482.14,64482.14,65482.14,65982.14,1500,FLAGSHIP PHONE
24-04-2019,2019-2020,1,P/A/44,CREDIT,ACCESSORY,1,7466.1,7466.1,7966.1,8466.1,1000,WIRELESS EARPHONES
24-04-2019,2019-2020,1,P/A/47,CASH,ACCESSORY,1,1264.4,1264.4,1364.4,1864.4,600,WIRELESS HEADSET
5/6/2019,2019-2020,1,P/M/A10,CASH,MOBILE,1,16348.22,16348.22,17348.22,17848.22,1500,MIDRANGE PHONE
24-04-2019,2019-2020,1,P/M/A6,CREDIT,MOBILE,1,3723.22,3723.22,4223.22,4723.22,1000,BUDGET PHONE
9/6/2019,2019-2020,1,P/M/A10,CREDIT,MOBILE,1,16348.22,16348.22,17348.22,17848.22,1500,MIDRANGE PHONE
25-04-2019,2019-2020,1,P/A/26,CASH,ACCESSORY,1,2195.76,2195.76,2295.76,2795.76,600,CHARGER 
25-04-2019,2019-2020,1,P/M/A3,MOBILE PAYMENTS,MOBILE,1,9651.78,9651.78,10651.78,11151.78,1500,BUDGET PHONE
26-04-2019,2019-2020,1,P/M/A1,MOBILE PAYMENTS,MOBILE,1,6580.36,6580.36,7080.36,7580.36,1000,BUDGET PHONE
26-04-2019,2019-2020,1,P/M/A1,DEBIT,MOBILE,1,6580.36,6580.36,7080.36,7580.36,1000,BUDGET PHONE
26-04-2019,2019-2020,1,P/M/A44,CASH,MOBILE,1,48410.72,48410.72,49410.72,49910.72,1500,PREMIUM MIDRANGE PHONE
27-04-2019,2019-2020,1,P/M/A1,CASH,MOBILE,1,6580.36,6580.36,7080.36,7580.36,1000,BUDGET PHONE
27-04-2019,2019-2020,1,P/M/A1,CASH,MOBILE,1,6580.36,6580.36,7080.36,7580.36,1000,BUDGET PHONE
10/6/2019,2019-2020,1,P/M/A10,CREDIT,MOBILE,1,16348.22,16348.22,17348.22,17848.22,1500,MIDRANGE PHONE
27-04-2019,2019-2020,1,P/M/A3,CREDIT,MOBILE,1,9651.78,9651.78,10651.78,11151.78,1500,BUDGET PHONE
27-04-2019,2019-2020,1,P/M/A44,CASH,MOBILE,1,48410.72,48410.72,49410.72,49910.72,1500,PREMIUM MIDRANGE PHONE
10/6/2019,2019-2020,1,P/M/A10,CREDIT,MOBILE,1,16348.22,16348.22,17348.22,17848.22,1500,MIDRANGE PHONE
11/6/2019,2019-2020,1,P/M/A10,MOBILE PAYMENTS,MOBILE,1,16348.22,16348.22,17348.22,17848.22,1500,MIDRANGE PHONE
11/6/2019,2019-2020,1,P/M/A10,CREDIT,MOBILE,1,16348.22,16348.22,17348.22,17848.22,1500,MIDRANGE PHONE
28-04-2019,2019-2020,1,P/M/A3,CASH,MOBILE,1,9267.86,9267.86,9767.86,10267.86,1000,BUDGET PHONE
28-04-2019,2019-2020,1,P/M/A3,MOBILE PAYMENTS,MOBILE,1,9651.78,9651.78,10651.78,11151.78,1500,BUDGET PHONE
28-04-2019,2019-2020,1,P/M/A44,MOBILE PAYMENTS,MOBILE,1,48410.72,48410.72,49410.72,49910.72,1500,PREMIUM MIDRANGE PHONE
28-04-2019,2019-2020,1,P/M/A46,MOBILE PAYMENTS,MOBILE,1,64482.14,64482.14,65482.14,65982.14,1500,FLAGSHIP PHONE
16-06-2019,2019-2020,1,P/M/A10,CREDIT,MOBILE,1,16348.22,16348.22,17348.22,17848.22,1500,MIDRANGE PHONE
19-06-2019,2019-2020,1,P/M/A10,DEBIT,MOBILE,1,16348.22,16348.22,17348.22,17848.22,1500,MIDRANGE PHONE
29-04-2019,2019-2020,1,P/M/A3,DEBIT,MOBILE,1,9651.78,9651.78,10651.78,11151.78,1500,BUDGET PHONE
29-04-2019,2019-2020,1,P/M/A44,CREDIT,MOBILE,1,48410.72,48410.72,49410.72,49910.72,1500,PREMIUM MIDRANGE PHONE
29-04-2019,2019-2020,1,P/M/A6,CREDIT,MOBILE,1,3723.22,3723.22,4223.22,4723.22,1000,BUDGET PHONE
30-04-2019,2019-2020,1,P/A/22,MOBILE PAYMENTS,ACCESSORY,1,332.2,332.2,432.2,932.2,600,CHARGER 
30-04-2019,2019-2020,1,P/M/A1,DEBIT,MOBILE,1,6580.36,6580.36,7080.36,7580.36,1000,BUDGET PHONE
30-04-2019,2019-2020,1,P/M/A1,CASH,MOBILE,1,6580.36,6580.36,7080.36,7580.36,1000,BUDGET PHONE
30-04-2019,2019-2020,1,P/M/A1,CASH,MOBILE,1,6580.36,6580.36,7080.36,7580.36,1000,BUDGET PHONE
20-06-2019,2019-2020,1,P/M/A10,MOBILE PAYMENTS,MOBILE,1,16348.22,16348.22,17348.22,17848.22,1500,MIDRANGE PHONE
30-04-2019,2019-2020,1,P/M/A25,CREDIT,MOBILE,1,1185.72,1185.72,1285.72,1785.72,600,BUDGET PHONE
30-04-2019,2019-2020,1,P/M/A3,CREDIT,MOBILE,1,9651.78,9651.78,10651.78,11151.78,1500,BUDGET PHONE
1/5/2019,2019-2020,1,P/A/1,MOBILE PAYMENTS,ACCESSORY,1,19677.96,19677.96,20677.96,21177.96,1500,GALAXY WATCH
1/5/2019,2019-2020,1,P/A/13,DEBIT,ACCESSORY,1,416.94,416.94,516.94,1016.94,600,BATTERY
1/5/2019,2019-2020,1,P/A/41,CREDIT,ACCESSORY,1,628.82,628.82,728.82,1228.82,600,POWER BANK
1/5/2019,2019-2020,1,P/M/A1,CASH,MOBILE,1,6580.36,6580.36,7080.36,7580.36,1000,BUDGET PHONE
1/5/2019,2019-2020,1,P/M/A1,MOBILE PAYMENTS,MOBILE,1,6133.92,6133.92,6633.92,7133.92,1000,BUDGET PHONE
23-06-2019,2019-2020,1,P/M/A10,DEBIT,MOBILE,1,16348.22,16348.22,17348.22,17848.22,1500,MIDRANGE PHONE
27-06-2019,2019-2020,1,P/M/A10,DEBIT,MOBILE,1,16348.22,16348.22,17348.22,17848.22,1500,MIDRANGE PHONE
28-06-2019,2019-2020,1,P/M/A10,CREDIT,MOBILE,1,16348.22,16348.22,17348.22,17848.22,1500,MIDRANGE PHONE
29-06-2019,2019-2020,1,P/M/A10,MOBILE PAYMENTS,MOBILE,1,16348.22,16348.22,17348.22,17848.22,1500,MIDRANGE PHONE
30-06-2019,2019-2020,1,P/M/A10,DEBIT,MOBILE,1,16348.22,16348.22,17348.22,17848.22,1500,MIDRANGE PHONE
1/5/2019,2019-2020,1,P/M/A23,DEBIT,MOBILE,1,650,650,750,1250,600,BUDGET PHONE
2/5/2019,2019-2020,1,P/M/A7,MOBILE PAYMENTS,MOBILE,1,12330.36,12330.36,13330.36,13830.36,1500,BUDGET PHONE
3/5/2019,2019-2020,1,P/M/A1,CASH,MOBILE,1,6580.36,6580.36,7080.36,7580.36,1000,BUDGET PHONE
3/5/2019,2019-2020,1,P/M/A1,MOBILE PAYMENTS,MOBILE,1,6133.92,6133.92,6633.92,7133.92,1000,BUDGET PHONE
3/5/2019,2019-2020,1,P/M/A1,DEBIT,MOBILE,1,6133.93,6133.93,6633.93,7133.93,1000,BUDGET PHONE
3/5/2019,2019-2020,1,P/M/A24,MOBILE PAYMENTS,MOBILE,1,908.92,908.92,1008.92,1508.92,600,BUDGET PHONE
3/5/2019,2019-2020,1,P/M/A3,DEBIT,MOBILE,1,9258.92,9258.92,9758.92,10258.92,1000,BUDGET PHONE
3/5/2019,2019-2020,1,P/M/A7,MOBILE PAYMENTS,MOBILE,1,12330.36,12330.36,13330.36,13830.36,1500,BUDGET PHONE
4/5/2019,2019-2020,1,P/A/20,MOBILE PAYMENTS,ACCESSORY,1,585.6,585.6,685.6,1185.6,600,BATTERY
4/5/2019,2019-2020,1,P/A/30,MOBILE PAYMENTS,ACCESSORY,1,1941.52,1941.52,2041.52,2541.52,600,COVER
4/5/2019,2019-2020,1,P/M/A24,CASH,MOBILE,1,882.14,882.14,982.14,1482.14,600,BUDGET PHONE
4/5/2019,2019-2020,1,P/M/A3,DEBIT,MOBILE,1,9258.92,9258.92,9758.92,10258.92,1000,BUDGET PHONE
5/5/2019,2019-2020,1,P/A/50,CASH,ACCESSORY,1,2196.62,2196.62,2296.62,2796.62,600,WIRELESS HEADSET
5/5/2019,2019-2020,1,P/M/A3,MOBILE PAYMENTS,MOBILE,1,9258.92,9258.92,9758.92,10258.92,1000,BUDGET PHONE
5/5/2019,2019-2020,1,P/M/A3,CREDIT,MOBILE,1,9258.92,9258.92,9758.92,10258.92,1000,BUDGET PHONE
5/5/2019,2019-2020,1,P/M/A3,MOBILE PAYMENTS,MOBILE,1,9258.92,9258.92,9758.92,10258.92,1000,BUDGET PHONE
6/5/2019,2019-2020,1,P/A/20,DEBIT,ACCESSORY,1,585.6,585.6,685.6,1185.6,600,BATTERY
6/5/2019,2019-2020,1,P/A/21,CREDIT,ACCESSORY,1,408.48,408.48,508.48,1008.48,600,CHARGER 
6/5/2019,2019-2020,1,P/A/21,MOBILE PAYMENTS,ACCESSORY,1,408.48,408.48,508.48,1008.48,600,CHARGER 
6/5/2019,2019-2020,1,P/M/A1,DEBIT,MOBILE,1,6133.92,6133.92,6633.92,7133.92,1000,BUDGET PHONE
6/5/2019,2019-2020,1,P/M/A7,DEBIT,MOBILE,1,12330.36,12330.36,13330.36,13830.36,1500,BUDGET PHONE
7/5/2019,2019-2020,1,P/M/A3,DEBIT,MOBILE,1,9258.92,9258.92,9758.92,10258.92,1000,BUDGET PHONE
7/5/2019,2019-2020,1,P/M/A3,CASH,MOBILE,1,9651.78,9651.78,10651.78,11151.78,1500,BUDGET PHONE
7/5/2019,2019-2020,1,P/M/A45,DEBIT,MOBILE,1,58232.14,58232.14,59232.14,59732.14,1500,FLAGSHIP PHONE
7/5/2019,2019-2020,1,P/M/A45,MOBILE PAYMENTS,MOBILE,1,58232.14,58232.14,59232.14,59732.14,1500,FLAGSHIP PHONE
7/5/2019,2019-2020,1,P/M/A7,MOBILE PAYMENTS,MOBILE,1,12330.36,12330.36,13330.36,13830.36,1500,BUDGET PHONE
7/5/2019,2019-2020,1,P/M/A7,MOBILE PAYMENTS,MOBILE,1,12330.36,12330.36,13330.36,13830.36,1500,BUDGET PHONE
7/5/2019,2019-2020,1,P/M/A7,MOBILE PAYMENTS,MOBILE,1,12330.36,12330.36,13330.36,13830.36,1500,BUDGET PHONE
8/5/2019,2019-2020,1,P/A/35,DEBIT,ACCESSORY,1,1688.14,1688.14,1788.14,2288.14,600,COVER
8/5/2019,2019-2020,1,P/A/39,CASH,ACCESSORY,1,459.32,459.32,559.32,1059.32,600,COVER
8/5/2019,2019-2020,1,P/M/A1,CASH,MOBILE,1,6133.92,6133.92,6633.92,7133.92,1000,BUDGET PHONE
8/5/2019,2019-2020,1,P/M/A1,DEBIT,MOBILE,1,6133.92,6133.92,6633.92,7133.92,1000,BUDGET PHONE
9/5/2019,2019-2020,1,P/A/3,CREDIT,ACCESSORY,1,23915.26,23915.26,24915.26,25415.26,1500,GALAXY WATCH
9/5/2019,2019-2020,1,P/A/35,CREDIT,ACCESSORY,1,1688.14,1688.14,1788.14,2288.14,600,COVER
9/5/2019,2019-2020,1,P/M/A1,CREDIT,MOBILE,1,6133.92,6133.92,6633.92,7133.92,1000,BUDGET PHONE
9/5/2019,2019-2020,1,P/M/A25,CASH,MOBILE,1,1230.36,1230.36,1330.36,1830.36,600,BUDGET PHONE
9/5/2019,2019-2020,1,P/M/A46,CREDIT,MOBILE,1,64482.14,64482.14,65482.14,65982.14,1500,FLAGSHIP PHONE
9/5/2019,2019-2020,1,P/M/A7,MOBILE PAYMENTS,MOBILE,1,12330.36,12330.36,13330.36,13830.36,1500,BUDGET PHONE
9/5/2019,2019-2020,1,P/M/A7,DEBIT,MOBILE,1,12330.36,12330.36,13330.36,13830.36,1500,BUDGET PHONE
10/5/2019,2019-2020,1,P/A/30,CREDIT,ACCESSORY,1,1688.14,1688.14,1788.14,2288.14,600,COVER
10/5/2019,2019-2020,1,P/M/A3,DEBIT,MOBILE,1,9651.78,9651.78,10651.78,11151.78,1500,BUDGET PHONE
10/5/2019,2019-2020,1,P/M/A45,MOBILE PAYMENTS,MOBILE,1,58232.14,58232.14,59232.14,59732.14,1500,FLAGSHIP PHONE
10/5/2019,2019-2020,1,P/M/A46,CREDIT,MOBILE,1,64482.14,64482.14,65482.14,65982.14,1500,FLAGSHIP PHONE
11/5/2019,2019-2020,1,P/A/35,CASH,ACCESSORY,1,2027.12,2027.12,2127.12,2627.12,600,COVER
11/5/2019,2019-2020,1,P/A/35,CASH,ACCESSORY,1,2027.12,2027.12,2127.12,2627.12,600,COVER
11/5/2019,2019-2020,1,P/M/A24,DEBIT,MOBILE,1,850.9,850.9,950.9,1450.9,600,BUDGET PHONE
11/5/2019,2019-2020,1,P/M/A3,CREDIT,MOBILE,1,9651.78,9651.78,10651.78,11151.78,1500,BUDGET PHONE
11/5/2019,2019-2020,1,P/M/A44,CASH,MOBILE,1,48410.72,48410.72,49410.72,49910.72,1500,PREMIUM MIDRANGE PHONE
11/5/2019,2019-2020,1,P/M/A6,MOBILE PAYMENTS,MOBILE,1,3723.22,3723.22,4223.22,4723.22,1000,BUDGET PHONE
12/5/2019,2019-2020,1,P/A/20,CREDIT,ACCESSORY,1,585.6,585.6,685.6,1185.6,600,BATTERY
12/5/2019,2019-2020,1,P/A/22,DEBIT,ACCESSORY,1,408.48,408.48,508.48,1008.48,600,CHARGER 
12/5/2019,2019-2020,1,P/M/A1,CREDIT,MOBILE,1,6133.92,6133.92,6633.92,7133.92,1000,BUDGET PHONE
12/5/2019,2019-2020,1,P/M/A1,DEBIT,MOBILE,1,6133.92,6133.92,6633.92,7133.92,1000,BUDGET PHONE
12/5/2019,2019-2020,1,P/M/A1,CREDIT,MOBILE,1,6133.92,6133.92,6633.92,7133.92,1000,BUDGET PHONE
12/5/2019,2019-2020,1,P/M/A23,CREDIT,MOBILE,1,650,650,750,1250,600,BUDGET PHONE
12/5/2019,2019-2020,1,P/M/A3,MOBILE PAYMENTS,MOBILE,1,9651.79,9651.79,10651.79,11151.79,1500,BUDGET PHONE
13-05-2019,2019-2020,1,P/M/A3,DEBIT,MOBILE,1,9651.78,9651.78,10651.78,11151.78,1500,BUDGET PHONE
14-05-2019,2019-2020,1,P/A/1,MOBILE PAYMENTS,ACCESSORY,1,16932.2,16932.2,17932.2,18432.2,1500,GALAXY WATCH
14-05-2019,2019-2020,1,P/M/A1,DEBIT,MOBILE,1,6133.93,6133.93,6633.93,7133.93,1000,BUDGET PHONE
14-05-2019,2019-2020,1,P/M/A24,CASH,MOBILE,1,873.22,873.22,973.22,1473.22,600,BUDGET PHONE
14-05-2019,2019-2020,1,P/M/A45,DEBIT,MOBILE,1,58232.14,58232.14,59232.14,59732.14,1500,FLAGSHIP PHONE
15-05-2019,2019-2020,1,P/A/3,MOBILE PAYMENTS,ACCESSORY,1,23915.26,23915.26,24915.26,25415.26,1500,GALAXY WATCH
15-05-2019,2019-2020,1,P/M/A1,CASH,MOBILE,1,6133.92,6133.92,6633.92,7133.92,1000,BUDGET PHONE
15-05-2019,2019-2020,1,P/M/A23,CREDIT,MOBILE,1,650,650,750,1250,600,BUDGET PHONE
15-05-2019,2019-2020,1,P/M/A44,CREDIT,MOBILE,1,48410.72,48410.72,49410.72,49910.72,1500,PREMIUM MIDRANGE PHONE
16-05-2019,2019-2020,1,P/A/47,CREDIT,ACCESSORY,1,1349.16,1349.16,1449.16,1949.16,600,WIRELESS HEADSET
16-05-2019,2019-2020,1,P/M/A1,DEBIT,MOBILE,1,6133.92,6133.92,6633.92,7133.92,1000,BUDGET PHONE
16-05-2019,2019-2020,1,P/M/A46,DEBIT,MOBILE,1,64482.14,64482.14,65482.14,65982.14,1500,FLAGSHIP PHONE
16-05-2019,2019-2020,1,P/M/A46,CREDIT,MOBILE,1,64482.14,64482.14,65482.14,65982.14,1500,FLAGSHIP PHONE
17-05-2019,2019-2020,1,P/A/22,DEBIT,ACCESSORY,1,408.48,408.48,508.48,1008.48,600,CHARGER 
17-05-2019,2019-2020,1,P/A/22,CASH,ACCESSORY,1,408.48,408.48,508.48,1008.48,600,CHARGER 
17-05-2019,2019-2020,1,P/A/30,MOBILE PAYMENTS,ACCESSORY,1,1941.52,1941.52,2041.52,2541.52,600,COVER
17-05-2019,2019-2020,1,P/M/A3,CREDIT,MOBILE,1,9651.78,9651.78,10651.78,11151.78,1500,BUDGET PHONE
17-05-2019,2019-2020,1,P/M/A6,DEBIT,MOBILE,1,3723.22,3723.22,4223.22,4723.22,1000,BUDGET PHONE
18-05-2019,2019-2020,1,P/A/50,CREDIT,ACCESSORY,1,2196.62,2196.62,2296.62,2796.62,600,WIRELESS HEADSET
18-05-2019,2019-2020,1,P/M/A3,CREDIT,MOBILE,1,9258.92,9258.92,9758.92,10258.92,1000,BUDGET PHONE
19-05-2019,2019-2020,1,P/A/26,CASH,ACCESSORY,1,2027.12,2027.12,2127.12,2627.12,600,CHARGER 
19-05-2019,2019-2020,1,P/A/26,CASH,ACCESSORY,1,2195.76,2195.76,2295.76,2795.76,600,CHARGER 
19-05-2019,2019-2020,1,P/M/A1,CREDIT,MOBILE,1,6133.92,6133.92,6633.92,7133.92,1000,BUDGET PHONE
19-05-2019,2019-2020,1,P/M/A1,CREDIT,MOBILE,1,6133.92,6133.92,6633.92,7133.92,1000,BUDGET PHONE
19-05-2019,2019-2020,1,P/M/A1,CREDIT,MOBILE,1,6133.92,6133.92,6633.92,7133.92,1000,BUDGET PHONE
19-05-2019,2019-2020,1,P/M/A3,CASH,MOBILE,1,9651.78,9651.78,10651.78,11151.78,1500,BUDGET PHONE
19-05-2019,2019-2020,1,P/M/A44,MOBILE PAYMENTS,MOBILE,1,48410.72,48410.72,49410.72,49910.72,1500,PREMIUM MIDRANGE PHONE
20-05-2019,2019-2020,1,P/M/A3,MOBILE PAYMENTS,MOBILE,1,9651.78,9651.78,10651.78,11151.78,1500,BUDGET PHONE
20-05-2019,2019-2020,1,P/M/A3,MOBILE PAYMENTS,MOBILE,1,9258.93,9258.93,9758.93,10258.93,1000,BUDGET PHONE
20-05-2019,2019-2020,1,P/M/A45,MOBILE PAYMENTS,MOBILE,1,58232.14,58232.14,59232.14,59732.14,1500,FLAGSHIP PHONE
20-05-2019,2019-2020,1,P/M/A6,DEBIT,MOBILE,1,3723.22,3723.22,4223.22,4723.22,1000,BUDGET PHONE
21-05-2019,2019-2020,1,P/A/20,CREDIT,ACCESSORY,1,585.6,585.6,685.6,1185.6,600,BATTERY
21-05-2019,2019-2020,1,P/M/A46,DEBIT,MOBILE,1,64482.14,64482.14,65482.14,65982.14,1500,FLAGSHIP PHONE
22-05-2019,2019-2020,1,P/A/20,MOBILE PAYMENTS,ACCESSORY,1,585.6,585.6,685.6,1185.6,600,BATTERY
22-05-2019,2019-2020,1,P/M/A1,DEBIT,MOBILE,1,6133.92,6133.92,6633.92,7133.92,1000,BUDGET PHONE
23-05-2019,2019-2020,1,P/A/15,MOBILE PAYMENTS,ACCESSORY,1,416.94,416.94,516.94,1016.94,600,BATTERY
23-05-2019,2019-2020,1,P/A/50,CREDIT,ACCESSORY,1,2196.62,2196.62,2296.62,2796.62,600,WIRELESS HEADSET
24-05-2019,2019-2020,1,P/A/21,CASH,ACCESSORY,1,408.48,408.48,508.48,1008.48,600,CHARGER 
24-05-2019,2019-2020,1,P/M/A3,CASH,MOBILE,1,9651.78,9651.78,10651.78,11151.78,1500,BUDGET PHONE
25-05-2019,2019-2020,1,P/A/26,CASH,ACCESSORY,1,1942.38,1942.38,2042.38,2542.38,600,CHARGER 
25-05-2019,2019-2020,1,P/A/35,CASH,ACCESSORY,1,1942.38,1942.38,2042.38,2542.38,600,COVER
25-05-2019,2019-2020,1,P/M/A1,CASH,MOBILE,1,6133.92,6133.92,6633.92,7133.92,1000,BUDGET PHONE
25-05-2019,2019-2020,1,P/M/A3,DEBIT,MOBILE,1,9651.78,9651.78,10651.78,11151.78,1500,BUDGET PHONE
25-05-2019,2019-2020,1,P/M/A45,MOBILE PAYMENTS,MOBILE,1,58232.14,58232.14,59232.14,59732.14,1500,FLAGSHIP PHONE
25-05-2019,2019-2020,1,P/M/A46,MOBILE PAYMENTS,MOBILE,1,64482.14,64482.14,65482.14,65982.14,1500,FLAGSHIP PHONE
26-05-2019,2019-2020,1,P/A/21,CASH,ACCESSORY,1,408.48,408.48,508.48,1008.48,600,CHARGER 
26-05-2019,2019-2020,1,P/A/50,CREDIT,ACCESSORY,1,2111.86,2111.86,2211.86,2711.86,600,WIRELESS HEADSET
26-05-2019,2019-2020,1,P/M/A1,MOBILE PAYMENTS,MOBILE,1,6133.92,6133.92,6633.92,7133.92,1000,BUDGET PHONE
26-05-2019,2019-2020,1,P/M/A1,DEBIT,MOBILE,1,6133.92,6133.92,6633.92,7133.92,1000,BUDGET PHONE
26-05-2019,2019-2020,1,P/M/A44,MOBILE PAYMENTS,MOBILE,1,48410.72,48410.72,49410.72,49910.72,1500,PREMIUM MIDRANGE PHONE
27-05-2019,2019-2020,1,P/A/3,DEBIT,ACCESSORY,1,23915.26,23915.26,24915.26,25415.26,1500,GALAXY WATCH
27-05-2019,2019-2020,1,P/A/47,DEBIT,ACCESSORY,1,1349.16,1349.16,1449.16,1949.16,600,WIRELESS HEADSET
27-05-2019,2019-2020,1,P/M/A23,CREDIT,MOBILE,1,650,650,750,1250,600,BUDGET PHONE
27-05-2019,2019-2020,1,P/M/A23,MOBILE PAYMENTS,MOBILE,1,650,650,750,1250,600,BUDGET PHONE
27-05-2019,2019-2020,1,P/M/A3,CREDIT,MOBILE,1,9651.78,9651.78,10651.78,11151.78,1500,BUDGET PHONE
27-05-2019,2019-2020,1,P/M/A3,CREDIT,MOBILE,1,9651.78,9651.78,10651.78,11151.78,1500,BUDGET PHONE
27-05-2019,2019-2020,1,P/M/A44,DEBIT,MOBILE,1,48410.72,48410.72,49410.72,49910.72,1500,PREMIUM MIDRANGE PHONE
28-05-2019,2019-2020,1,P/A/3,DEBIT,ACCESSORY,1,23915.26,23915.26,24915.26,25415.26,1500,GALAXY WATCH
28-05-2019,2019-2020,1,P/M/A1,MOBILE PAYMENTS,MOBILE,1,6133.92,6133.92,6633.92,7133.92,1000,BUDGET PHONE
28-05-2019,2019-2020,1,P/M/A1,MOBILE PAYMENTS,MOBILE,1,6133.92,6133.92,6633.92,7133.92,1000,BUDGET PHONE
28-05-2019,2019-2020,1,P/M/A3,CASH,MOBILE,1,9651.78,9651.78,10651.78,11151.78,1500,BUDGET PHONE
28-05-2019,2019-2020,1,P/M/A3,MOBILE PAYMENTS,MOBILE,1,9651.78,9651.78,10651.78,11151.78,1500,BUDGET PHONE
28-05-2019,2019-2020,1,P/M/A3,MOBILE PAYMENTS,MOBILE,1,9651.78,9651.78,10651.78,11151.78,1500,BUDGET PHONE
28-05-2019,2019-2020,1,P/M/A3,MOBILE PAYMENTS,MOBILE,1,9651.78,9651.78,10651.78,11151.78,1500,BUDGET PHONE
28-05-2019,2019-2020,1,P/M/A45,DEBIT,MOBILE,1,58232.14,58232.14,59232.14,59732.14,1500,FLAGSHIP PHONE
28-05-2019,2019-2020,1,P/M/A46,DEBIT,MOBILE,1,64482.14,64482.14,65482.14,65982.14,1500,FLAGSHIP PHONE
29-05-2019,2019-2020,1,P/A/1,CASH,ACCESSORY,1,18838.98,18838.98,19838.98,20338.98,1500,GALAXY WATCH
29-05-2019,2019-2020,1,P/A/22,DEBIT,ACCESSORY,1,408.48,408.48,508.48,1008.48,600,CHARGER 
29-05-2019,2019-2020,1,P/A/26,MOBILE PAYMENTS,ACCESSORY,1,1942.38,1942.38,2042.38,2542.38,600,CHARGER 
29-05-2019,2019-2020,1,P/M/A1,CASH,MOBILE,1,6133.92,6133.92,6633.92,7133.92,1000,BUDGET PHONE
29-05-2019,2019-2020,1,P/M/A45,DEBIT,MOBILE,1,58232.14,58232.14,59232.14,59732.14,1500,FLAGSHIP PHONE
30-05-2019,2019-2020,1,P/A/26,CREDIT,ACCESSORY,1,2111.86,2111.86,2211.86,2711.86,600,CHARGER 
30-05-2019,2019-2020,1,P/M/A1,CASH,MOBILE,1,6133.92,6133.92,6633.92,7133.92,1000,BUDGET PHONE
30-05-2019,2019-2020,1,P/M/A3,DEBIT,MOBILE,1,9651.78,9651.78,10651.78,11151.78,1500,BUDGET PHONE
30-05-2019,2019-2020,1,P/M/A44,CASH,MOBILE,1,48410.72,48410.72,49410.72,49910.72,1500,PREMIUM MIDRANGE PHONE
31-05-2019,2019-2020,1,P/A/22,MOBILE PAYMENTS,ACCESSORY,1,408.48,408.48,508.48,1008.48,600,CHARGER 
31-05-2019,2019-2020,1,P/A/3,CREDIT,ACCESSORY,1,23915.26,23915.26,24915.26,25415.26,1500,GALAXY WATCH
31-05-2019,2019-2020,1,P/A/35,DEBIT,ACCESSORY,1,1942.38,1942.38,2042.38,2542.38,600,COVER
31-05-2019,2019-2020,1,P/M/A44,CASH,MOBILE,1,48410.72,48410.72,49410.72,49910.72,1500,PREMIUM MIDRANGE PHONE
31-05-2019,2019-2020,1,P/M/A44,MOBILE PAYMENTS,MOBILE,1,48410.72,48410.72,49410.72,49910.72,1500,PREMIUM MIDRANGE PHONE
1/6/2019,2019-2020,1,P/A/13,CREDIT,ACCESSORY,1,416.94,416.94,516.94,1016.94,600,BATTERY
1/6/2019,2019-2020,1,P/A/22,MOBILE PAYMENTS,ACCESSORY,1,408.48,408.48,508.48,1008.48,600,CHARGER 
1/6/2019,2019-2020,1,P/A/27,DEBIT,ACCESSORY,1,4083.9,4083.9,4583.9,5083.9,1000,CHARGER 
1/6/2019,2019-2020,1,P/M/A1,CREDIT,MOBILE,1,6133.92,6133.92,6633.92,7133.92,1000,BUDGET PHONE
1/6/2019,2019-2020,1,P/M/A3,DEBIT,MOBILE,1,9651.78,9651.78,10651.78,11151.78,1500,BUDGET PHONE
2/6/2019,2019-2020,1,P/A/22,MOBILE PAYMENTS,ACCESSORY,1,408.48,408.48,508.48,1008.48,600,CHARGER 
2/6/2019,2019-2020,1,P/A/22,DEBIT,ACCESSORY,2,323.73,647.46,423.73,1847.46,1200,CHARGER 
2/6/2019,2019-2020,1,P/M/A1,CREDIT,MOBILE,1,6133.92,6133.92,6633.92,7133.92,1000,BUDGET PHONE
2/6/2019,2019-2020,1,P/M/A1,MOBILE PAYMENTS,MOBILE,2,6133.93,12267.86,6633.93,14267.86,2000,BUDGET PHONE
2/6/2019,2019-2020,1,P/M/A1,DEBIT,MOBILE,1,6133.93,6133.93,6633.93,7133.93,1000,BUDGET PHONE
2/6/2019,2019-2020,1,P/M/A3,CREDIT,MOBILE,1,9651.78,9651.78,10651.78,11151.78,1500,BUDGET PHONE
2/6/2019,2019-2020,1,P/M/A3,CASH,MOBILE,1,9651.78,9651.78,10651.78,11151.78,1500,BUDGET PHONE
2/6/2019,2019-2020,1,P/M/A45,MOBILE PAYMENTS,MOBILE,1,58232.14,58232.14,59232.14,59732.14,1500,FLAGSHIP PHONE
2/6/2019,2019-2020,1,P/M/A46,MOBILE PAYMENTS,MOBILE,1,64482.14,64482.14,65482.14,65982.14,1500,FLAGSHIP PHONE
2/6/2019,2019-2020,1,P/M/A46,DEBIT,MOBILE,1,64482.14,64482.14,65482.14,65982.14,1500,FLAGSHIP PHONE
2/6/2019,2019-2020,1,P/M/A46,CREDIT,MOBILE,1,64482.14,64482.14,65482.14,65982.14,1500,FLAGSHIP PHONE
2/6/2019,2019-2020,1,P/M/A46,MOBILE PAYMENTS,MOBILE,1,64482.14,64482.14,65482.14,65982.14,1500,FLAGSHIP PHONE
2/6/2019,2019-2020,1,P/M/A7,CREDIT,MOBILE,6,13669.64,82017.84,14669.64,91017.86,9000,MIDRANGE PHONE
3/6/2019,2019-2020,1,P/A/41,DEBIT,ACCESSORY,1,2027.12,2027.12,2127.12,2627.12,600,POWER BANK
3/6/2019,2019-2020,1,P/A/41,MOBILE PAYMENTS,ACCESSORY,1,671.18,671.18,771.18,1271.18,600,POWER BANK
3/6/2019,2019-2020,1,P/M/A23,CREDIT,MOBILE,1,650,650,750,1250,600,BUDGET PHONE
3/6/2019,2019-2020,1,P/M/A44,CREDIT,MOBILE,1,48410.72,48410.72,49410.72,49910.72,1500,PREMIUM MIDRANGE PHONE
3/6/2019,2019-2020,1,P/M/A45,CREDIT,MOBILE,1,58232.14,58232.14,59232.14,59732.14,1500,FLAGSHIP PHONE
4/6/2019,2019-2020,1,P/M/A7,DEBIT,MOBILE,1,12330.36,12330.36,13330.36,13830.36,1500,BUDGET PHONE
5/6/2019,2019-2020,1,P/A/44,CREDIT,ACCESSORY,1,7466.1,7466.1,7966.1,8466.1,1000,WIRELESS EARPHONES
5/6/2019,2019-2020,1,P/M/A45,CREDIT,MOBILE,1,58232.14,58232.14,59232.14,59732.14,1500,FLAGSHIP PHONE
6/6/2019,2019-2020,1,P/A/44,CREDIT,ACCESSORY,1,7466.1,7466.1,7966.1,8466.1,1000,WIRELESS EARPHONES
6/6/2019,2019-2020,1,P/M/A1,CREDIT,MOBILE,1,6133.92,6133.92,6633.92,7133.92,1000,BUDGET PHONE
6/6/2019,2019-2020,1,P/M/A3,DEBIT,MOBILE,1,9651.78,9651.78,10651.78,11151.78,1500,BUDGET PHONE
6/6/2019,2019-2020,1,P/M/A3,CREDIT,MOBILE,1,9651.78,9651.78,10651.78,11151.78,1500,BUDGET PHONE
6/6/2019,2019-2020,1,P/M/A3,MOBILE PAYMENTS,MOBILE,1,9651.78,9651.78,10651.78,11151.78,1500,BUDGET PHONE
7/6/2019,2019-2020,1,P/A/21,CASH,ACCESSORY,1,408.48,408.48,508.48,1008.48,600,CHARGER 
7/6/2019,2019-2020,1,P/M/A23,CREDIT,MOBILE,1,650,650,750,1250,600,BUDGET PHONE
7/6/2019,2019-2020,1,P/M/A3,CREDIT,MOBILE,1,9651.78,9651.78,10651.78,11151.78,1500,BUDGET PHONE
7/6/2019,2019-2020,1,P/M/A46,DEBIT,MOBILE,1,64482.14,64482.14,65482.14,65982.14,1500,FLAGSHIP PHONE
8/6/2019,2019-2020,1,P/A/22,MOBILE PAYMENTS,ACCESSORY,1,408.48,408.48,508.48,1008.48,600,CHARGER 
8/6/2019,2019-2020,1,P/M/A1,MOBILE PAYMENTS,MOBILE,1,6133.92,6133.92,6633.92,7133.92,1000,BUDGET PHONE
8/6/2019,2019-2020,1,P/M/A3,CREDIT,MOBILE,1,9258.92,9258.92,9758.92,10258.92,1000,BUDGET PHONE
8/6/2019,2019-2020,1,P/M/A46,MOBILE PAYMENTS,MOBILE,1,64482.14,64482.14,65482.14,65982.14,1500,FLAGSHIP PHONE
9/6/2019,2019-2020,1,P/M/A1,MOBILE PAYMENTS,MOBILE,1,6133.92,6133.92,6633.92,7133.92,1000,BUDGET PHONE
9/6/2019,2019-2020,1,P/M/A1,CASH,MOBILE,1,6133.92,6133.92,6633.92,7133.92,1000,BUDGET PHONE
14-06-2019,2019-2020,1,P/M/A10,MOBILE PAYMENTS,MOBILE,1,17687.5,17687.5,18687.5,19187.5,1500,MIDRANGE PHONE
9/6/2019,2019-2020,1,P/M/A3,CASH,MOBILE,1,9651.78,9651.78,10651.78,11151.78,1500,BUDGET PHONE
9/6/2019,2019-2020,1,P/M/A3,MOBILE PAYMENTS,MOBILE,1,9651.78,9651.78,10651.78,11151.78,1500,BUDGET PHONE
11/6/2019,2019-2020,1,P/A/27,MOBILE PAYMENTS,ACCESSORY,1,4083.9,4083.9,4583.9,5083.9,1000,CHARGER 
11/6/2019,2019-2020,1,P/A/46,CREDIT,ACCESSORY,1,9432.2,9432.2,10432.2,10932.2,1500,WIRELESS EARPHONES
11/6/2019,2019-2020,1,P/M/A3,MOBILE PAYMENTS,MOBILE,1,9651.78,9651.78,10651.78,11151.78,1500,BUDGET PHONE
11/6/2019,2019-2020,1,P/M/A44,CASH,MOBILE,1,48410.72,48410.72,49410.72,49910.72,1500,PREMIUM MIDRANGE PHONE
11/6/2019,2019-2020,1,P/M/A7,DEBIT,MOBILE,1,12330.36,12330.36,13330.36,13830.36,1500,BUDGET PHONE
11/6/2019,2019-2020,1,P/M/A7,DEBIT,MOBILE,1,11714.28,11714.28,12714.28,13214.28,1500,BUDGET PHONE
12/6/2019,2019-2020,1,P/A/22,CASH,ACCESSORY,1,408.48,408.48,508.48,1008.48,600,CHARGER 
12/6/2019,2019-2020,1,P/A/50,CASH,ACCESSORY,1,2281.36,2281.36,2381.36,2881.36,600,WIRELESS HEADSET
12/6/2019,2019-2020,1,P/M/A24,CREDIT,MOBILE,1,873.22,873.22,973.22,1473.22,600,BUDGET PHONE
12/6/2019,2019-2020,1,P/M/A7,MOBILE PAYMENTS,MOBILE,1,12330.36,12330.36,13330.36,13830.36,1500,BUDGET PHONE
13-06-2019,2019-2020,1,P/A/44,DEBIT,ACCESSORY,1,7466.1,7466.1,7966.1,8466.1,1000,WIRELESS EARPHONES
13-06-2019,2019-2020,1,P/M/A1,CREDIT,MOBILE,1,6133.92,6133.92,6633.92,7133.92,1000,BUDGET PHONE
14-06-2019,2019-2020,1,P/A/22,MOBILE PAYMENTS,ACCESSORY,1,408.48,408.48,508.48,1008.48,600,CHARGER 
14-06-2019,2019-2020,1,P/A/35,DEBIT,ACCESSORY,1,1942.38,1942.38,2042.38,2542.38,600,COVER
14-06-2019,2019-2020,1,P/A/47,CREDIT,ACCESSORY,1,1433.9,1433.9,1533.9,2033.9,600,WIRELESS HEADSET
14-06-2019,2019-2020,1,P/M/A1,MOBILE PAYMENTS,MOBILE,1,6133.92,6133.92,6633.92,7133.92,1000,BUDGET PHONE
14-06-2019,2019-2020,1,P/M/A3,CREDIT,MOBILE,4,8959.82,35839.28,9459.82,39839.28,4000,BUDGET PHONE
14-06-2019,2019-2020,1,P/M/A3,CASH,MOBILE,1,9651.78,9651.78,10651.78,11151.78,1500,BUDGET PHONE
14-06-2019,2019-2020,1,P/M/A3,CREDIT,MOBILE,2,8959.82,17919.64,9459.82,19919.64,2000,BUDGET PHONE
14-06-2019,2019-2020,1,P/M/A46,DEBIT,MOBILE,1,64482.14,64482.14,65482.14,65982.14,1500,FLAGSHIP PHONE
15-06-2019,2019-2020,1,P/A/47,DEBIT,ACCESSORY,1,1349.16,1349.16,1449.16,1949.16,600,WIRELESS HEADSET
15-06-2019,2019-2020,1,P/A/47,MOBILE PAYMENTS,ACCESSORY,1,1349.15,1349.15,1449.15,1949.15,600,WIRELESS HEADSET
15-06-2019,2019-2020,1,P/A/47,CREDIT,ACCESSORY,1,1349.16,1349.16,1449.16,1949.16,600,WIRELESS HEADSET
15-06-2019,2019-2020,1,P/M/A1,CREDIT,MOBILE,1,6133.92,6133.92,6633.92,7133.92,1000,BUDGET PHONE
15-06-2019,2019-2020,1,P/M/A3,CREDIT,MOBILE,1,9258.92,9258.92,9758.92,10258.92,1000,BUDGET PHONE
15-06-2019,2019-2020,1,P/M/A3,CREDIT,MOBILE,1,9258.92,9258.92,9758.92,10258.92,1000,BUDGET PHONE
16-06-2019,2019-2020,1,P/M/A1,MOBILE PAYMENTS,MOBILE,1,6133.92,6133.92,6633.92,7133.92,1000,BUDGET PHONE
16-06-2019,2019-2020,1,P/M/A3,CREDIT,MOBILE,1,9258.92,9258.92,9758.92,10258.92,1000,BUDGET PHONE
16-06-2019,2019-2020,1,P/M/A3,MOBILE PAYMENTS,MOBILE,1,9258.92,9258.92,9758.92,10258.92,1000,BUDGET PHONE
16-06-2019,2019-2020,1,P/M/A7,DEBIT,MOBILE,1,12330.36,12330.36,13330.36,13830.36,1500,BUDGET PHONE
16-06-2019,2019-2020,1,P/M/A75,MOBILE PAYMENTS,MOBILE,1,74303.58,74303.58,75303.58,75803.58,1500,FLAGSHIP PHONE
17-06-2019,2019-2020,1,P/M/A1,MOBILE PAYMENTS,MOBILE,1,6133.92,6133.92,6633.92,7133.92,1000,BUDGET PHONE
17-06-2019,2019-2020,1,P/M/A1,MOBILE PAYMENTS,MOBILE,1,6133.92,6133.92,6633.92,7133.92,1000,BUDGET PHONE
17-06-2019,2019-2020,1,P/M/A44,CREDIT,MOBILE,1,48410.72,48410.72,49410.72,49910.72,1500,PREMIUM MIDRANGE PHONE
17-06-2019,2019-2020,1,P/M/A7,MOBILE PAYMENTS,MOBILE,1,12330.36,12330.36,13330.36,13830.36,1500,BUDGET PHONE
17-06-2019,2019-2020,1,P/M/A7,CREDIT,MOBILE,1,12330.36,12330.36,13330.36,13830.36,1500,BUDGET PHONE
18-06-2019,2019-2020,1,P/A/22,CASH,ACCESSORY,1,408.48,408.48,508.48,1008.48,600,CHARGER 
18-06-2019,2019-2020,1,P/M/A3,MOBILE PAYMENTS,MOBILE,1,9258.92,9258.92,9758.92,10258.92,1000,BUDGET PHONE
18-06-2019,2019-2020,1,P/M/A7,MOBILE PAYMENTS,MOBILE,1,12330.36,12330.36,13330.36,13830.36,1500,BUDGET PHONE
19-06-2019,2019-2020,1,P/A/22,MOBILE PAYMENTS,ACCESSORY,1,408.48,408.48,508.48,1008.48,600,CHARGER 
19-06-2019,2019-2020,1,P/A/22,DEBIT,ACCESSORY,1,408.48,408.48,508.48,1008.48,600,CHARGER 
19-06-2019,2019-2020,1,P/A/3,DEBIT,ACCESSORY,1,23915.26,23915.26,24915.26,25415.26,1500,GALAXY WATCH
19-06-2019,2019-2020,1,P/M/A24,MOBILE PAYMENTS,MOBILE,1,828.58,828.58,928.58,1428.58,600,BUDGET PHONE
19-06-2019,2019-2020,1,P/M/A7,DEBIT,MOBILE,1,12330.36,12330.36,13330.36,13830.36,1500,BUDGET PHONE
19-06-2019,2019-2020,1,P/M/A7,MOBILE PAYMENTS,MOBILE,1,11714.28,11714.28,12714.28,13214.28,1500,BUDGET PHONE
20-06-2019,2019-2020,1,P/M/A1,CASH,MOBILE,1,6133.92,6133.92,6633.92,7133.92,1000,BUDGET PHONE
20-06-2019,2019-2020,1,P/M/A23,DEBIT,MOBILE,1,650,650,750,1250,600,BUDGET PHONE
21-06-2019,2019-2020,1,P/M/A1,DEBIT,MOBILE,1,6133.92,6133.92,6633.92,7133.92,1000,BUDGET PHONE
21-06-2019,2019-2020,1,P/M/A1,DEBIT,MOBILE,1,6133.92,6133.92,6633.92,7133.92,1000,BUDGET PHONE
24-05-2019,2019-2020,1,P/M/A22,MOBILE PAYMENTS,MOBILE,1,17785.71,17785.71,18785.71,19285.71,1500,MIDRANGE PHONE
25-06-2019,2019-2020,1,P/M/A22,CASH,MOBILE,1,17785.71,17785.71,18785.71,19285.71,1500,MIDRANGE PHONE
25-06-2019,2019-2020,1,P/M/A22,MOBILE PAYMENTS,MOBILE,1,17785.71,17785.71,18785.71,19285.71,1500,MIDRANGE PHONE
21-06-2019,2019-2020,1,P/M/A23,MOBILE PAYMENTS,MOBILE,1,650,650,750,1250,600,BUDGET PHONE
21-06-2019,2019-2020,1,P/M/A24,CREDIT,MOBILE,1,873.22,873.22,973.22,1473.22,600,BUDGET PHONE
21-06-2019,2019-2020,1,P/M/A3,CASH,MOBILE,1,9258.92,9258.92,9758.92,10258.92,1000,BUDGET PHONE
21-06-2019,2019-2020,1,P/M/A3,DEBIT,MOBILE,1,9258.92,9258.92,9758.92,10258.92,1000,BUDGET PHONE
21-06-2019,2019-2020,1,P/M/A45,CREDIT,MOBILE,1,58232.14,58232.14,59232.14,59732.14,1500,FLAGSHIP PHONE
21-06-2019,2019-2020,1,P/M/A7,MOBILE PAYMENTS,MOBILE,1,12330.36,12330.36,13330.36,13830.36,1500,BUDGET PHONE
22-06-2019,2019-2020,1,P/A/41,MOBILE PAYMENTS,ACCESSORY,1,2154.24,2154.24,2254.24,2754.24,600,POWER BANK
22-06-2019,2019-2020,1,P/A/44,MOBILE PAYMENTS,ACCESSORY,1,7466.1,7466.1,7966.1,8466.1,1000,WIRELESS EARPHONES
22-06-2019,2019-2020,1,P/A/47,CREDIT,ACCESSORY,1,1349.16,1349.16,1449.16,1949.16,600,WIRELESS HEADSET
26-06-2019,2019-2020,1,P/M/A22,CASH,MOBILE,1,17785.71,17785.71,18785.71,19285.71,1500,MIDRANGE PHONE
22-06-2019,2019-2020,1,P/M/A24,MOBILE PAYMENTS,MOBILE,1,828.58,828.58,928.58,1428.58,600,BUDGET PHONE
23-06-2019,2019-2020,1,P/A/47,CASH,ACCESSORY,1,1349.16,1349.16,1449.16,1949.16,600,WIRELESS HEADSET
23-06-2019,2019-2020,1,P/M/A1,MOBILE PAYMENTS,MOBILE,1,6133.92,6133.92,6633.92,7133.92,1000,BUDGET PHONE
23-06-2019,2019-2020,1,P/M/A1,MOBILE PAYMENTS,MOBILE,1,6133.92,6133.92,6633.92,7133.92,1000,BUDGET PHONE
26-06-2019,2019-2020,1,P/M/A22,DEBIT,MOBILE,1,17785.71,17785.71,18785.71,19285.71,1500,MIDRANGE PHONE
27-06-2019,2019-2020,1,P/M/A22,MOBILE PAYMENTS,MOBILE,1,17785.71,17785.71,18785.71,19285.71,1500,MIDRANGE PHONE
23-06-2019,2019-2020,1,P/M/A3,DEBIT,MOBILE,1,9258.92,9258.92,9758.92,10258.92,1000,BUDGET PHONE
23-06-2019,2019-2020,1,P/M/A3,MOBILE PAYMENTS,MOBILE,1,9258.92,9258.92,9758.92,10258.92,1000,BUDGET PHONE
23-06-2019,2019-2020,1,P/M/A45,MOBILE PAYMENTS,MOBILE,1,58232.14,58232.14,59232.14,59732.14,1500,FLAGSHIP PHONE
23-06-2019,2019-2020,1,P/M/A7,MOBILE PAYMENTS,MOBILE,1,12330.36,12330.36,13330.36,13830.36,1500,BUDGET PHONE
23-06-2019,2019-2020,1,P/M/A7,CREDIT,MOBILE,1,12330.36,12330.36,13330.36,13830.36,1500,BUDGET PHONE
24-06-2019,2019-2020,1,P/A/41,DEBIT,ACCESSORY,1,2154.24,2154.24,2254.24,2754.24,600,POWER BANK
24-06-2019,2019-2020,1,P/M/A1,CREDIT,MOBILE,1,6133.92,6133.92,6633.92,7133.92,1000,BUDGET PHONE
24-06-2019,2019-2020,1,P/M/A1,CASH,MOBILE,1,6133.92,6133.92,6633.92,7133.92,1000,BUDGET PHONE
24-06-2019,2019-2020,1,P/M/A1,MOBILE PAYMENTS,MOBILE,1,6133.92,6133.92,6633.92,7133.92,1000,BUDGET PHONE
18-05-2019,2019-2020,1,P/M/A22,MOBILE PAYMENTS,MOBILE,1,17964.29,17964.29,18964.29,19464.29,1500,MIDRANGE PHONE
24-06-2019,2019-2020,1,P/M/A3,CREDIT,MOBILE,1,9258.92,9258.92,9758.92,10258.92,1000,BUDGET PHONE
24-06-2019,2019-2020,1,P/M/A3,MOBILE PAYMENTS,MOBILE,1,9258.92,9258.92,9758.92,10258.92,1000,BUDGET PHONE
25-06-2019,2019-2020,1,P/A/3,MOBILE PAYMENTS,ACCESSORY,1,23915.26,23915.26,24915.26,25415.26,1500,GALAXY WATCH
27-06-2019,2019-2020,1,P/M/A22,CASH,MOBILE,1,17964.29,17964.29,18964.29,19464.29,1500,MIDRANGE PHONE
25-06-2019,2019-2020,1,P/M/A3,MOBILE PAYMENTS,MOBILE,1,9258.92,9258.92,9758.92,10258.92,1000,BUDGET PHONE
25-06-2019,2019-2020,1,P/M/A3,MOBILE PAYMENTS,MOBILE,1,9258.92,9258.92,9758.92,10258.92,1000,BUDGET PHONE
26-06-2019,2019-2020,1,P/M/A3,DEBIT,MOBILE,1,9258.92,9258.92,9758.92,10258.92,1000,BUDGET PHONE
27-06-2019,2019-2020,1,P/M/A7,CASH,MOBILE,1,12330.36,12330.36,13330.36,13830.36,1500,BUDGET PHONE
28-06-2019,2019-2020,1,P/A/21,CASH,ACCESSORY,1,408.48,408.48,508.48,1008.48,600,CHARGER 
28-06-2019,2019-2020,1,P/A/44,MOBILE PAYMENTS,ACCESSORY,1,7466.1,7466.1,7966.1,8466.1,1000,WIRELESS EARPHONES
28-06-2019,2019-2020,1,P/A/44,CASH,ACCESSORY,1,7466.1,7466.1,7966.1,8466.1,1000,WIRELESS EARPHONES
28-06-2019,2019-2020,1,P/M/A1,CASH,MOBILE,1,6133.92,6133.92,6633.92,7133.92,1000,BUDGET PHONE
28-06-2019,2019-2020,1,P/M/A3,MOBILE PAYMENTS,MOBILE,1,9258.92,9258.92,9758.92,10258.92,1000,BUDGET PHONE
28-06-2019,2019-2020,1,P/M/A3,MOBILE PAYMENTS,MOBILE,1,8959.82,8959.82,9459.82,9959.82,1000,BUDGET PHONE
28-06-2019,2019-2020,1,P/M/A46,MOBILE PAYMENTS,MOBILE,1,64482.14,64482.14,65482.14,65982.14,1500,FLAGSHIP PHONE
28-06-2019,2019-2020,1,P/M/A6,CASH,MOBILE,1,3723.22,3723.22,4223.22,4723.22,1000,BUDGET PHONE
29-06-2019,2019-2020,1,P/A/50,CREDIT,ACCESSORY,1,2196.61,2196.61,2296.61,2796.61,600,WIRELESS HEADSET
29-06-2019,2019-2020,1,P/A/50,CASH,ACCESSORY,1,2196.62,2196.62,2296.62,2796.62,600,WIRELESS HEADSET
29-06-2019,2019-2020,1,P/M/A3,DEBIT,MOBILE,1,9258.92,9258.92,9758.92,10258.92,1000,BUDGET PHONE
30-06-2019,2019-2020,1,P/A/22,MOBILE PAYMENTS,ACCESSORY,1,408.48,408.48,508.48,1008.48,600,CHARGER 
30-06-2019,2019-2020,1,P/A/50,CREDIT,ACCESSORY,1,2196.62,2196.62,2296.62,2796.62,600,WIRELESS HEADSET
30-06-2019,2019-2020,1,P/M/A24,CREDIT,MOBILE,1,882.14,882.14,982.14,1482.14,600,BUDGET PHONE
30-06-2019,2019-2020,1,P/M/A7,MOBILE PAYMENTS,MOBILE,1,12330.36,12330.36,13330.36,13830.36,1500,BUDGET PHONE
30-06-2019,2019-2020,1,P/M/A7,DEBIT,MOBILE,1,12330.36,12330.36,13330.36,13830.36,1500,BUDGET PHONE
24-05-2018,2018-2019,1,P/M/A13,DEBIT,MOBILE,1,18133.92,18133.92,19133.92,19633.92,1500,MIDRANGE PHONE
7/6/2018,2018-2019,1,P/M/A13,CREDIT,MOBILE,1,18133.92,18133.92,19133.92,19633.92,1500,MIDRANGE PHONE
12/6/2018,2018-2019,1,P/M/A13,CASH,MOBILE,1,18133.92,18133.92,19133.92,19633.92,1500,MIDRANGE PHONE
2/5/2018,2018-2019,1,P/M/A13,CREDIT,MOBILE,1,18142.86,18142.86,19142.86,19642.86,1500,MIDRANGE PHONE
24-05-2018,2018-2019,1,P/M/A13,DEBIT,MOBILE,1,18142.86,18142.86,19142.86,19642.86,1500,MIDRANGE PHONE
30-05-2018,2018-2019,1,P/M/A13,DEBIT,MOBILE,1,18142.86,18142.86,19142.86,19642.86,1500,MIDRANGE PHONE
1/6/2019,2019-2020,1,P/M/A10,MOBILE PAYMENTS,MOBILE,1,18428.58,18428.58,19428.58,19928.58,1500,MIDRANGE PHONE
15-04-2018,2018-2019,1,P/M/A27,DEBIT,MOBILE,1,18500,18500,19500,20000,1500,MIDRANGE PHONE
22-04-2018,2018-2019,1,P/M/A27,CREDIT,MOBILE,1,18500,18500,19500,20000,1500,MIDRANGE PHONE
5/5/2018,2018-2019,1,P/M/A27,MOBILE PAYMENTS,MOBILE,1,18500,18500,19500,20000,1500,MIDRANGE PHONE
15-05-2018,2018-2019,1,P/M/A27,MOBILE PAYMENTS,MOBILE,1,18500,18500,19500,20000,1500,MIDRANGE PHONE
13-06-2018,2018-2019,1,P/M/A27,DEBIT,MOBILE,1,18500,18500,19500,20000,1500,MIDRANGE PHONE
17-06-2018,2018-2019,1,P/M/A27,CASH,MOBILE,1,18500,18500,19500,20000,1500,MIDRANGE PHONE
19-06-2018,2018-2019,1,P/M/A13,DEBIT,MOBILE,1,19026.78,19026.78,20026.78,20526.78,1500,MIDRANGE PHONE
1/4/2019,2019-2020,1,P/M/A10,CREDIT,MOBILE,1,19026.78,19026.78,20026.78,20526.78,1500,MIDRANGE PHONE
4/4/2019,2019-2020,1,P/M/A10,MOBILE PAYMENTS,MOBILE,1,19026.78,19026.78,20026.78,20526.78,1500,MIDRANGE PHONE
5/4/2019,2019-2020,1,P/M/A10,DEBIT,MOBILE,1,19026.78,19026.78,20026.78,20526.78,1500,MIDRANGE PHONE
5/4/2019,2019-2020,1,P/M/A10,CASH,MOBILE,1,19026.78,19026.78,20026.78,20526.78,1500,MIDRANGE PHONE
7/4/2019,2019-2020,1,P/M/A10,DEBIT,MOBILE,1,19026.78,19026.78,20026.78,20526.78,1500,MIDRANGE PHONE
9/4/2019,2019-2020,1,P/M/A10,MOBILE PAYMENTS,MOBILE,1,19026.78,19026.78,20026.78,20526.78,1500,MIDRANGE PHONE
9/4/2019,2019-2020,1,P/M/A10,CASH,MOBILE,1,19026.78,19026.78,20026.78,20526.78,1500,MIDRANGE PHONE
14-04-2019,2019-2020,1,P/M/A10,DEBIT,MOBILE,1,19026.78,19026.78,20026.78,20526.78,1500,MIDRANGE PHONE
18-04-2019,2019-2020,1,P/M/A10,CREDIT,MOBILE,1,19026.78,19026.78,20026.78,20526.78,1500,MIDRANGE PHONE
18-04-2019,2019-2020,1,P/M/A10,DEBIT,MOBILE,1,19026.78,19026.78,20026.78,20526.78,1500,MIDRANGE PHONE
22-04-2019,2019-2020,1,P/M/A10,MOBILE PAYMENTS,MOBILE,1,19026.78,19026.78,20026.78,20526.78,1500,MIDRANGE PHONE
22-04-2019,2019-2020,1,P/M/A10,DEBIT,MOBILE,1,19026.78,19026.78,20026.78,20526.78,1500,MIDRANGE PHONE
27-04-2019,2019-2020,1,P/M/A10,DEBIT,MOBILE,1,19026.78,19026.78,20026.78,20526.78,1500,MIDRANGE PHONE
28-04-2019,2019-2020,1,P/M/A10,CASH,MOBILE,1,19026.78,19026.78,20026.78,20526.78,1500,MIDRANGE PHONE
30-04-2019,2019-2020,1,P/M/A10,CREDIT,MOBILE,1,19026.78,19026.78,20026.78,20526.78,1500,MIDRANGE PHONE
2/5/2019,2019-2020,1,P/M/A10,MOBILE PAYMENTS,MOBILE,1,19026.78,19026.78,20026.78,20526.78,1500,MIDRANGE PHONE
7/5/2019,2019-2020,1,P/M/A10,DEBIT,MOBILE,1,19026.78,19026.78,20026.78,20526.78,1500,MIDRANGE PHONE
10/5/2019,2019-2020,1,P/M/A10,DEBIT,MOBILE,1,19026.78,19026.78,20026.78,20526.78,1500,MIDRANGE PHONE
21-05-2019,2019-2020,1,P/M/A10,CREDIT,MOBILE,1,19026.78,19026.78,20026.78,20526.78,1500,MIDRANGE PHONE
27-05-2019,2019-2020,1,P/M/A10,MOBILE PAYMENTS,MOBILE,1,19026.78,19026.78,20026.78,20526.78,1500,MIDRANGE PHONE
5/6/2019,2019-2020,1,P/M/A10,DEBIT,MOBILE,1,19026.78,19026.78,20026.78,20526.78,1500,MIDRANGE PHONE
6/6/2019,2019-2020,1,P/M/A10,CREDIT,MOBILE,1,19026.78,19026.78,20026.78,20526.78,1500,MIDRANGE PHONE
7/6/2019,2019-2020,1,P/M/A10,MOBILE PAYMENTS,MOBILE,1,19026.78,19026.78,20026.78,20526.78,1500,MIDRANGE PHONE
10/6/2019,2019-2020,1,P/M/A20,DEBIT,MOBILE,1,19026.78,19026.78,20026.78,20526.78,1500,MIDRANGE PHONE
11/6/2019,2019-2020,1,P/M/A10,DEBIT,MOBILE,1,19026.78,19026.78,20026.78,20526.78,1500,MIDRANGE PHONE
14-06-2019,2019-2020,1,P/M/A20,CASH,MOBILE,1,19026.78,19026.78,20026.78,20526.78,1500,MIDRANGE PHONE
17-06-2019,2019-2020,1,P/M/A20,DEBIT,MOBILE,1,19026.78,19026.78,20026.78,20526.78,1500,MIDRANGE PHONE
21-06-2019,2019-2020,1,P/M/A10,DEBIT,MOBILE,1,19026.78,19026.78,20026.78,20526.78,1500,MIDRANGE PHONE
27-06-2019,2019-2020,1,P/M/A20,DEBIT,MOBILE,1,19026.78,19026.78,20026.78,20526.78,1500,MIDRANGE PHONE
29-06-2019,2019-2020,1,P/M/A10,CASH,MOBILE,1,19026.78,19026.78,20026.78,20526.78,1500,MIDRANGE PHONE
7/4/2019,2019-2020,1,P/M/A10,MOBILE PAYMENTS,MOBILE,1,19026.79,19026.79,20026.79,20526.79,1500,MIDRANGE PHONE
19-04-2019,2019-2020,1,P/M/A10,DEBIT,MOBILE,1,19026.79,19026.79,20026.79,20526.79,1500,MIDRANGE PHONE
16-05-2019,2019-2020,1,P/M/A10,CREDIT,MOBILE,1,19026.79,19026.79,20026.79,20526.79,1500,MIDRANGE PHONE
7/4/2019,2019-2020,1,P/M/A10,CASH,MOBILE,1,19035.72,19035.72,20035.72,20535.72,1500,MIDRANGE PHONE
3/6/2018,2018-2019,1,P/M/A20,CASH,MOBILE,1,19919.64,19919.64,20919.64,21419.64,1500,MIDRANGE PHONE
14-06-2018,2018-2019,1,P/M/A14,DEBIT,MOBILE,1,19919.64,19919.64,20919.64,21419.64,1500,MIDRANGE PHONE
29-06-2018,2018-2019,1,P/M/A14,MOBILE PAYMENTS,MOBILE,1,19919.64,19919.64,20919.64,21419.64,1500,MIDRANGE PHONE
30-06-2018,2018-2019,1,P/M/A14,DEBIT,MOBILE,1,19919.64,19919.64,20919.64,21419.64,1500,MIDRANGE PHONE
8/4/2018,2018-2019,1,P/M/A27,CREDIT,MOBILE,1,20732.14,20732.14,21732.14,22232.14,1500,MIDRANGE PHONE
9/4/2018,2018-2019,1,P/M/A27,CREDIT,MOBILE,1,20732.14,20732.14,21732.14,22232.14,1500,MIDRANGE PHONE
13-04-2018,2018-2019,1,P/M/A27,DEBIT,MOBILE,1,20732.14,20732.14,21732.14,22232.14,1500,MIDRANGE PHONE
26-05-2018,2018-2019,1,P/M/A14,CREDIT,MOBILE,1,21705.36,21705.36,22705.36,23205.36,1500,MIDRANGE PHONE
31-05-2018,2018-2019,1,P/M/A14,DEBIT,MOBILE,1,21705.36,21705.36,22705.36,23205.36,1500,MIDRANGE PHONE
2/6/2018,2018-2019,1,P/M/A14,DEBIT,MOBILE,1,21705.36,21705.36,22705.36,23205.36,1500,MIDRANGE PHONE
15-06-2018,2018-2019,1,P/M/A14,CREDIT,MOBILE,1,21705.36,21705.36,22705.36,23205.36,1500,MIDRANGE PHONE
26-06-2020,2020-2021,1,P/M/A2,MOBILE PAYMENTS,MOBILE,1,7033.9,7033.9,7533.9,8033.9,1000,BUDGET PHONE
26-06-2020,2020-2021,1,P/M/A8,CASH,MOBILE,1,12784.74,12784.74,13784.74,14284.74,1500,BUDGET PHONE
27-06-2020,2020-2021,1,P/A/35,CASH,ACCESSORY,1,1942.38,1942.38,2042.38,2542.38,600,COVER
27-06-2020,2020-2021,1,P/M/A48,MOBILE PAYMENTS,MOBILE,1,64600.84,64600.84,65600.84,66100.84,1500,FLAGSHIP PHONE
28-06-2020,2020-2021,1,P/A/47,CASH,ACCESSORY,1,1518.64,1518.64,1618.64,2118.64,600,WIRELESS HEADSET
28-06-2020,2020-2021,1,P/M/A4,MOBILE PAYMENTS,MOBILE,1,10105.94,10105.94,11105.94,11605.94,1500,BUDGET PHONE
28-06-2020,2020-2021,1,P/M/A44,CASH,MOBILE,1,37696.62,37696.62,38696.62,39196.62,1500,PREMIUM MIDRANGE PHONE
29-06-2020,2020-2021,1,P/M/A4,DEBIT,MOBILE,1,10110.16,10110.16,11110.16,11610.16,1500,BUDGET PHONE
29-06-2020,2020-2021,1,P/M/A8,MOBILE PAYMENTS,MOBILE,1,12784.74,12784.74,13784.74,14284.74,1500,BUDGET PHONE
30-06-2020,2020-2021,1,P/T/S2,CASH,TABLET,1,9161.02,9161.02,9661.02,10161.02,1000,BUDGET TABLET
5/5/2019,2019-2020,1,P/M/A15,CASH,MOBILE,1,23630.36,23630.36,24630.36,25130.36,1500,MIDRANGE PHONE
15-04-2019,2019-2020,1,P/T/S7,CASH,TABLET,1,23915.25,23915.25,24915.25,25415.25,1500,MIDRANGE TAB
15-04-2019,2019-2020,1,P/T/S7,CREDIT,TABLET,1,23915.26,23915.26,24915.26,25415.26,1500,MIDRANGE TAB
4/5/2019,2019-2020,1,P/T/S7,CASH,TABLET,1,23915.26,23915.26,24915.26,25415.26,1500,MIDRANGE TAB
5/5/2019,2019-2020,1,P/T/S7,MOBILE PAYMENTS,TABLET,1,23915.26,23915.26,24915.26,25415.26,1500,MIDRANGE TAB
10/5/2019,2019-2020,1,P/T/S7,DEBIT,TABLET,1,23915.26,23915.26,24915.26,25415.26,1500,MIDRANGE TAB
11/5/2019,2019-2020,1,P/T/S7,DEBIT,TABLET,1,23915.26,23915.26,24915.26,25415.26,1500,MIDRANGE TAB
17-05-2019,2019-2020,1,P/T/S7,MOBILE PAYMENTS,TABLET,1,23915.26,23915.26,24915.26,25415.26,1500,MIDRANGE TAB
11/6/2019,2019-2020,1,P/T/S7,CASH,TABLET,1,23915.26,23915.26,24915.26,25415.26,1500,MIDRANGE TAB
14-06-2019,2019-2020,1,P/T/S7,MOBILE PAYMENTS,TABLET,1,23915.26,23915.26,24915.26,25415.26,1500,MIDRANGE TAB
1/5/2019,2019-2020,1,P/M/A15,CREDIT,MOBILE,1,24383.92,24383.92,25383.92,25883.92,1500,MIDRANGE PHONE
1/5/2019,2019-2020,1,P/M/A15,DEBIT,MOBILE,1,24383.92,24383.92,25383.92,25883.92,1500,MIDRANGE PHONE
1/5/2019,2019-2020,1,P/M/A15,DEBIT,MOBILE,1,24383.92,24383.92,25383.92,25883.92,1500,MIDRANGE PHONE
2/5/2019,2019-2020,1,P/M/A15,DEBIT,MOBILE,1,24383.92,24383.92,25383.92,25883.92,1500,MIDRANGE PHONE
5/5/2019,2019-2020,1,P/M/A15,DEBIT,MOBILE,1,24383.92,24383.92,25383.92,25883.92,1500,MIDRANGE PHONE
7/5/2019,2019-2020,1,P/M/A15,MOBILE PAYMENTS,MOBILE,1,24383.92,24383.92,25383.92,25883.92,1500,MIDRANGE PHONE
7/5/2019,2019-2020,1,P/M/A15,DEBIT,MOBILE,1,24383.92,24383.92,25383.92,25883.92,1500,MIDRANGE PHONE
11/5/2019,2019-2020,1,P/M/A15,CREDIT,MOBILE,1,24383.92,24383.92,25383.92,25883.92,1500,MIDRANGE PHONE
11/5/2019,2019-2020,1,P/M/A15,CASH,MOBILE,1,24383.92,24383.92,25383.92,25883.92,1500,MIDRANGE PHONE
12/5/2019,2019-2020,1,P/M/A15,CREDIT,MOBILE,1,24383.92,24383.92,25383.92,25883.92,1500,MIDRANGE PHONE
13-05-2019,2019-2020,1,P/M/A15,CASH,MOBILE,1,24383.92,24383.92,25383.92,25883.92,1500,MIDRANGE PHONE
13-05-2019,2019-2020,1,P/M/A15,DEBIT,MOBILE,1,24383.92,24383.92,25383.92,25883.92,1500,MIDRANGE PHONE
17-05-2019,2019-2020,1,P/M/A15,CASH,MOBILE,1,24383.92,24383.92,25383.92,25883.92,1500,MIDRANGE PHONE
19-05-2019,2019-2020,1,P/M/A15,DEBIT,MOBILE,1,24383.92,24383.92,25383.92,25883.92,1500,MIDRANGE PHONE
19-05-2019,2019-2020,1,P/M/A15,DEBIT,MOBILE,1,24383.92,24383.92,25383.92,25883.92,1500,MIDRANGE PHONE
31-05-2019,2019-2020,1,P/M/A15,DEBIT,MOBILE,1,24383.92,24383.92,25383.92,25883.92,1500,MIDRANGE PHONE
2/6/2019,2019-2020,1,P/M/A15,MOBILE PAYMENTS,MOBILE,1,24383.92,24383.92,25383.92,25883.92,1500,MIDRANGE PHONE
5/6/2019,2019-2020,1,P/M/A15,CASH,MOBILE,1,24383.92,24383.92,25383.92,25883.92,1500,MIDRANGE PHONE
13-06-2019,2019-2020,1,P/M/A15,DEBIT,MOBILE,1,24383.92,24383.92,25383.92,25883.92,1500,MIDRANGE PHONE
14-06-2019,2019-2020,1,P/M/A15,CASH,MOBILE,1,24383.92,24383.92,25383.92,25883.92,1500,MIDRANGE PHONE
15-06-2019,2019-2020,1,P/M/A15,DEBIT,MOBILE,1,24383.92,24383.92,25383.92,25883.92,1500,MIDRANGE PHONE
19-06-2019,2019-2020,1,P/M/A15,CASH,MOBILE,1,24383.92,24383.92,25383.92,25883.92,1500,MIDRANGE PHONE
19-06-2019,2019-2020,1,P/M/A15,CREDIT,MOBILE,1,24383.92,24383.92,25383.92,25883.92,1500,MIDRANGE PHONE
21-06-2019,2019-2020,1,P/M/A15,MOBILE PAYMENTS,MOBILE,1,24383.92,24383.92,25383.92,25883.92,1500,MIDRANGE PHONE
21-06-2019,2019-2020,1,P/M/A15,CREDIT,MOBILE,1,24383.92,24383.92,25383.92,25883.92,1500,MIDRANGE PHONE
22-06-2019,2019-2020,1,P/M/A15,CASH,MOBILE,1,24383.92,24383.92,25383.92,25883.92,1500,MIDRANGE PHONE
23-06-2019,2019-2020,1,P/M/A15,DEBIT,MOBILE,1,24383.92,24383.92,25383.92,25883.92,1500,MIDRANGE PHONE
24-06-2019,2019-2020,1,P/M/A15,CASH,MOBILE,1,24383.92,24383.92,25383.92,25883.92,1500,MIDRANGE PHONE
26-05-2019,2019-2020,1,P/M/A15,CREDIT,MOBILE,1,24383.93,24383.93,25383.93,25883.93,1500,MIDRANGE PHONE
28-05-2019,2019-2020,1,P/M/A15,CREDIT,MOBILE,1,24383.93,24383.93,25383.93,25883.93,1500,MIDRANGE PHONE
20-04-2018,2018-2019,1,P/M/A28,DEBIT,MOBILE,1,25196.42,25196.42,26196.42,26696.42,1500,MIDRANGE PHONE
31-05-2018,2018-2019,1,P/M/A28,DEBIT,MOBILE,1,25196.42,25196.42,26196.42,26696.42,1500,MIDRANGE PHONE
3/6/2018,2018-2019,1,P/M/A19,CASH,MOBILE,1,26169.64,26169.64,27169.64,27669.64,1500,MIDRANGE PHONE
13-06-2018,2018-2019,1,P/M/A19,DEBIT,MOBILE,1,26169.64,26169.64,27169.64,27669.64,1500,MIDRANGE PHONE
2/7/2018,2018-2019,2,P/M/A62,CASH,MOBILE,1,13669.64,13669.64,14669.64,15169.64,1500,MIDRANGE PHONE
1/7/2018,2018-2019,2,P/A/18,CREDIT,ACCESSORY,1,585.6,585.6,685.6,1185.6,600,BATTERY
1/7/2018,2018-2019,2,P/A/36,CREDIT,ACCESSORY,1,1942.38,1942.38,2042.38,2542.38,600,COVER
1/7/2018,2018-2019,2,P/A/47,CASH,ACCESSORY,1,1518.64,1518.64,1618.64,2118.64,600,WIRELESS HEADSET
1/7/2018,2018-2019,2,P/M/A59,CREDIT,MOBILE,1,10991.08,10991.08,11991.08,12491.08,1500,BUDGET PHONE
1/7/2018,2018-2019,2,P/M/A59,MOBILE PAYMENTS,MOBILE,1,13223.22,13223.22,14223.22,14723.22,1500,BUDGET PHONE
1/7/2018,2018-2019,2,P/T/S1,DEBIT,TABLET,1,7050.84,7050.84,7550.84,8050.84,1000,BUDGET TABLET
2/7/2018,2018-2019,2,P/A/21,CASH,ACCESSORY,1,408.48,408.48,508.48,1008.48,600,CHARGER 
2/7/2018,2018-2019,2,P/A/47,CREDIT,ACCESSORY,1,1433.9,1433.9,1533.9,2033.9,600,WIRELESS HEADSET
2/7/2018,2018-2019,2,P/M/A42,DEBIT,MOBILE,1,50196.42,50196.42,51196.42,51696.42,1500,FLAGSHIP PHONE
2/7/2018,2018-2019,2,P/M/A59,DEBIT,MOBILE,1,13223.22,13223.22,14223.22,14723.22,1500,BUDGET PHONE
3/7/2018,2018-2019,2,P/A/47,CASH,ACCESSORY,1,1518.64,1518.64,1618.64,2118.64,600,WIRELESS HEADSET
3/7/2018,2018-2019,2,P/M/A42,CREDIT,MOBILE,1,50196.42,50196.42,51196.42,51696.42,1500,FLAGSHIP PHONE
4/7/2018,2018-2019,2,P/M/A59,MOBILE PAYMENTS,MOBILE,1,13223.22,13223.22,14223.22,14723.22,1500,BUDGET PHONE
4/7/2018,2018-2019,2,P/M/A74,CREDIT,MOBILE,1,59125,59125,60125,60625,1500,FLAGSHIP PHONE
5/7/2018,2018-2019,2,P/A/35,MOBILE PAYMENTS,ACCESSORY,1,1688.14,1688.14,1788.14,2288.14,600,COVER
5/7/2018,2018-2019,2,P/A/35,CREDIT,ACCESSORY,1,1941.52,1941.52,2041.52,2541.52,600,COVER
12/9/2019,2019-2020,2,P/M/A8,CASH,MOBILE,1,13677.68,13677.68,14677.68,15177.68,1500,MIDRANGE PHONE
5/7/2018,2018-2019,2,P/M/A41,MOBILE PAYMENTS,MOBILE,1,56446.42,56446.42,57446.42,57946.42,1500,FLAGSHIP PHONE
5/7/2018,2018-2019,2,P/M/A42,MOBILE PAYMENTS,MOBILE,1,50196.42,50196.42,51196.42,51696.42,1500,FLAGSHIP PHONE
5/7/2018,2018-2019,2,P/M/A55,CASH,MOBILE,1,5875,5875,6375,6875,1000,BUDGET PHONE
5/7/2018,2018-2019,2,P/M/A59,CREDIT,MOBILE,1,10991.08,10991.08,11991.08,12491.08,1500,BUDGET PHONE
5/7/2018,2018-2019,2,P/M/A59,MOBILE PAYMENTS,MOBILE,1,13223.22,13223.22,14223.22,14723.22,1500,BUDGET PHONE
5/7/2018,2018-2019,2,P/M/A63,DEBIT,MOBILE,5,11089.29,55446.45,12089.29,62946.43,7500,BUDGET PHONE
6/7/2018,2018-2019,2,P/A/47,CASH,ACCESSORY,1,1518.64,1518.64,1618.64,2118.64,600,WIRELESS HEADSET
6/7/2018,2018-2019,2,P/M/A33,CASH,MOBILE,1,8732.14,8732.14,9232.14,9732.14,1000,BUDGET PHONE
6/7/2018,2018-2019,2,P/M/A42,DEBIT,MOBILE,1,50196.42,50196.42,51196.42,51696.42,1500,FLAGSHIP PHONE
6/7/2018,2018-2019,2,P/T/S1,CASH,TABLET,1,9084.74,9084.74,9584.74,10084.74,1000,BUDGET TABLET
16-09-2019,2019-2020,2,P/M/A8,DEBIT,MOBILE,1,13677.68,13677.68,14677.68,15177.68,1500,MIDRANGE PHONE
7/7/2018,2018-2019,2,P/M/A42,MOBILE PAYMENTS,MOBILE,1,53767.86,53767.86,54767.86,55267.86,1500,FLAGSHIP PHONE
7/7/2018,2018-2019,2,P/M/A43,DEBIT,MOBILE,1,56446.42,56446.42,57446.42,57946.42,1500,FLAGSHIP PHONE
7/7/2018,2018-2019,2,P/M/A55,MOBILE PAYMENTS,MOBILE,1,5875,5875,6375,6875,1000,BUDGET PHONE
7/7/2018,2018-2019,2,P/M/A59,CREDIT,MOBILE,1,12776.78,12776.78,13776.78,14276.78,1500,BUDGET PHONE
7/7/2018,2018-2019,2,P/M/A59,DEBIT,MOBILE,1,10991.08,10991.08,11991.08,12491.08,1500,BUDGET PHONE
7/7/2018,2018-2019,2,P/M/A59,CASH,MOBILE,1,13223.22,13223.22,14223.22,14723.22,1500,BUDGET PHONE
7/7/2018,2018-2019,2,P/M/A59,CASH,MOBILE,1,10991.08,10991.08,11991.08,12491.08,1500,BUDGET PHONE
8/7/2018,2018-2019,2,P/A/35,DEBIT,ACCESSORY,1,1772.88,1772.88,1872.88,2372.88,600,COVER
8/7/2018,2018-2019,2,P/M/A43,CREDIT,MOBILE,1,56446.42,56446.42,57446.42,57946.42,1500,FLAGSHIP PHONE
8/7/2018,2018-2019,2,P/M/A55,CREDIT,MOBILE,1,5875,5875,6375,6875,1000,BUDGET PHONE
8/7/2018,2018-2019,2,P/M/A55,MOBILE PAYMENTS,MOBILE,1,5875,5875,6375,6875,1000,BUDGET PHONE
8/7/2018,2018-2019,2,P/M/A59,CASH,MOBILE,1,10991.08,10991.08,11991.08,12491.08,1500,BUDGET PHONE
16-09-2019,2019-2020,2,P/M/A8,DEBIT,MOBILE,1,13677.68,13677.68,14677.68,15177.68,1500,MIDRANGE PHONE
9/7/2018,2018-2019,2,P/A/47,MOBILE PAYMENTS,ACCESSORY,1,1518.64,1518.64,1618.64,2118.64,600,WIRELESS HEADSET
9/7/2018,2018-2019,2,P/M/A43,DEBIT,MOBILE,1,56446.42,56446.42,57446.42,57946.42,1500,FLAGSHIP PHONE
9/7/2018,2018-2019,2,P/M/A55,DEBIT,MOBILE,1,5875,5875,6375,6875,1000,BUDGET PHONE
10/7/2018,2018-2019,2,P/A/18,CASH,ACCESSORY,1,585.6,585.6,685.6,1185.6,600,BATTERY
11/7/2018,2018-2019,2,P/M/A40,CREDIT,MOBILE,1,39562.5,39562.5,40562.5,41062.5,1500,PREMIUM MIDRANGE PHONE
11/7/2018,2018-2019,2,P/M/A55,CASH,MOBILE,1,5875,5875,6375,6875,1000,BUDGET PHONE
20-09-2019,2019-2020,2,P/M/A8,DEBIT,MOBILE,1,13677.68,13677.68,14677.68,15177.68,1500,MIDRANGE PHONE
12/7/2018,2018-2019,2,P/A/35,CREDIT,ACCESSORY,1,2195.76,2195.76,2295.76,2795.76,600,COVER
12/7/2018,2018-2019,2,P/A/40,CREDIT,ACCESSORY,1,332.2,332.2,432.2,932.2,600,DATA CABLE
12/7/2018,2018-2019,2,P/A/47,MOBILE PAYMENTS,ACCESSORY,1,1603.38,1603.38,1703.38,2203.38,600,WIRELESS HEADSET
12/7/2018,2018-2019,2,P/M/A24,DEBIT,MOBILE,1,850.9,850.9,950.9,1450.9,600,BUDGET PHONE
12/7/2018,2018-2019,2,P/M/A43,MOBILE PAYMENTS,MOBILE,1,56446.42,56446.42,57446.42,57946.42,1500,FLAGSHIP PHONE
21-09-2019,2019-2020,2,P/M/A8,MOBILE PAYMENTS,MOBILE,1,13677.68,13677.68,14677.68,15177.68,1500,MIDRANGE PHONE
12/7/2018,2018-2019,2,P/M/A63,DEBIT,MOBILE,1,11089.29,11089.29,12089.29,12589.29,1500,BUDGET PHONE
25-09-2019,2019-2020,2,P/M/A8,CREDIT,MOBILE,1,13677.68,13677.68,14677.68,15177.68,1500,MIDRANGE PHONE
12/7/2018,2018-2019,2,P/T/S1,DEBIT,TABLET,1,7050.85,7050.85,7550.85,8050.85,1000,BUDGET TABLET
13-07-2018,2018-2019,2,P/A/39,CASH,ACCESSORY,1,355.08,355.08,455.08,955.08,600,COVER
13-07-2018,2018-2019,2,P/A/47,CREDIT,ACCESSORY,1,1603.38,1603.38,1703.38,2203.38,600,WIRELESS HEADSET
29-09-2019,2019-2020,2,P/M/A8,MOBILE PAYMENTS,MOBILE,1,13677.68,13677.68,14677.68,15177.68,1500,MIDRANGE PHONE
13-07-2018,2018-2019,2,P/M/A23,DEBIT,MOBILE,1,694.64,694.64,794.64,1294.64,600,BUDGET PHONE
13-07-2018,2018-2019,2,P/M/A24,CREDIT,MOBILE,1,850.9,850.9,950.9,1450.9,600,BUDGET PHONE
13-07-2018,2018-2019,2,P/M/A40,MOBILE PAYMENTS,MOBILE,1,39562.5,39562.5,40562.5,41062.5,1500,PREMIUM MIDRANGE PHONE
13-07-2018,2018-2019,2,P/M/A59,CREDIT,MOBILE,1,12776.78,12776.78,13776.78,14276.78,1500,BUDGET PHONE
14-07-2018,2018-2019,2,P/A/13,CASH,ACCESSORY,1,414.84,414.84,514.84,1014.84,600,BATTERY
15-07-2018,2018-2019,2,P/A/15,CASH,ACCESSORY,1,414.84,414.84,514.84,1014.84,600,BATTERY
15-07-2018,2018-2019,2,P/A/47,CASH,ACCESSORY,1,1603.38,1603.38,1703.38,2203.38,600,WIRELESS HEADSET
15-07-2018,2018-2019,2,P/M/A23,DEBIT,MOBILE,1,694.64,694.64,794.64,1294.64,600,BUDGET PHONE
15-07-2018,2018-2019,2,P/M/A23,CASH,MOBILE,1,650,650,750,1250,600,BUDGET PHONE
15-07-2018,2018-2019,2,P/M/A24,MOBILE PAYMENTS,MOBILE,1,882.14,882.14,982.14,1482.14,600,BUDGET PHONE
15-07-2018,2018-2019,2,P/M/A24,MOBILE PAYMENTS,MOBILE,1,882.14,882.14,982.14,1482.14,600,BUDGET PHONE
15-07-2018,2018-2019,2,P/M/A55,MOBILE PAYMENTS,MOBILE,1,5875,5875,6375,6875,1000,BUDGET PHONE
15-07-2018,2018-2019,2,P/M/A57,CASH,MOBILE,1,7473.22,7473.22,7973.22,8473.22,1000,BUDGET PHONE
16-07-2018,2018-2019,2,P/A/21,CREDIT,ACCESSORY,1,416.94,416.94,516.94,1016.94,600,CHARGER 
16-07-2018,2018-2019,2,P/M/A23,CREDIT,MOBILE,1,650,650,750,1250,600,BUDGET PHONE
17-07-2018,2018-2019,2,P/A/14,CREDIT,ACCESSORY,1,357.62,357.62,457.62,957.62,600,BATTERY
17-07-2018,2018-2019,2,P/A/15,CREDIT,ACCESSORY,1,414.84,414.84,514.84,1014.84,600,BATTERY
17-07-2018,2018-2019,2,P/M/A24,DEBIT,MOBILE,1,828.58,828.58,928.58,1428.58,600,BUDGET PHONE
17-07-2018,2018-2019,2,P/M/A55,MOBILE PAYMENTS,MOBILE,1,5875,5875,6375,6875,1000,BUDGET PHONE
17-07-2018,2018-2019,2,P/M/A57,CASH,MOBILE,1,7482.14,7482.14,7982.14,8482.14,1000,BUDGET PHONE
17-07-2018,2018-2019,2,P/M/A63,DEBIT,MOBILE,1,11883.92,11883.92,12883.92,13383.92,1500,BUDGET PHONE
18-07-2018,2018-2019,2,P/A/13,MOBILE PAYMENTS,ACCESSORY,1,414.84,414.84,514.84,1014.84,600,BATTERY
18-07-2018,2018-2019,2,P/A/22,CASH,ACCESSORY,1,416.1,416.1,516.1,1016.1,600,CHARGER 
19-07-2018,2018-2019,2,P/A/39,MOBILE PAYMENTS,ACCESSORY,1,459.32,459.32,559.32,1059.32,600,COVER
19-07-2018,2018-2019,2,P/M/A43,MOBILE PAYMENTS,MOBILE,1,56446.42,56446.42,57446.42,57946.42,1500,FLAGSHIP PHONE
19-07-2018,2018-2019,2,P/M/A74,CREDIT,MOBILE,1,58232.14,58232.14,59232.14,59732.14,1500,FLAGSHIP PHONE
20-07-2018,2018-2019,2,P/A/26,CREDIT,ACCESSORY,1,2195.76,2195.76,2295.76,2795.76,600,CHARGER 
20-07-2018,2018-2019,2,P/A/35,CASH,ACCESSORY,1,2195.76,2195.76,2295.76,2795.76,600,COVER
20-07-2018,2018-2019,2,P/M/A55,CREDIT,MOBILE,1,5875,5875,6375,6875,1000,BUDGET PHONE
20-07-2018,2018-2019,2,P/M/A59,CREDIT,MOBILE,1,12776.78,12776.78,13776.78,14276.78,1500,BUDGET PHONE
21-07-2018,2018-2019,2,P/A/29,MOBILE PAYMENTS,ACCESSORY,1,585.6,585.6,685.6,1185.6,600,COVER
22-07-2018,2018-2019,2,P/M/A40,CREDIT,MOBILE,1,39562.5,39562.5,40562.5,41062.5,1500,PREMIUM MIDRANGE PHONE
23-07-2018,2018-2019,2,P/A/47,CASH,ACCESSORY,1,1603.38,1603.38,1703.38,2203.38,600,WIRELESS HEADSET
23-07-2018,2018-2019,2,P/M/A23,DEBIT,MOBILE,1,650,650,750,1250,600,BUDGET PHONE
23-07-2018,2018-2019,2,P/M/A40,MOBILE PAYMENTS,MOBILE,1,39562.5,39562.5,40562.5,41062.5,1500,PREMIUM MIDRANGE PHONE
23-07-2018,2018-2019,2,P/M/A55,DEBIT,MOBILE,1,5875,5875,6375,6875,1000,BUDGET PHONE
23-07-2018,2018-2019,2,P/M/A57,CASH,MOBILE,1,7473.22,7473.22,7973.22,8473.22,1000,BUDGET PHONE
24-07-2018,2018-2019,2,P/M/A24,CREDIT,MOBILE,1,850.9,850.9,950.9,1450.9,600,BUDGET PHONE
24-07-2018,2018-2019,2,P/M/A59,MOBILE PAYMENTS,MOBILE,1,10991.08,10991.08,11991.08,12491.08,1500,BUDGET PHONE
25-07-2018,2018-2019,2,P/M/A55,CREDIT,MOBILE,1,5875,5875,6375,6875,1000,BUDGET PHONE
25-07-2018,2018-2019,2,P/M/A59,MOBILE PAYMENTS,MOBILE,1,12776.78,12776.78,13776.78,14276.78,1500,BUDGET PHONE
26-07-2018,2018-2019,2,P/A/47,MOBILE PAYMENTS,ACCESSORY,1,1603.38,1603.38,1703.38,2203.38,600,WIRELESS HEADSET
26-07-2018,2018-2019,2,P/M/A59,CASH,MOBILE,1,10991.08,10991.08,11991.08,12491.08,1500,BUDGET PHONE
27-07-2018,2018-2019,2,P/M/A24,DEBIT,MOBILE,1,828.58,828.58,928.58,1428.58,600,BUDGET PHONE
27-07-2018,2018-2019,2,P/M/A57,CASH,MOBILE,1,7473.22,7473.22,7973.22,8473.22,1000,BUDGET PHONE
28-07-2018,2018-2019,2,P/A/48,CREDIT,ACCESSORY,1,586.44,586.44,686.44,1186.44,600,WIRELESS HEADSET
28-07-2018,2018-2019,2,P/M/A24,DEBIT,MOBILE,1,828.58,828.58,928.58,1428.58,600,BUDGET PHONE
28-07-2018,2018-2019,2,P/M/A24,CREDIT,MOBILE,1,828.58,828.58,928.58,1428.58,600,BUDGET PHONE
28-07-2018,2018-2019,2,P/M/A57,MOBILE PAYMENTS,MOBILE,1,7473.22,7473.22,7973.22,8473.22,1000,BUDGET PHONE
28-07-2018,2018-2019,2,P/M/A59,CASH,MOBILE,1,10991.08,10991.08,11991.08,12491.08,1500,BUDGET PHONE
28-07-2018,2018-2019,2,P/M/A75,DEBIT,MOBILE,1,59125,59125,60125,60625,1500,FLAGSHIP PHONE
29-07-2018,2018-2019,2,P/A/13,CASH,ACCESSORY,1,414.84,414.84,514.84,1014.84,600,BATTERY
29-07-2018,2018-2019,2,P/A/29,CREDIT,ACCESSORY,1,585.6,585.6,685.6,1185.6,600,COVER
29-07-2018,2018-2019,2,P/M/A24,CREDIT,MOBILE,1,828.58,828.58,928.58,1428.58,600,BUDGET PHONE
29-07-2018,2018-2019,2,P/M/A25,CREDIT,MOBILE,1,1185.72,1185.72,1285.72,1785.72,600,BUDGET PHONE
29-07-2018,2018-2019,2,P/M/A40,DEBIT,MOBILE,1,39562.5,39562.5,40562.5,41062.5,1500,PREMIUM MIDRANGE PHONE
29-07-2018,2018-2019,2,P/M/A55,CASH,MOBILE,1,5875,5875,6375,6875,1000,BUDGET PHONE
29-07-2018,2018-2019,2,P/M/A55,MOBILE PAYMENTS,MOBILE,1,5875,5875,6375,6875,1000,BUDGET PHONE
29-07-2018,2018-2019,2,P/M/A57,CREDIT,MOBILE,1,7473.22,7473.22,7973.22,8473.22,1000,BUDGET PHONE
29-07-2018,2018-2019,2,P/M/A59,DEBIT,MOBILE,1,12776.78,12776.78,13776.78,14276.78,1500,BUDGET PHONE
29-07-2018,2018-2019,2,P/M/A59,MOBILE PAYMENTS,MOBILE,1,10991.08,10991.08,11991.08,12491.08,1500,BUDGET PHONE
30-07-2018,2018-2019,2,P/A/13,MOBILE PAYMENTS,ACCESSORY,1,416.94,416.94,516.94,1016.94,600,BATTERY
30-07-2018,2018-2019,2,P/M/A43,DEBIT,MOBILE,1,56446.42,56446.42,57446.42,57946.42,1500,FLAGSHIP PHONE
30-07-2018,2018-2019,2,P/M/A43,DEBIT,MOBILE,1,55553.58,55553.58,56553.58,57053.58,1500,FLAGSHIP PHONE
30-07-2018,2018-2019,2,P/M/A55,CREDIT,MOBILE,1,5875,5875,6375,6875,1000,BUDGET PHONE
30-07-2018,2018-2019,2,P/M/A59,DEBIT,MOBILE,1,10991.08,10991.08,11991.08,12491.08,1500,BUDGET PHONE
31-07-2018,2018-2019,2,P/A/22,CREDIT,ACCESSORY,1,332.2,332.2,432.2,932.2,600,CHARGER 
31-07-2018,2018-2019,2,P/A/40,CREDIT,ACCESSORY,1,416.94,416.94,516.94,1016.94,600,DATA CABLE
31-07-2018,2018-2019,2,P/M/A24,CASH,MOBILE,1,828.58,828.58,928.58,1428.58,600,BUDGET PHONE
31-07-2018,2018-2019,2,P/M/A43,DEBIT,MOBILE,1,60017.86,60017.86,61017.86,61517.86,1500,FLAGSHIP PHONE
31-07-2018,2018-2019,2,P/M/A55,DEBIT,MOBILE,1,5866.08,5866.08,6366.08,6866.08,1000,BUDGET PHONE
31-07-2018,2018-2019,2,P/M/A59,DEBIT,MOBILE,1,10098.22,10098.22,11098.22,11598.22,1500,BUDGET PHONE
31-07-2018,2018-2019,2,P/M/A63,CREDIT,MOBILE,1,11089.29,11089.29,12089.29,12589.29,1500,BUDGET PHONE
1/8/2018,2018-2019,2,P/M/A23,MOBILE PAYMENTS,MOBILE,1,650,650,750,1250,600,BUDGET PHONE
1/8/2018,2018-2019,2,P/M/A57,CASH,MOBILE,1,7473.22,7473.22,7973.22,8473.22,1000,BUDGET PHONE
1/8/2018,2018-2019,2,P/M/A59,DEBIT,MOBILE,1,10098.22,10098.22,11098.22,11598.22,1500,BUDGET PHONE
2/8/2018,2018-2019,2,P/A/22,CREDIT,ACCESSORY,1,416.1,416.1,516.1,1016.1,600,CHARGER 
2/8/2018,2018-2019,2,P/A/22,CREDIT,ACCESSORY,1,416.1,416.1,516.1,1016.1,600,CHARGER 
2/8/2018,2018-2019,2,P/A/47,DEBIT,ACCESSORY,1,1941.52,1941.52,2041.52,2541.52,600,WIRELESS HEADSET
2/8/2018,2018-2019,2,P/M/A24,DEBIT,MOBILE,1,828.58,828.58,928.58,1428.58,600,BUDGET PHONE
2/8/2018,2018-2019,2,P/M/A57,DEBIT,MOBILE,1,9205.36,9205.36,10205.36,10705.36,1500,BUDGET PHONE
4/8/2018,2018-2019,2,P/T/S4,CASH,TABLET,1,13754.24,13754.24,14754.24,15254.24,1500,MIDRANGE TAB
3/8/2018,2018-2019,2,P/M/A59,CREDIT,MOBILE,1,10098.22,10098.22,11098.22,11598.22,1500,BUDGET PHONE
4/8/2018,2018-2019,2,P/A/28,CASH,ACCESSORY,1,1942.38,1942.38,2042.38,2542.38,600,CHARGER 
4/8/2018,2018-2019,2,P/M/A23,MOBILE PAYMENTS,MOBILE,1,650,650,750,1250,600,BUDGET PHONE
4/8/2018,2018-2019,2,P/M/A23,CREDIT,MOBILE,1,650,650,750,1250,600,BUDGET PHONE
4/8/2018,2018-2019,2,P/M/A23,CREDIT,MOBILE,1,650,650,750,1250,600,BUDGET PHONE
4/8/2018,2018-2019,2,P/M/A24,CASH,MOBILE,1,828.58,828.58,928.58,1428.58,600,BUDGET PHONE
4/8/2018,2018-2019,2,P/M/A24,DEBIT,MOBILE,1,882.14,882.14,982.14,1482.14,600,BUDGET PHONE
4/8/2018,2018-2019,2,P/M/A24,DEBIT,MOBILE,1,828.58,828.58,928.58,1428.58,600,BUDGET PHONE
4/8/2018,2018-2019,2,P/M/A42,CREDIT,MOBILE,1,53767.86,53767.86,54767.86,55267.86,1500,FLAGSHIP PHONE
4/8/2018,2018-2019,2,P/M/A43,DEBIT,MOBILE,1,60017.86,60017.86,61017.86,61517.86,1500,FLAGSHIP PHONE
4/8/2018,2018-2019,2,P/M/A59,MOBILE PAYMENTS,MOBILE,1,10098.22,10098.22,11098.22,11598.22,1500,BUDGET PHONE
4/8/2018,2018-2019,2,P/M/A59,MOBILE PAYMENTS,MOBILE,1,10098.22,10098.22,11098.22,11598.22,1500,BUDGET PHONE
1/7/2020,2020-2021,2,P/M/A70,DEBIT,MOBILE,1,14177.12,14177.12,15177.12,15677.12,1500,MIDRANGE PHONE
5/8/2018,2018-2019,2,P/A/22,CREDIT,ACCESSORY,1,416.1,416.1,516.1,1016.1,600,CHARGER 
5/8/2018,2018-2019,2,P/A/22,CREDIT,ACCESSORY,1,416.1,416.1,516.1,1016.1,600,CHARGER 
5/8/2018,2018-2019,2,P/A/47,MOBILE PAYMENTS,ACCESSORY,1,1603.38,1603.38,1703.38,2203.38,600,WIRELESS HEADSET
8/7/2020,2020-2021,2,P/M/A5,CREDIT,MOBILE,1,14177.12,14177.12,15177.12,15677.12,1500,MIDRANGE PHONE
8/7/2020,2020-2021,2,P/M/A5,CREDIT,MOBILE,1,14177.12,14177.12,15177.12,15677.12,1500,MIDRANGE PHONE
10/7/2020,2020-2021,2,P/M/A5,DEBIT,MOBILE,1,14177.12,14177.12,15177.12,15677.12,1500,MIDRANGE PHONE
5/8/2018,2018-2019,2,P/M/A55,CASH,MOBILE,1,5875,5875,6375,6875,1000,BUDGET PHONE
5/8/2018,2018-2019,2,P/M/A59,DEBIT,MOBILE,1,11883.92,11883.92,12883.92,13383.92,1500,BUDGET PHONE
5/8/2018,2018-2019,2,P/M/A62,MOBILE PAYMENTS,MOBILE,1,10991.08,10991.08,11991.08,12491.08,1500,BUDGET PHONE
13-08-2019,2019-2020,2,P/M/A10,MOBILE PAYMENTS,MOBILE,1,14528.58,14528.58,15528.58,16028.58,1500,MIDRANGE PHONE
6/8/2018,2018-2019,2,P/M/A53,MOBILE PAYMENTS,MOBILE,1,4535.72,4535.72,5035.72,5535.72,1000,BUDGET PHONE
6/8/2018,2018-2019,2,P/M/A59,DEBIT,MOBILE,1,9760.72,9760.72,10760.72,11260.72,1500,BUDGET PHONE
14-08-2019,2019-2020,2,P/M/A10,DEBIT,MOBILE,1,14528.58,14528.58,15528.58,16028.58,1500,MIDRANGE PHONE
7/8/2018,2018-2019,2,P/A/47,MOBILE PAYMENTS,ACCESSORY,1,1391.52,1391.52,1491.52,1991.52,600,WIRELESS HEADSET
7/8/2018,2018-2019,2,P/M/A63,CASH,MOBILE,1,11089.29,11089.29,12089.29,12589.29,1500,BUDGET PHONE
7/8/2018,2018-2019,2,P/M/A63,CASH,MOBILE,2,11089.28,22178.56,12089.28,25178.57,3000,BUDGET PHONE
24-08-2018,2018-2019,2,P/M/A64,CASH,MOBILE,1,14562.5,14562.5,15562.5,16062.5,1500,MIDRANGE PHONE
29-08-2018,2018-2019,2,P/M/A64,MOBILE PAYMENTS,MOBILE,1,14562.5,14562.5,15562.5,16062.5,1500,MIDRANGE PHONE
1/9/2018,2018-2019,2,P/M/A64,CREDIT,MOBILE,1,14562.5,14562.5,15562.5,16062.5,1500,MIDRANGE PHONE
8/8/2018,2018-2019,2,P/M/A59,MOBILE PAYMENTS,MOBILE,1,11883.92,11883.92,12883.92,13383.92,1500,BUDGET PHONE
9/8/2018,2018-2019,2,P/A/18,MOBILE PAYMENTS,ACCESSORY,1,585.6,585.6,685.6,1185.6,600,BATTERY
9/8/2018,2018-2019,2,P/A/18,CASH,ACCESSORY,1,585.6,585.6,685.6,1185.6,600,BATTERY
9/8/2018,2018-2019,2,P/A/8,MOBILE PAYMENTS,ACCESSORY,1,22652.54,22652.54,23652.54,24152.54,1500,GALAXY WATCH
2/9/2018,2018-2019,2,P/M/A64,CREDIT,MOBILE,1,14562.5,14562.5,15562.5,16062.5,1500,MIDRANGE PHONE
9/8/2018,2018-2019,2,P/M/A23,CREDIT,MOBILE,1,650,650,750,1250,600,BUDGET PHONE
9/8/2018,2018-2019,2,P/M/A24,DEBIT,MOBILE,1,828.58,828.58,928.58,1428.58,600,BUDGET PHONE
9/8/2018,2018-2019,2,P/M/A24,CASH,MOBILE,1,828.58,828.58,928.58,1428.58,600,BUDGET PHONE
9/8/2018,2018-2019,2,P/M/A55,MOBILE PAYMENTS,MOBILE,1,5875,5875,6375,6875,1000,BUDGET PHONE
10/8/2018,2018-2019,2,P/A/35,MOBILE PAYMENTS,ACCESSORY,1,1688.14,1688.14,1788.14,2288.14,600,COVER
10/8/2018,2018-2019,2,P/A/47,MOBILE PAYMENTS,ACCESSORY,1,1518.64,1518.64,1618.64,2118.64,600,WIRELESS HEADSET
10/8/2018,2018-2019,2,P/A/8,MOBILE PAYMENTS,ACCESSORY,1,22652.54,22652.54,23652.54,24152.54,1500,GALAXY WATCH
11/8/2018,2018-2019,2,P/A/16,CASH,ACCESSORY,1,924.58,924.58,1024.58,1524.58,600,BATTERY
11/8/2018,2018-2019,2,P/A/22,DEBIT,ACCESSORY,1,416.1,416.1,516.1,1016.1,600,CHARGER 
11/8/2018,2018-2019,2,P/M/A40,MOBILE PAYMENTS,MOBILE,1,39562.5,39562.5,40562.5,41062.5,1500,PREMIUM MIDRANGE PHONE
11/8/2018,2018-2019,2,P/M/A43,MOBILE PAYMENTS,MOBILE,1,59125,59125,60125,60625,1500,FLAGSHIP PHONE
11/8/2018,2018-2019,2,P/M/A57,DEBIT,MOBILE,1,9205.36,9205.36,10205.36,10705.36,1500,BUDGET PHONE
11/8/2018,2018-2019,2,P/M/A59,MOBILE PAYMENTS,MOBILE,1,10098.22,10098.22,11098.22,11598.22,1500,BUDGET PHONE
11/8/2018,2018-2019,2,P/M/A62,MOBILE PAYMENTS,MOBILE,1,10991.08,10991.08,11991.08,12491.08,1500,BUDGET PHONE
12/8/2018,2018-2019,2,P/A/26,DEBIT,ACCESSORY,1,2195.76,2195.76,2295.76,2795.76,600,CHARGER 
12/8/2018,2018-2019,2,P/A/9,MOBILE PAYMENTS,ACCESSORY,1,17983.06,17983.06,18983.06,19483.06,1500,GALAXY WATCH
4/9/2018,2018-2019,2,P/M/A64,CREDIT,MOBILE,1,14562.5,14562.5,15562.5,16062.5,1500,MIDRANGE PHONE
6/9/2018,2018-2019,2,P/M/A64,MOBILE PAYMENTS,MOBILE,1,14562.5,14562.5,15562.5,16062.5,1500,MIDRANGE PHONE
12/8/2018,2018-2019,2,P/M/A23,DEBIT,MOBILE,1,650,650,750,1250,600,BUDGET PHONE
12/8/2018,2018-2019,2,P/M/A24,CASH,MOBILE,1,882.14,882.14,982.14,1482.14,600,BUDGET PHONE
12/8/2018,2018-2019,2,P/M/A42,DEBIT,MOBILE,1,50196.42,50196.42,51196.42,51696.42,1500,FLAGSHIP PHONE
12/8/2018,2018-2019,2,P/M/A55,CASH,MOBILE,1,5875,5875,6375,6875,1000,BUDGET PHONE
12/8/2018,2018-2019,2,P/M/A59,MOBILE PAYMENTS,MOBILE,1,11883.92,11883.92,12883.92,13383.92,1500,BUDGET PHONE
12/8/2018,2018-2019,2,P/M/A59,CREDIT,MOBILE,1,10098.22,10098.22,11098.22,11598.22,1500,BUDGET PHONE
12/8/2018,2018-2019,2,P/M/A59,MOBILE PAYMENTS,MOBILE,1,11883.92,11883.92,12883.92,13383.92,1500,BUDGET PHONE
13-08-2018,2018-2019,2,P/M/A24,CREDIT,MOBILE,1,850.9,850.9,950.9,1450.9,600,BUDGET PHONE
13-08-2018,2018-2019,2,P/M/A43,CREDIT,MOBILE,1,60017.86,60017.86,61017.86,61517.86,1500,FLAGSHIP PHONE
13-08-2018,2018-2019,2,P/M/A59,DEBIT,MOBILE,1,10098.22,10098.22,11098.22,11598.22,1500,BUDGET PHONE
14-08-2018,2018-2019,2,P/A/36,CREDIT,ACCESSORY,1,1942.38,1942.38,2042.38,2542.38,600,COVER
7/9/2018,2018-2019,2,P/M/A64,DEBIT,MOBILE,1,14562.5,14562.5,15562.5,16062.5,1500,MIDRANGE PHONE
14-08-2018,2018-2019,2,P/M/A42,MOBILE PAYMENTS,MOBILE,1,49303.58,49303.58,50303.58,50803.58,1500,FLAGSHIP PHONE
14-08-2018,2018-2019,2,P/M/A59,MOBILE PAYMENTS,MOBILE,1,11883.92,11883.92,12883.92,13383.92,1500,BUDGET PHONE
14-08-2018,2018-2019,2,P/M/A59,CASH,MOBILE,1,10098.22,10098.22,11098.22,11598.22,1500,BUDGET PHONE
7/9/2018,2018-2019,2,P/M/A64,CASH,MOBILE,1,14562.5,14562.5,15562.5,16062.5,1500,MIDRANGE PHONE
15-08-2018,2018-2019,2,P/A/35,DEBIT,ACCESSORY,1,1518.64,1518.64,1618.64,2118.64,600,COVER
15-08-2018,2018-2019,2,P/A/41,CREDIT,ACCESSORY,1,671.18,671.18,771.18,1271.18,600,POWER BANK
9/9/2018,2018-2019,2,P/M/A64,CREDIT,MOBILE,1,14562.5,14562.5,15562.5,16062.5,1500,MIDRANGE PHONE
14-09-2018,2018-2019,2,P/M/A64,DEBIT,MOBILE,1,14562.5,14562.5,15562.5,16062.5,1500,MIDRANGE PHONE
15-08-2018,2018-2019,2,P/M/A24,CREDIT,MOBILE,1,873.22,873.22,973.22,1473.22,600,BUDGET PHONE
15-08-2018,2018-2019,2,P/M/A43,CREDIT,MOBILE,1,56446.42,56446.42,57446.42,57946.42,1500,FLAGSHIP PHONE
15-08-2018,2018-2019,2,P/M/A55,DEBIT,MOBILE,1,5875,5875,6375,6875,1000,BUDGET PHONE
15-08-2018,2018-2019,2,P/M/A55,DEBIT,MOBILE,1,5875,5875,6375,6875,1000,BUDGET PHONE
15-08-2018,2018-2019,2,P/M/A55,MOBILE PAYMENTS,MOBILE,1,5875,5875,6375,6875,1000,BUDGET PHONE
15-08-2018,2018-2019,2,P/M/A59,MOBILE PAYMENTS,MOBILE,1,10098.22,10098.22,11098.22,11598.22,1500,BUDGET PHONE
15-08-2018,2018-2019,2,P/M/A74,DEBIT,MOBILE,1,59125,59125,60125,60625,1500,FLAGSHIP PHONE
15-08-2018,2018-2019,2,P/M/A74,DEBIT,MOBILE,1,58232.14,58232.14,59232.14,59732.14,1500,FLAGSHIP PHONE
16-08-2018,2018-2019,2,P/A/47,CASH,ACCESSORY,1,1433.9,1433.9,1533.9,2033.9,600,WIRELESS HEADSET
15-09-2018,2018-2019,2,P/M/A64,CASH,MOBILE,1,14562.5,14562.5,15562.5,16062.5,1500,MIDRANGE PHONE
16-08-2018,2018-2019,2,P/M/A40,CASH,MOBILE,1,39562.5,39562.5,40562.5,41062.5,1500,PREMIUM MIDRANGE PHONE
16-08-2018,2018-2019,2,P/M/A59,CREDIT,MOBILE,1,10098.22,10098.22,11098.22,11598.22,1500,BUDGET PHONE
18-09-2018,2018-2019,2,P/M/A64,DEBIT,MOBILE,1,14562.5,14562.5,15562.5,16062.5,1500,MIDRANGE PHONE
23-09-2018,2018-2019,2,P/M/A64,MOBILE PAYMENTS,MOBILE,1,14562.5,14562.5,15562.5,16062.5,1500,MIDRANGE PHONE
17-08-2018,2018-2019,2,P/A/21,MOBILE PAYMENTS,ACCESSORY,1,408.48,408.48,508.48,1008.48,600,CHARGER 
17-08-2018,2018-2019,2,P/A/22,DEBIT,ACCESSORY,1,332.2,332.2,432.2,932.2,600,CHARGER 
17-08-2018,2018-2019,2,P/A/40,CASH,ACCESSORY,1,416.94,416.94,516.94,1016.94,600,DATA CABLE
17-08-2018,2018-2019,2,P/A/47,MOBILE PAYMENTS,ACCESSORY,1,1603.38,1603.38,1703.38,2203.38,600,WIRELESS HEADSET
17-08-2018,2018-2019,2,P/M/A53,CREDIT,MOBILE,1,4535.72,4535.72,5035.72,5535.72,1000,BUDGET PHONE
17-08-2018,2018-2019,2,P/M/A55,DEBIT,MOBILE,1,5866.08,5866.08,6366.08,6866.08,1000,BUDGET PHONE
18-08-2018,2018-2019,2,P/A/18,CREDIT,ACCESSORY,1,585.6,585.6,685.6,1185.6,600,BATTERY
18-08-2018,2018-2019,2,P/A/22,MOBILE PAYMENTS,ACCESSORY,1,408.48,408.48,508.48,1008.48,600,CHARGER 
18-08-2018,2018-2019,2,P/A/39,CREDIT,ACCESSORY,1,416.94,416.94,516.94,1016.94,600,COVER
18-08-2018,2018-2019,2,P/A/47,MOBILE PAYMENTS,ACCESSORY,1,1433.9,1433.9,1533.9,2033.9,600,WIRELESS HEADSET
23-09-2018,2018-2019,2,P/M/A64,CREDIT,MOBILE,1,14562.5,14562.5,15562.5,16062.5,1500,MIDRANGE PHONE
25-09-2018,2018-2019,2,P/M/A64,MOBILE PAYMENTS,MOBILE,1,14562.5,14562.5,15562.5,16062.5,1500,MIDRANGE PHONE
18-08-2018,2018-2019,2,P/M/A53,DEBIT,MOBILE,1,4366.08,4366.08,4866.08,5366.08,1000,BUDGET PHONE
18-08-2018,2018-2019,2,P/M/A62,CREDIT,MOBILE,1,13232.14,13232.14,14232.14,14732.14,1500,BUDGET PHONE
18-08-2018,2018-2019,2,P/M/A62,MOBILE PAYMENTS,MOBILE,1,12360.72,12360.72,13360.72,13860.72,1500,BUDGET PHONE
19-08-2018,2018-2019,2,P/A/47,CASH,ACCESSORY,1,1433.9,1433.9,1533.9,2033.9,600,WIRELESS HEADSET
19-08-2018,2018-2019,2,P/A/47,CASH,ACCESSORY,1,1603.38,1603.38,1703.38,2203.38,600,WIRELESS HEADSET
19-08-2018,2018-2019,2,P/M/A59,CASH,MOBILE,1,10098.22,10098.22,11098.22,11598.22,1500,BUDGET PHONE
19-08-2018,2018-2019,2,P/M/A59,CASH,MOBILE,1,11883.92,11883.92,12883.92,13383.92,1500,BUDGET PHONE
19-08-2018,2018-2019,2,P/M/A59,CREDIT,MOBILE,1,10098.22,10098.22,11098.22,11598.22,1500,BUDGET PHONE
19-08-2018,2018-2019,2,P/M/A59,DEBIT,MOBILE,1,10627.68,10627.68,11627.68,12127.68,1500,BUDGET PHONE
20-08-2018,2018-2019,2,P/A/18,DEBIT,ACCESSORY,1,585.6,585.6,685.6,1185.6,600,BATTERY
20-08-2018,2018-2019,2,P/A/22,MOBILE PAYMENTS,ACCESSORY,1,416.1,416.1,516.1,1016.1,600,CHARGER 
24-08-2018,2018-2019,2,P/M/A64,CASH,MOBILE,1,14660.72,14660.72,15660.72,16160.72,1500,MIDRANGE PHONE
20-08-2018,2018-2019,2,P/M/A59,CASH,MOBILE,1,10098.22,10098.22,11098.22,11598.22,1500,BUDGET PHONE
20-08-2018,2018-2019,2,P/T/S1,CREDIT,TABLET,1,7050.84,7050.84,7550.84,8050.84,1000,BUDGET TABLET
21-08-2018,2018-2019,2,P/A/47,CREDIT,ACCESSORY,1,1349.16,1349.16,1449.16,1949.16,600,WIRELESS HEADSET
21-08-2018,2018-2019,2,P/M/A55,MOBILE PAYMENTS,MOBILE,1,5866.08,5866.08,6366.08,6866.08,1000,BUDGET PHONE
21-08-2018,2018-2019,2,P/T/S1,CREDIT,TABLET,1,7050.84,7050.84,7550.84,8050.84,1000,BUDGET TABLET
22-08-2018,2018-2019,2,P/M/A55,CREDIT,MOBILE,1,5875,5875,6375,6875,1000,BUDGET PHONE
22-08-2018,2018-2019,2,P/M/A59,CASH,MOBILE,1,10098.22,10098.22,11098.22,11598.22,1500,BUDGET PHONE
22-08-2018,2018-2019,2,P/M/A59,MOBILE PAYMENTS,MOBILE,1,11883.92,11883.92,12883.92,13383.92,1500,BUDGET PHONE
22-08-2018,2018-2019,2,P/M/A75,DEBIT,MOBILE,1,59125,59125,60125,60625,1500,FLAGSHIP PHONE
22-08-2018,2018-2019,2,P/M/A75,DEBIT,MOBILE,1,59125,59125,60125,60625,1500,FLAGSHIP PHONE
22-08-2018,2018-2019,2,P/M/A75,MOBILE PAYMENTS,MOBILE,1,74303.58,74303.58,75303.58,75803.58,1500,FLAGSHIP PHONE
22-08-2018,2018-2019,2,P/M/A75,DEBIT,MOBILE,1,74303.58,74303.58,75303.58,75803.58,1500,FLAGSHIP PHONE
22-08-2018,2018-2019,2,P/M/A75,MOBILE PAYMENTS,MOBILE,1,59125,59125,60125,60625,1500,FLAGSHIP PHONE
22-08-2018,2018-2019,2,P/M/A75,MOBILE PAYMENTS,MOBILE,1,59125,59125,60125,60625,1500,FLAGSHIP PHONE
23-08-2018,2018-2019,2,P/A/22,DEBIT,ACCESSORY,1,416.1,416.1,516.1,1016.1,600,CHARGER 
23-08-2018,2018-2019,2,P/M/A23,DEBIT,MOBILE,1,650,650,750,1250,600,BUDGET PHONE
23-08-2018,2018-2019,2,P/M/A57,CREDIT,MOBILE,1,7026.78,7026.78,7526.78,8026.78,1000,BUDGET PHONE
23-08-2018,2018-2019,2,P/M/A57,CASH,MOBILE,1,8812.5,8812.5,9312.5,9812.5,1000,BUDGET PHONE
23-08-2018,2018-2019,2,P/M/A59,CREDIT,MOBILE,1,10098.22,10098.22,11098.22,11598.22,1500,BUDGET PHONE
23-08-2018,2018-2019,2,P/M/A75,DEBIT,MOBILE,1,59125,59125,60125,60625,1500,FLAGSHIP PHONE
23-08-2018,2018-2019,2,P/M/A75,DEBIT,MOBILE,1,74303.57,74303.57,75303.57,75803.57,1500,FLAGSHIP PHONE
23-08-2018,2018-2019,2,P/M/A75,CREDIT,MOBILE,1,59125,59125,60125,60625,1500,FLAGSHIP PHONE
23-08-2018,2018-2019,2,P/M/A75,MOBILE PAYMENTS,MOBILE,1,59125,59125,60125,60625,1500,FLAGSHIP PHONE
24-08-2018,2018-2019,2,P/A/22,DEBIT,ACCESSORY,1,416.1,416.1,516.1,1016.1,600,CHARGER 
24-08-2018,2018-2019,2,P/M/A23,MOBILE PAYMENTS,MOBILE,1,650,650,750,1250,600,BUDGET PHONE
24-08-2018,2018-2019,2,P/M/A42,DEBIT,MOBILE,1,50196.42,50196.42,51196.42,51696.42,1500,FLAGSHIP PHONE
24-08-2018,2018-2019,2,P/M/A43,MOBILE PAYMENTS,MOBILE,1,56446.42,56446.42,57446.42,57946.42,1500,FLAGSHIP PHONE
24-08-2018,2018-2019,2,P/M/A55,MOBILE PAYMENTS,MOBILE,1,5875,5875,6375,6875,1000,BUDGET PHONE
24-08-2018,2018-2019,2,P/M/A55,CASH,MOBILE,1,5875,5875,6375,6875,1000,BUDGET PHONE
24-08-2018,2018-2019,2,P/M/A59,DEBIT,MOBILE,1,10098.22,10098.22,11098.22,11598.22,1500,BUDGET PHONE
24-08-2018,2018-2019,2,P/M/A75,MOBILE PAYMENTS,MOBILE,1,59125,59125,60125,60625,1500,FLAGSHIP PHONE
12/7/2018,2018-2019,2,P/M/A63,DEBIT,MOBILE,1,14883.92,14883.92,15883.92,16383.92,1500,MIDRANGE PHONE
25-08-2018,2018-2019,2,P/M/A23,MOBILE PAYMENTS,MOBILE,1,658.92,658.92,758.92,1258.92,600,BUDGET PHONE
25-08-2018,2018-2019,2,P/M/A59,MOBILE PAYMENTS,MOBILE,1,10098.22,10098.22,11098.22,11598.22,1500,BUDGET PHONE
25-08-2018,2018-2019,2,P/M/A62,MOBILE PAYMENTS,MOBILE,1,12360.72,12360.72,13360.72,13860.72,1500,BUDGET PHONE
26-08-2018,2018-2019,2,P/A/47,DEBIT,ACCESSORY,1,1433.9,1433.9,1533.9,2033.9,600,WIRELESS HEADSET
7/8/2018,2018-2019,2,P/M/A63,CASH,MOBILE,1,14883.92,14883.92,15883.92,16383.92,1500,MIDRANGE PHONE
26-08-2018,2018-2019,2,P/M/A57,MOBILE PAYMENTS,MOBILE,1,7026.78,7026.78,7526.78,8026.78,1000,BUDGET PHONE
27-08-2018,2018-2019,2,P/A/14,CASH,ACCESSORY,1,459.32,459.32,559.32,1059.32,600,BATTERY
27-08-2018,2018-2019,2,P/A/22,CREDIT,ACCESSORY,1,416.1,416.1,516.1,1016.1,600,CHARGER 
28-08-2018,2018-2019,2,P/M/A75,DEBIT,MOBILE,1,59125,59125,60125,60625,1500,FLAGSHIP PHONE
29-08-2018,2018-2019,2,P/M/A24,MOBILE PAYMENTS,MOBILE,1,873.22,873.22,973.22,1473.22,600,BUDGET PHONE
29-08-2018,2018-2019,2,P/M/A54,DEBIT,MOBILE,1,5875,5875,6375,6875,1000,BUDGET PHONE
30-08-2018,2018-2019,2,P/A/35,CASH,ACCESSORY,1,1857.62,1857.62,1957.62,2457.62,600,COVER
21-07-2019,2019-2020,2,P/M/A10,CREDIT,MOBILE,1,15008.92,15008.92,16008.92,16508.92,1500,MIDRANGE PHONE
28-07-2019,2019-2020,2,P/M/A10,MOBILE PAYMENTS,MOBILE,1,15008.92,15008.92,16008.92,16508.92,1500,MIDRANGE PHONE
30-08-2018,2018-2019,2,P/M/A43,MOBILE PAYMENTS,MOBILE,1,56446.42,56446.42,57446.42,57946.42,1500,FLAGSHIP PHONE
30-08-2018,2018-2019,2,P/M/A59,DEBIT,MOBILE,1,10098.22,10098.22,11098.22,11598.22,1500,BUDGET PHONE
30-08-2018,2018-2019,2,P/M/A62,MOBILE PAYMENTS,MOBILE,1,12360.72,12360.72,13360.72,13860.72,1500,BUDGET PHONE
30-08-2018,2018-2019,2,P/M/A75,CREDIT,MOBILE,1,59125,59125,60125,60625,1500,FLAGSHIP PHONE
31-08-2018,2018-2019,2,P/M/A75,DEBIT,MOBILE,1,59125,59125,60125,60625,1500,FLAGSHIP PHONE
1/9/2018,2018-2019,2,P/A/48,DEBIT,ACCESSORY,1,586.44,586.44,686.44,1186.44,600,WIRELESS HEADSET
1/9/2018,2018-2019,2,P/M/A23,CASH,MOBILE,1,650,650,750,1250,600,BUDGET PHONE
1/9/2018,2018-2019,2,P/M/A23,CREDIT,MOBILE,1,658.92,658.92,758.92,1258.92,600,BUDGET PHONE
1/9/2018,2018-2019,2,P/M/A25,CASH,MOBILE,1,1266.08,1266.08,1366.08,1866.08,600,BUDGET PHONE
1/8/2019,2019-2020,2,P/M/A10,MOBILE PAYMENTS,MOBILE,1,15008.92,15008.92,16008.92,16508.92,1500,MIDRANGE PHONE
1/9/2018,2018-2019,2,P/M/A42,CREDIT,MOBILE,1,50196.42,50196.42,51196.42,51696.42,1500,FLAGSHIP PHONE
1/9/2018,2018-2019,2,P/M/A56,DEBIT,MOBILE,1,4526.78,4526.78,5026.78,5526.78,1000,BUDGET PHONE
1/9/2018,2018-2019,2,P/M/A59,DEBIT,MOBILE,1,10098.22,10098.22,11098.22,11598.22,1500,BUDGET PHONE
11/8/2019,2019-2020,2,P/M/A10,CASH,MOBILE,1,15008.92,15008.92,16008.92,16508.92,1500,MIDRANGE PHONE
15-08-2019,2019-2020,2,P/M/A10,CREDIT,MOBILE,1,15008.92,15008.92,16008.92,16508.92,1500,MIDRANGE PHONE
15-08-2019,2019-2020,2,P/M/A10,MOBILE PAYMENTS,MOBILE,1,15008.92,15008.92,16008.92,16508.92,1500,MIDRANGE PHONE
21-08-2019,2019-2020,2,P/M/A10,DEBIT,MOBILE,1,15008.92,15008.92,16008.92,16508.92,1500,MIDRANGE PHONE
2/9/2018,2018-2019,2,P/M/A42,DEBIT,MOBILE,1,50196.43,50196.43,51196.43,51696.43,1500,FLAGSHIP PHONE
21-08-2019,2019-2020,2,P/M/A10,DEBIT,MOBILE,1,15008.92,15008.92,16008.92,16508.92,1500,MIDRANGE PHONE
2/9/2018,2018-2019,2,P/M/A75,DEBIT,MOBILE,1,59125,59125,60125,60625,1500,FLAGSHIP PHONE
3/9/2018,2018-2019,2,P/A/26,CASH,ACCESSORY,1,1984.74,1984.74,2084.74,2584.74,600,CHARGER 
3/9/2018,2018-2019,2,P/A/38,DEBIT,ACCESSORY,1,1942.38,1942.38,2042.38,2542.38,600,COVER
3/9/2018,2018-2019,2,P/M/A23,CASH,MOBILE,1,650,650,750,1250,600,BUDGET PHONE
3/9/2018,2018-2019,2,P/M/A75,MOBILE PAYMENTS,MOBILE,1,59125,59125,60125,60625,1500,FLAGSHIP PHONE
3/9/2018,2018-2019,2,P/M/A75,CREDIT,MOBILE,1,59125,59125,60125,60625,1500,FLAGSHIP PHONE
3/9/2018,2018-2019,2,P/T/S1,MOBILE PAYMENTS,TABLET,1,7050.84,7050.84,7550.84,8050.84,1000,BUDGET TABLET
4/9/2018,2018-2019,2,P/A/22,MOBILE PAYMENTS,ACCESSORY,1,416.1,416.1,516.1,1016.1,600,CHARGER 
4/9/2018,2018-2019,2,P/A/26,MOBILE PAYMENTS,ACCESSORY,1,2195.76,2195.76,2295.76,2795.76,600,CHARGER 
4/9/2018,2018-2019,2,P/A/26,DEBIT,ACCESSORY,1,1942.38,1942.38,2042.38,2542.38,600,CHARGER 
4/9/2018,2018-2019,2,P/A/26,MOBILE PAYMENTS,ACCESSORY,1,2195.76,2195.76,2295.76,2795.76,600,CHARGER 
4/9/2018,2018-2019,2,P/M/A23,MOBILE PAYMENTS,MOBILE,1,650,650,750,1250,600,BUDGET PHONE
4/9/2018,2018-2019,2,P/M/A23,MOBILE PAYMENTS,MOBILE,1,650,650,750,1250,600,BUDGET PHONE
4/9/2018,2018-2019,2,P/M/A24,DEBIT,MOBILE,1,873.22,873.22,973.22,1473.22,600,BUDGET PHONE
4/9/2018,2018-2019,2,P/M/A24,MOBILE PAYMENTS,MOBILE,1,882.14,882.14,982.14,1482.14,600,BUDGET PHONE
4/9/2018,2018-2019,2,P/M/A55,MOBILE PAYMENTS,MOBILE,1,5875,5875,6375,6875,1000,BUDGET PHONE
27-08-2019,2019-2020,2,P/M/A10,DEBIT,MOBILE,1,15008.92,15008.92,16008.92,16508.92,1500,MIDRANGE PHONE
4/9/2018,2018-2019,2,P/M/A75,DEBIT,MOBILE,1,59125,59125,60125,60625,1500,FLAGSHIP PHONE
4/9/2018,2018-2019,2,P/M/A75,DEBIT,MOBILE,1,59125,59125,60125,60625,1500,FLAGSHIP PHONE
5/9/2018,2018-2019,2,P/A/47,MOBILE PAYMENTS,ACCESSORY,1,1306.78,1306.78,1406.78,1906.78,600,WIRELESS HEADSET
28-08-2019,2019-2020,2,P/M/A10,MOBILE PAYMENTS,MOBILE,1,15008.92,15008.92,16008.92,16508.92,1500,MIDRANGE PHONE
5/9/2018,2018-2019,2,P/M/A53,MOBILE PAYMENTS,MOBILE,1,4356.24,4356.24,4856.24,5356.24,1000,BUDGET PHONE
6/9/2018,2018-2019,2,P/A/22,DEBIT,ACCESSORY,1,416.1,416.1,516.1,1016.1,600,CHARGER 
31-08-2019,2019-2020,2,P/M/A10,CREDIT,MOBILE,1,15008.92,15008.92,16008.92,16508.92,1500,MIDRANGE PHONE
6/9/2018,2018-2019,2,P/M/A29,CASH,MOBILE,20,310.71,6214.2,410.71,18214.28,12000,BUDGET PHONE
6/9/2018,2018-2019,2,P/M/A29,MOBILE PAYMENTS,MOBILE,20,310.71,6214.2,410.71,18214.28,12000,BUDGET PHONE
6/9/2018,2018-2019,2,P/M/A29,CASH,MOBILE,30,310.71,9321.3,410.71,27321.42,18000,BUDGET PHONE
6/9/2018,2018-2019,2,P/M/A31,MOBILE PAYMENTS,MOBILE,1,9205.36,9205.36,10205.36,10705.36,1500,BUDGET PHONE
6/9/2018,2018-2019,2,P/M/A59,CREDIT,MOBILE,1,10098.22,10098.22,11098.22,11598.22,1500,BUDGET PHONE
3/9/2019,2019-2020,2,P/M/A10,CASH,MOBILE,1,15008.92,15008.92,16008.92,16508.92,1500,MIDRANGE PHONE
6/9/2018,2018-2019,2,P/M/A75,DEBIT,MOBILE,1,59125,59125,60125,60625,1500,FLAGSHIP PHONE
6/9/2018,2018-2019,2,P/M/A75,DEBIT,MOBILE,1,59125,59125,60125,60625,1500,FLAGSHIP PHONE
6/9/2018,2018-2019,2,P/T/S1,CASH,TABLET,1,7050.84,7050.84,7550.84,8050.84,1000,BUDGET TABLET
7/9/2018,2018-2019,2,P/A/47,CASH,ACCESSORY,1,1349.16,1349.16,1449.16,1949.16,600,WIRELESS HEADSET
7/9/2018,2018-2019,2,P/A/47,CREDIT,ACCESSORY,1,1264.4,1264.4,1364.4,1864.4,600,WIRELESS HEADSET
7/9/2018,2018-2019,2,P/A/47,DEBIT,ACCESSORY,1,1264.4,1264.4,1364.4,1864.4,600,WIRELESS HEADSET
7/9/2018,2018-2019,2,P/A/9,DEBIT,ACCESSORY,1,17983.06,17983.06,18983.06,19483.06,1500,GALAXY WATCH
4/9/2019,2019-2020,2,P/M/A10,DEBIT,MOBILE,1,15008.92,15008.92,16008.92,16508.92,1500,MIDRANGE PHONE
7/9/2018,2018-2019,2,P/M/A24,CREDIT,MOBILE,1,873.22,873.22,973.22,1473.22,600,BUDGET PHONE
7/9/2018,2018-2019,2,P/M/A42,MOBILE PAYMENTS,MOBILE,1,50196.42,50196.42,51196.42,51696.42,1500,FLAGSHIP PHONE
7/9/2018,2018-2019,2,P/M/A57,DEBIT,MOBILE,1,7026.78,7026.78,7526.78,8026.78,1000,BUDGET PHONE
7/9/2018,2018-2019,2,P/M/A59,MOBILE PAYMENTS,MOBILE,1,11883.92,11883.92,12883.92,13383.92,1500,BUDGET PHONE
7/9/2018,2018-2019,2,P/M/A59,MOBILE PAYMENTS,MOBILE,1,10098.22,10098.22,11098.22,11598.22,1500,BUDGET PHONE
9/9/2019,2019-2020,2,P/M/A10,CREDIT,MOBILE,1,15008.92,15008.92,16008.92,16508.92,1500,MIDRANGE PHONE
9/9/2019,2019-2020,2,P/M/A10,MOBILE PAYMENTS,MOBILE,1,15008.92,15008.92,16008.92,16508.92,1500,MIDRANGE PHONE
13-09-2019,2019-2020,2,P/M/A10,CASH,MOBILE,1,15008.92,15008.92,16008.92,16508.92,1500,MIDRANGE PHONE
8/9/2018,2018-2019,2,P/A/26,CASH,ACCESSORY,1,2069.5,2069.5,2169.5,2669.5,600,CHARGER 
8/9/2018,2018-2019,2,P/A/39,MOBILE PAYMENTS,ACCESSORY,1,374.58,374.58,474.58,974.58,600,COVER
15-09-2019,2019-2020,2,P/M/A10,MOBILE PAYMENTS,MOBILE,1,15008.92,15008.92,16008.92,16508.92,1500,MIDRANGE PHONE
17-09-2019,2019-2020,2,P/M/A10,CREDIT,MOBILE,1,15008.92,15008.92,16008.92,16508.92,1500,MIDRANGE PHONE
8/9/2018,2018-2019,2,P/M/A55,CASH,MOBILE,1,5875,5875,6375,6875,1000,BUDGET PHONE
8/9/2018,2018-2019,2,P/M/A55,CREDIT,MOBILE,1,5875,5875,6375,6875,1000,BUDGET PHONE
8/9/2018,2018-2019,2,P/M/A55,MOBILE PAYMENTS,MOBILE,1,5875,5875,6375,6875,1000,BUDGET PHONE
8/9/2018,2018-2019,2,P/M/A57,MOBILE PAYMENTS,MOBILE,1,8812.5,8812.5,9312.5,9812.5,1000,BUDGET PHONE
8/9/2018,2018-2019,2,P/M/A57,CASH,MOBILE,1,7026.78,7026.78,7526.78,8026.78,1000,BUDGET PHONE
8/9/2018,2018-2019,2,P/M/A57,DEBIT,MOBILE,1,8812.5,8812.5,9312.5,9812.5,1000,BUDGET PHONE
8/9/2018,2018-2019,2,P/M/A75,DEBIT,MOBILE,1,59125,59125,60125,60625,1500,FLAGSHIP PHONE
8/9/2018,2018-2019,2,P/M/A75,CREDIT,MOBILE,1,59125,59125,60125,60625,1500,FLAGSHIP PHONE
9/9/2018,2018-2019,2,P/A/46,CREDIT,ACCESSORY,1,9508.48,9508.48,10508.48,11008.48,1500,WIRELESS EARPHONES
22-09-2019,2019-2020,2,P/M/A10,CREDIT,MOBILE,1,15008.92,15008.92,16008.92,16508.92,1500,MIDRANGE PHONE
9/9/2018,2018-2019,2,P/M/A23,DEBIT,MOBILE,1,650,650,750,1250,600,BUDGET PHONE
9/9/2018,2018-2019,2,P/M/A55,CASH,MOBILE,1,5875,5875,6375,6875,1000,BUDGET PHONE
9/9/2018,2018-2019,2,P/M/A59,DEBIT,MOBILE,1,10098.22,10098.22,11098.22,11598.22,1500,BUDGET PHONE
9/9/2018,2018-2019,2,P/M/A59,MOBILE PAYMENTS,MOBILE,1,10098.22,10098.22,11098.22,11598.22,1500,BUDGET PHONE
10/9/2018,2018-2019,2,P/A/46,DEBIT,ACCESSORY,1,9508.48,9508.48,10508.48,11008.48,1500,WIRELESS EARPHONES
10/9/2018,2018-2019,2,P/M/A55,CASH,MOBILE,1,5875,5875,6375,6875,1000,BUDGET PHONE
10/9/2018,2018-2019,2,P/M/A57,CASH,MOBILE,1,8812.5,8812.5,9312.5,9812.5,1000,BUDGET PHONE
10/9/2018,2018-2019,2,P/M/A59,MOBILE PAYMENTS,MOBILE,1,10098.22,10098.22,11098.22,11598.22,1500,BUDGET PHONE
11/9/2018,2018-2019,2,P/A/38,CASH,ACCESSORY,1,2026.28,2026.28,2126.28,2626.28,600,COVER
11/9/2018,2018-2019,2,P/M/A55,DEBIT,MOBILE,1,5875,5875,6375,6875,1000,BUDGET PHONE
11/9/2018,2018-2019,2,P/M/A55,CREDIT,MOBILE,1,5875,5875,6375,6875,1000,BUDGET PHONE
12/9/2018,2018-2019,2,P/A/18,CASH,ACCESSORY,1,585.6,585.6,685.6,1185.6,600,BATTERY
12/9/2018,2018-2019,2,P/M/A24,CASH,MOBILE,1,873.22,873.22,973.22,1473.22,600,BUDGET PHONE
12/9/2018,2018-2019,2,P/M/A56,DEBIT,MOBILE,1,4366.08,4366.08,4866.08,5366.08,1000,BUDGET PHONE
12/9/2018,2018-2019,2,P/M/A59,MOBILE PAYMENTS,MOBILE,1,10098.22,10098.22,11098.22,11598.22,1500,BUDGET PHONE
13-09-2018,2018-2019,2,P/A/21,CASH,ACCESSORY,1,408.48,408.48,508.48,1008.48,600,CHARGER 
13-09-2018,2018-2019,2,P/M/A57,CREDIT,MOBILE,1,8812.5,8812.5,9312.5,9812.5,1000,BUDGET PHONE
14-09-2018,2018-2019,2,P/A/49,CASH,ACCESSORY,1,671.18,671.18,771.18,1271.18,600,WIRELESS HEADSET
15-09-2018,2018-2019,2,P/A/18,CASH,ACCESSORY,1,585.6,585.6,685.6,1185.6,600,BATTERY
15-09-2018,2018-2019,2,P/A/51,DEBIT,ACCESSORY,1,331.36,331.36,431.36,931.36,600,WIRELESS HEADSET
15-09-2018,2018-2019,2,P/M/A75,MOBILE PAYMENTS,MOBILE,1,74303.58,74303.58,75303.58,75803.58,1500,FLAGSHIP PHONE
16-09-2018,2018-2019,2,P/A/14,MOBILE PAYMENTS,ACCESSORY,1,459.32,459.32,559.32,1059.32,600,BATTERY
16-09-2018,2018-2019,2,P/A/18,CASH,ACCESSORY,1,585.6,585.6,685.6,1185.6,600,BATTERY
16-09-2018,2018-2019,2,P/M/A54,DEBIT,MOBILE,1,5875,5875,6375,6875,1000,BUDGET PHONE
16-09-2018,2018-2019,2,P/M/A57,DEBIT,MOBILE,1,7026.78,7026.78,7526.78,8026.78,1000,BUDGET PHONE
17-09-2018,2018-2019,2,P/A/35,CREDIT,ACCESSORY,1,1688.14,1688.14,1788.14,2288.14,600,COVER
18-09-2018,2018-2019,2,P/A/38,CASH,ACCESSORY,1,2026.28,2026.28,2126.28,2626.28,600,COVER
18-09-2018,2018-2019,2,P/M/A75,DEBIT,MOBILE,1,59125,59125,60125,60625,1500,FLAGSHIP PHONE
19-09-2018,2018-2019,2,P/M/A75,MOBILE PAYMENTS,MOBILE,1,59125,59125,60125,60625,1500,FLAGSHIP PHONE
20-09-2018,2018-2019,2,P/M/A75,CREDIT,MOBILE,1,59125,59125,60125,60625,1500,FLAGSHIP PHONE
21-09-2018,2018-2019,2,P/A/19,MOBILE PAYMENTS,ACCESSORY,1,585.6,585.6,685.6,1185.6,600,BATTERY
21-09-2018,2018-2019,2,P/A/19,CASH,ACCESSORY,1,585.6,585.6,685.6,1185.6,600,BATTERY
12/9/2018,2018-2019,2,P/M/A63,CREDIT,MOBILE,1,15375,15375,16375,16875,1500,MIDRANGE PHONE
21-09-2018,2018-2019,2,P/M/A24,MOBILE PAYMENTS,MOBILE,1,828.58,828.58,928.58,1428.58,600,BUDGET PHONE
21-09-2018,2018-2019,2,P/M/A29,MOBILE PAYMENTS,MOBILE,1,471.42,471.42,571.42,1071.42,600,BUDGET PHONE
21-09-2018,2018-2019,2,P/M/A33,CREDIT,MOBILE,1,8732.14,8732.14,9232.14,9732.14,1000,BUDGET PHONE
21-09-2018,2018-2019,2,P/M/A33,MOBILE PAYMENTS,MOBILE,1,8732.14,8732.14,9232.14,9732.14,1000,BUDGET PHONE
21-09-2018,2018-2019,2,P/M/A33,MOBILE PAYMENTS,MOBILE,1,8732.14,8732.14,9232.14,9732.14,1000,BUDGET PHONE
21-09-2018,2018-2019,2,P/M/A34,CASH,MOBILE,1,11803.58,11803.58,12803.58,13303.58,1500,BUDGET PHONE
21-09-2018,2018-2019,2,P/M/A34,MOBILE PAYMENTS,MOBILE,1,11803.58,11803.58,12803.58,13303.58,1500,BUDGET PHONE
21-09-2018,2018-2019,2,P/M/A56,DEBIT,MOBILE,1,4526.78,4526.78,5026.78,5526.78,1000,BUDGET PHONE
21-09-2018,2018-2019,2,P/M/A57,CASH,MOBILE,1,7026.78,7026.78,7526.78,8026.78,1000,BUDGET PHONE
22-09-2018,2018-2019,2,P/A/22,CASH,ACCESSORY,1,408.48,408.48,508.48,1008.48,600,CHARGER 
22-09-2018,2018-2019,2,P/A/26,CREDIT,ACCESSORY,1,1603.38,1603.38,1703.38,2203.38,600,CHARGER 
22-09-2018,2018-2019,2,P/M/A33,DEBIT,MOBILE,6,7839.28,47035.68,8339.28,53035.71,6000,BUDGET PHONE
22-09-2018,2018-2019,2,P/M/A59,MOBILE PAYMENTS,MOBILE,1,10098.22,10098.22,11098.22,11598.22,1500,BUDGET PHONE
22-09-2018,2018-2019,2,P/M/A59,MOBILE PAYMENTS,MOBILE,1,10098.22,10098.22,11098.22,11598.22,1500,BUDGET PHONE
22-09-2018,2018-2019,2,P/M/A59,MOBILE PAYMENTS,MOBILE,1,11883.92,11883.92,12883.92,13383.92,1500,BUDGET PHONE
22-09-2018,2018-2019,2,P/M/A59,MOBILE PAYMENTS,MOBILE,1,11883.92,11883.92,12883.92,13383.92,1500,BUDGET PHONE
23-09-2018,2018-2019,2,P/A/26,MOBILE PAYMENTS,ACCESSORY,1,2195.76,2195.76,2295.76,2795.76,600,CHARGER 
23-09-2018,2018-2019,2,P/A/38,CASH,ACCESSORY,1,1942.38,1942.38,2042.38,2542.38,600,COVER
23-09-2018,2018-2019,2,P/A/8,MOBILE PAYMENTS,ACCESSORY,1,22652.54,22652.54,23652.54,24152.54,1500,GALAXY WATCH
23-09-2018,2018-2019,2,P/M/A42,DEBIT,MOBILE,1,53767.86,53767.86,54767.86,55267.86,1500,FLAGSHIP PHONE
23-07-2019,2019-2020,2,P/T/S6,CASH,TABLET,1,15448.3,15448.3,16448.3,16948.3,1500,MIDRANGE TAB
6/8/2019,2019-2020,2,P/T/S6,MOBILE PAYMENTS,TABLET,1,15448.3,15448.3,16448.3,16948.3,1500,MIDRANGE TAB
23-09-2018,2018-2019,2,P/M/A75,CREDIT,MOBILE,1,59125,59125,60125,60625,1500,FLAGSHIP PHONE
23-09-2018,2018-2019,2,P/M/A76,MOBILE PAYMENTS,MOBILE,1,60999.1,60999.1,61999.1,62499.1,1500,FLAGSHIP PHONE
24-09-2018,2018-2019,2,P/A/38,MOBILE PAYMENTS,ACCESSORY,1,1942.38,1942.38,2042.38,2542.38,600,COVER
24-09-2018,2018-2019,2,P/A/46,CREDIT,ACCESSORY,1,9432.2,9432.2,10432.2,10932.2,1500,WIRELESS EARPHONES
24-09-2018,2018-2019,2,P/M/A55,MOBILE PAYMENTS,MOBILE,1,5875,5875,6375,6875,1000,BUDGET PHONE
24-09-2018,2018-2019,2,P/M/A75,MOBILE PAYMENTS,MOBILE,1,59125,59125,60125,60625,1500,FLAGSHIP PHONE
24-09-2018,2018-2019,2,P/M/A75,MOBILE PAYMENTS,MOBILE,1,59125,59125,60125,60625,1500,FLAGSHIP PHONE
25-09-2018,2018-2019,2,P/A/19,CASH,ACCESSORY,1,585.6,585.6,685.6,1185.6,600,BATTERY
25-09-2018,2018-2019,2,P/A/21,DEBIT,ACCESSORY,1,374.58,374.58,474.58,974.58,600,CHARGER 
20-08-2019,2019-2020,2,P/T/S6,MOBILE PAYMENTS,TABLET,1,15448.3,15448.3,16448.3,16948.3,1500,MIDRANGE TAB
25-09-2018,2018-2019,2,P/T/S1,MOBILE PAYMENTS,TABLET,1,7050.84,7050.84,7550.84,8050.84,1000,BUDGET TABLET
26-09-2018,2018-2019,2,P/A/11,CREDIT,ACCESSORY,1,374.58,374.58,474.58,974.58,600,BATTERY
26-09-2018,2018-2019,2,P/M/A24,DEBIT,MOBILE,1,873.22,873.22,973.22,1473.22,600,BUDGET PHONE
26-09-2018,2018-2019,2,P/M/A24,DEBIT,MOBILE,1,873.22,873.22,973.22,1473.22,600,BUDGET PHONE
26-09-2018,2018-2019,2,P/M/A59,CASH,MOBILE,1,10098.22,10098.22,11098.22,11598.22,1500,BUDGET PHONE
26-09-2018,2018-2019,2,P/M/A59,CREDIT,MOBILE,1,10098.22,10098.22,11098.22,11598.22,1500,BUDGET PHONE
27-09-2018,2018-2019,2,P/A/41,MOBILE PAYMENTS,ACCESSORY,1,883.06,883.06,983.06,1483.06,600,POWER BANK
27-09-2018,2018-2019,2,P/M/A40,MOBILE PAYMENTS,MOBILE,1,43133.92,43133.92,44133.92,44633.92,1500,PREMIUM MIDRANGE PHONE
27-09-2018,2018-2019,2,P/M/A57,CREDIT,MOBILE,1,7026.78,7026.78,7526.78,8026.78,1000,BUDGET PHONE
23-09-2019,2019-2020,2,P/T/S6,CASH,TABLET,1,15448.3,15448.3,16448.3,16948.3,1500,MIDRANGE TAB
28-09-2018,2018-2019,2,P/M/A23,CREDIT,MOBILE,1,650,650,750,1250,600,BUDGET PHONE
28-09-2018,2018-2019,2,P/M/A23,DEBIT,MOBILE,1,650,650,750,1250,600,BUDGET PHONE
28-09-2018,2018-2019,2,P/M/A57,MOBILE PAYMENTS,MOBILE,1,7026.78,7026.78,7526.78,8026.78,1000,BUDGET PHONE
28-09-2018,2018-2019,2,P/M/A59,MOBILE PAYMENTS,MOBILE,1,10991.08,10991.08,11991.08,12491.08,1500,BUDGET PHONE
28-09-2018,2018-2019,2,P/M/A75,DEBIT,MOBILE,1,59125,59125,60125,60625,1500,FLAGSHIP PHONE
28-09-2018,2018-2019,2,P/M/A75,CREDIT,MOBILE,1,59125,59125,60125,60625,1500,FLAGSHIP PHONE
29-09-2018,2018-2019,2,P/A/47,DEBIT,ACCESSORY,1,1518.64,1518.64,1618.64,2118.64,600,WIRELESS HEADSET
29-09-2018,2018-2019,2,P/M/A55,DEBIT,MOBILE,1,5875,5875,6375,6875,1000,BUDGET PHONE
30-09-2018,2018-2019,2,P/M/A24,CASH,MOBILE,1,873.22,873.22,973.22,1473.22,600,BUDGET PHONE
30-09-2018,2018-2019,2,P/M/A60,DEBIT,MOBILE,1,12776.78,12776.78,13776.78,14276.78,1500,BUDGET PHONE
30-09-2018,2018-2019,2,P/M/A75,MOBILE PAYMENTS,MOBILE,1,59125,59125,60125,60625,1500,FLAGSHIP PHONE
1/7/2020,2020-2021,2,P/T/S6,CASH,TABLET,1,25448.3,25448.3,26448.3,26948.3,1500,MIDRANGE TAB
30-07-2020,2020-2021,2,P/T/S6,CREDIT,TABLET,1,25448.3,25448.3,26448.3,26948.3,1500,MIDRANGE TAB
12/8/2020,2020-2021,2,P/T/S6,CREDIT,TABLET,1,25448.3,25448.3,26448.3,26948.3,1500,MIDRANGE TAB
25-08-2020,2020-2021,2,P/T/S6,DEBIT,TABLET,1,25448.3,25448.3,26448.3,26948.3,1500,MIDRANGE TAB
27-08-2020,2020-2021,2,P/T/S6,CASH,TABLET,1,25448.3,25448.3,26448.3,26948.3,1500,MIDRANGE TAB
4/9/2020,2020-2021,2,P/M/A9,CREDIT,MOBILE,1,15448.3,15448.3,16448.3,16948.3,1500,MIDRANGE PHONE
30-09-2020,2020-2021,2,P/M/A9,CREDIT,MOBILE,1,15448.3,15448.3,16448.3,16948.3,1500,MIDRANGE PHONE
30-09-2020,2020-2021,2,P/M/A9,DEBIT,MOBILE,1,15448.3,15448.3,16448.3,16948.3,1500,MIDRANGE PHONE
5/7/2020,2020-2021,2,P/T/S6,CREDIT,TABLET,1,25448.3,25448.3,26448.3,26948.3,1500,MIDRANGE TAB
11/9/2020,2020-2021,2,P/M/A9,CREDIT,MOBILE,1,15448.31,15448.31,16448.31,16948.31,1500,MIDRANGE PHONE
17-09-2020,2020-2021,2,P/M/A9,MOBILE PAYMENTS,MOBILE,1,15448.31,15448.31,16448.31,16948.31,1500,MIDRANGE PHONE
4/7/2018,2018-2019,2,P/M/A64,DEBIT,MOBILE,1,15455.36,15455.36,16455.36,16955.36,1500,MIDRANGE PHONE
8/7/2018,2018-2019,2,P/M/A64,CREDIT,MOBILE,1,15455.36,15455.36,16455.36,16955.36,1500,MIDRANGE PHONE
11/7/2018,2018-2019,2,P/M/A64,MOBILE PAYMENTS,MOBILE,1,15455.36,15455.36,16455.36,16955.36,1500,MIDRANGE PHONE
12/7/2018,2018-2019,2,P/M/A64,CASH,MOBILE,1,15455.36,15455.36,16455.36,16955.36,1500,MIDRANGE PHONE
14-07-2018,2018-2019,2,P/M/A64,DEBIT,MOBILE,1,15455.36,15455.36,16455.36,16955.36,1500,MIDRANGE PHONE
14-07-2018,2018-2019,2,P/M/A64,CREDIT,MOBILE,1,15455.36,15455.36,16455.36,16955.36,1500,MIDRANGE PHONE
14-07-2018,2018-2019,2,P/M/A64,DEBIT,MOBILE,1,15455.36,15455.36,16455.36,16955.36,1500,MIDRANGE PHONE
18-07-2018,2018-2019,2,P/M/A64,CREDIT,MOBILE,1,15455.36,15455.36,16455.36,16955.36,1500,MIDRANGE PHONE
18-07-2018,2018-2019,2,P/M/A64,CASH,MOBILE,1,15455.36,15455.36,16455.36,16955.36,1500,MIDRANGE PHONE
19-07-2018,2018-2019,2,P/M/A64,DEBIT,MOBILE,1,15455.36,15455.36,16455.36,16955.36,1500,MIDRANGE PHONE
21-07-2018,2018-2019,2,P/M/A64,CASH,MOBILE,1,15455.36,15455.36,16455.36,16955.36,1500,MIDRANGE PHONE
23-07-2018,2018-2019,2,P/M/A64,CREDIT,MOBILE,1,15455.36,15455.36,16455.36,16955.36,1500,MIDRANGE PHONE
24-07-2018,2018-2019,2,P/M/A64,MOBILE PAYMENTS,MOBILE,1,15455.36,15455.36,16455.36,16955.36,1500,MIDRANGE PHONE
25-07-2018,2018-2019,2,P/M/A64,DEBIT,MOBILE,1,15455.36,15455.36,16455.36,16955.36,1500,MIDRANGE PHONE
26-07-2018,2018-2019,2,P/M/A64,DEBIT,MOBILE,1,15455.36,15455.36,16455.36,16955.36,1500,MIDRANGE PHONE
29-07-2018,2018-2019,2,P/M/A64,CASH,MOBILE,1,15455.36,15455.36,16455.36,16955.36,1500,MIDRANGE PHONE
30-07-2018,2018-2019,2,P/M/A64,DEBIT,MOBILE,1,15455.36,15455.36,16455.36,16955.36,1500,MIDRANGE PHONE
30-07-2018,2018-2019,2,P/M/A64,MOBILE PAYMENTS,MOBILE,1,15455.36,15455.36,16455.36,16955.36,1500,MIDRANGE PHONE
30-07-2018,2018-2019,2,P/M/A64,DEBIT,MOBILE,1,15455.36,15455.36,16455.36,16955.36,1500,MIDRANGE PHONE
2/8/2018,2018-2019,2,P/M/A64,MOBILE PAYMENTS,MOBILE,1,15455.36,15455.36,16455.36,16955.36,1500,MIDRANGE PHONE
2/8/2018,2018-2019,2,P/M/A64,DEBIT,MOBILE,1,15455.36,15455.36,16455.36,16955.36,1500,MIDRANGE PHONE
2/8/2018,2018-2019,2,P/M/A64,MOBILE PAYMENTS,MOBILE,1,15455.36,15455.36,16455.36,16955.36,1500,MIDRANGE PHONE
3/8/2018,2018-2019,2,P/M/A64,CREDIT,MOBILE,1,15455.36,15455.36,16455.36,16955.36,1500,MIDRANGE PHONE
4/8/2018,2018-2019,2,P/M/A64,MOBILE PAYMENTS,MOBILE,1,15455.36,15455.36,16455.36,16955.36,1500,MIDRANGE PHONE
5/8/2018,2018-2019,2,P/M/A64,CASH,MOBILE,1,15455.36,15455.36,16455.36,16955.36,1500,MIDRANGE PHONE
5/8/2018,2018-2019,2,P/M/A64,MOBILE PAYMENTS,MOBILE,1,15455.36,15455.36,16455.36,16955.36,1500,MIDRANGE PHONE
6/8/2018,2018-2019,2,P/M/A64,MOBILE PAYMENTS,MOBILE,1,15455.36,15455.36,16455.36,16955.36,1500,MIDRANGE PHONE
7/8/2018,2018-2019,2,P/M/A64,MOBILE PAYMENTS,MOBILE,1,15455.36,15455.36,16455.36,16955.36,1500,MIDRANGE PHONE
7/8/2018,2018-2019,2,P/M/A64,MOBILE PAYMENTS,MOBILE,1,15455.36,15455.36,16455.36,16955.36,1500,MIDRANGE PHONE
14-08-2018,2018-2019,2,P/M/A64,MOBILE PAYMENTS,MOBILE,1,15455.36,15455.36,16455.36,16955.36,1500,MIDRANGE PHONE
16-08-2018,2018-2019,2,P/M/A64,CASH,MOBILE,1,15455.36,15455.36,16455.36,16955.36,1500,MIDRANGE PHONE
16-08-2018,2018-2019,2,P/M/A64,DEBIT,MOBILE,1,15455.36,15455.36,16455.36,16955.36,1500,MIDRANGE PHONE
18-08-2018,2018-2019,2,P/M/A64,CREDIT,MOBILE,1,15455.36,15455.36,16455.36,16955.36,1500,MIDRANGE PHONE
18-08-2018,2018-2019,2,P/M/A64,CREDIT,MOBILE,1,15455.36,15455.36,16455.36,16955.36,1500,MIDRANGE PHONE
19-08-2018,2018-2019,2,P/M/A64,CASH,MOBILE,1,15455.36,15455.36,16455.36,16955.36,1500,MIDRANGE PHONE
20-08-2018,2018-2019,2,P/M/A64,CREDIT,MOBILE,1,15455.36,15455.36,16455.36,16955.36,1500,MIDRANGE PHONE
21-08-2018,2018-2019,2,P/M/A64,CASH,MOBILE,1,15455.36,15455.36,16455.36,16955.36,1500,MIDRANGE PHONE
14-07-2019,2019-2020,2,P/M/A20,MOBILE PAYMENTS,MOBILE,1,15455.36,15455.36,16455.36,16955.36,1500,MIDRANGE PHONE
27-08-2020,2020-2021,2,P/M/A9,MOBILE PAYMENTS,MOBILE,1,15777.12,15777.12,16777.12,17277.12,1500,MIDRANGE PHONE
29-09-2019,2019-2020,2,P/M/A10,MOBILE PAYMENTS,MOBILE,1,15828.58,15828.58,16828.58,17328.58,1500,MIDRANGE PHONE
6/7/2020,2020-2021,2,P/M/A11,CREDIT,MOBILE,1,15835.6,15835.6,16835.6,17335.6,1500,MIDRANGE PHONE
3/7/2020,2020-2021,2,P/M/A9,CREDIT,MOBILE,1,16295.76,16295.76,17295.76,17795.76,1500,MIDRANGE PHONE
4/7/2020,2020-2021,2,P/M/A9,DEBIT,MOBILE,1,16295.76,16295.76,17295.76,17795.76,1500,MIDRANGE PHONE
5/7/2020,2020-2021,2,P/M/A9,MOBILE PAYMENTS,MOBILE,1,16295.76,16295.76,17295.76,17795.76,1500,MIDRANGE PHONE
8/7/2020,2020-2021,2,P/M/A9,DEBIT,MOBILE,1,16295.76,16295.76,17295.76,17795.76,1500,MIDRANGE PHONE
9/7/2020,2020-2021,2,P/M/A9,DEBIT,MOBILE,1,16295.76,16295.76,17295.76,17795.76,1500,MIDRANGE PHONE
9/7/2020,2020-2021,2,P/M/A9,MOBILE PAYMENTS,MOBILE,1,16295.76,16295.76,17295.76,17795.76,1500,MIDRANGE PHONE
10/7/2020,2020-2021,2,P/M/A9,CREDIT,MOBILE,1,16295.76,16295.76,17295.76,17795.76,1500,MIDRANGE PHONE
24-07-2020,2020-2021,2,P/M/A9,MOBILE PAYMENTS,MOBILE,1,16295.76,16295.76,17295.76,17795.76,1500,MIDRANGE PHONE
27-07-2020,2020-2021,2,P/M/A9,CASH,MOBILE,1,16295.76,16295.76,17295.76,17795.76,1500,MIDRANGE PHONE
28-07-2020,2020-2021,2,P/M/A9,CASH,MOBILE,1,16295.76,16295.76,17295.76,17795.76,1500,MIDRANGE PHONE
31-07-2020,2020-2021,2,P/M/A9,CREDIT,MOBILE,1,16295.76,16295.76,17295.76,17795.76,1500,MIDRANGE PHONE
31-07-2020,2020-2021,2,P/M/A9,CASH,MOBILE,1,16295.76,16295.76,17295.76,17795.76,1500,MIDRANGE PHONE
5/8/2020,2020-2021,2,P/M/A9,DEBIT,MOBILE,1,16295.76,16295.76,17295.76,17795.76,1500,MIDRANGE PHONE
5/8/2020,2020-2021,2,P/M/A9,MOBILE PAYMENTS,MOBILE,1,16295.76,16295.76,17295.76,17795.76,1500,MIDRANGE PHONE
17-08-2020,2020-2021,2,P/M/A9,CASH,MOBILE,1,16295.76,16295.76,17295.76,17795.76,1500,MIDRANGE PHONE
18-08-2020,2020-2021,2,P/M/A9,DEBIT,MOBILE,1,16295.76,16295.76,17295.76,17795.76,1500,MIDRANGE PHONE
20-08-2020,2020-2021,2,P/M/A9,MOBILE PAYMENTS,MOBILE,1,16295.76,16295.76,17295.76,17795.76,1500,MIDRANGE PHONE
25-08-2020,2020-2021,2,P/M/A9,MOBILE PAYMENTS,MOBILE,1,16295.76,16295.76,17295.76,17795.76,1500,MIDRANGE PHONE
28-08-2020,2020-2021,2,P/M/A9,DEBIT,MOBILE,1,16295.76,16295.76,17295.76,17795.76,1500,MIDRANGE PHONE
31-08-2020,2020-2021,2,P/M/A9,MOBILE PAYMENTS,MOBILE,1,16295.76,16295.76,17295.76,17795.76,1500,MIDRANGE PHONE
31-08-2020,2020-2021,2,P/M/A9,MOBILE PAYMENTS,MOBILE,1,16295.76,16295.76,17295.76,17795.76,1500,MIDRANGE PHONE
8/9/2020,2020-2021,2,P/M/A9,MOBILE PAYMENTS,MOBILE,1,16295.76,16295.76,17295.76,17795.76,1500,MIDRANGE PHONE
20-08-2019,2019-2020,2,P/M/A10,CREDIT,MOBILE,1,16348.21,16348.21,17348.21,17848.21,1500,MIDRANGE PHONE
1/7/2018,2018-2019,2,P/M/A10,DEBIT,MOBILE,1,16348.22,16348.22,17348.22,17848.22,1500,MIDRANGE PHONE
1/7/2019,2019-2020,2,P/M/A10,MOBILE PAYMENTS,MOBILE,1,16348.22,16348.22,17348.22,17848.22,1500,MIDRANGE PHONE
3/7/2019,2019-2020,2,P/M/A10,MOBILE PAYMENTS,MOBILE,1,16348.22,16348.22,17348.22,17848.22,1500,MIDRANGE PHONE
4/7/2019,2019-2020,2,P/M/A10,DEBIT,MOBILE,1,16348.22,16348.22,17348.22,17848.22,1500,MIDRANGE PHONE
5/7/2019,2019-2020,2,P/M/A10,DEBIT,MOBILE,1,16348.22,16348.22,17348.22,17848.22,1500,MIDRANGE PHONE
6/7/2019,2019-2020,2,P/M/A10,CASH,MOBILE,1,16348.22,16348.22,17348.22,17848.22,1500,MIDRANGE PHONE
7/7/2019,2019-2020,2,P/M/A10,CREDIT,MOBILE,1,16348.22,16348.22,17348.22,17848.22,1500,MIDRANGE PHONE
7/7/2019,2019-2020,2,P/M/A10,CASH,MOBILE,1,16348.22,16348.22,17348.22,17848.22,1500,MIDRANGE PHONE
8/7/2019,2019-2020,2,P/M/A10,CASH,MOBILE,1,16348.22,16348.22,17348.22,17848.22,1500,MIDRANGE PHONE
11/7/2019,2019-2020,2,P/M/A10,CREDIT,MOBILE,1,16348.22,16348.22,17348.22,17848.22,1500,MIDRANGE PHONE
13-07-2019,2019-2020,2,P/M/A10,DEBIT,MOBILE,1,16348.22,16348.22,17348.22,17848.22,1500,MIDRANGE PHONE
13-07-2019,2019-2020,2,P/M/A10,DEBIT,MOBILE,1,16348.22,16348.22,17348.22,17848.22,1500,MIDRANGE PHONE
14-07-2019,2019-2020,2,P/M/A10,MOBILE PAYMENTS,MOBILE,1,16348.22,16348.22,17348.22,17848.22,1500,MIDRANGE PHONE
15-07-2019,2019-2020,2,P/M/A10,DEBIT,MOBILE,1,16348.22,16348.22,17348.22,17848.22,1500,MIDRANGE PHONE
21-07-2019,2019-2020,2,P/M/A10,MOBILE PAYMENTS,MOBILE,1,16348.22,16348.22,17348.22,17848.22,1500,MIDRANGE PHONE
21-07-2019,2019-2020,2,P/M/A10,CASH,MOBILE,1,16348.22,16348.22,17348.22,17848.22,1500,MIDRANGE PHONE
21-07-2019,2019-2020,2,P/M/A10,MOBILE PAYMENTS,MOBILE,1,16348.22,16348.22,17348.22,17848.22,1500,MIDRANGE PHONE
23-07-2019,2019-2020,2,P/M/A10,DEBIT,MOBILE,1,16348.22,16348.22,17348.22,17848.22,1500,MIDRANGE PHONE
24-07-2019,2019-2020,2,P/M/A10,DEBIT,MOBILE,1,16348.22,16348.22,17348.22,17848.22,1500,MIDRANGE PHONE
25-07-2019,2019-2020,2,P/M/A10,CREDIT,MOBILE,1,16348.22,16348.22,17348.22,17848.22,1500,MIDRANGE PHONE
25-07-2019,2019-2020,2,P/M/A10,DEBIT,MOBILE,1,16348.22,16348.22,17348.22,17848.22,1500,MIDRANGE PHONE
27-07-2019,2019-2020,2,P/M/A10,MOBILE PAYMENTS,MOBILE,1,16348.22,16348.22,17348.22,17848.22,1500,MIDRANGE PHONE
29-07-2019,2019-2020,2,P/M/A10,DEBIT,MOBILE,1,16348.22,16348.22,17348.22,17848.22,1500,MIDRANGE PHONE
31-07-2019,2019-2020,2,P/M/A10,MOBILE PAYMENTS,MOBILE,1,16348.22,16348.22,17348.22,17848.22,1500,MIDRANGE PHONE
2/8/2019,2019-2020,2,P/M/A10,CREDIT,MOBILE,1,16348.22,16348.22,17348.22,17848.22,1500,MIDRANGE PHONE
4/8/2019,2019-2020,2,P/M/A10,DEBIT,MOBILE,1,16348.22,16348.22,17348.22,17848.22,1500,MIDRANGE PHONE
4/8/2019,2019-2020,2,P/M/A10,CREDIT,MOBILE,1,16348.22,16348.22,17348.22,17848.22,1500,MIDRANGE PHONE
4/8/2019,2019-2020,2,P/M/A10,DEBIT,MOBILE,1,16348.22,16348.22,17348.22,17848.22,1500,MIDRANGE PHONE
8/8/2019,2019-2020,2,P/M/A10,CASH,MOBILE,1,16348.22,16348.22,17348.22,17848.22,1500,MIDRANGE PHONE
10/8/2019,2019-2020,2,P/M/A10,MOBILE PAYMENTS,MOBILE,1,16348.22,16348.22,17348.22,17848.22,1500,MIDRANGE PHONE
11/8/2019,2019-2020,2,P/M/A10,MOBILE PAYMENTS,MOBILE,1,16348.22,16348.22,17348.22,17848.22,1500,MIDRANGE PHONE
11/8/2019,2019-2020,2,P/M/A10,DEBIT,MOBILE,1,16348.22,16348.22,17348.22,17848.22,1500,MIDRANGE PHONE
11/8/2019,2019-2020,2,P/M/A10,DEBIT,MOBILE,1,16348.22,16348.22,17348.22,17848.22,1500,MIDRANGE PHONE
15-08-2019,2019-2020,2,P/M/A10,CASH,MOBILE,1,16348.22,16348.22,17348.22,17848.22,1500,MIDRANGE PHONE
16-08-2019,2019-2020,2,P/M/A10,MOBILE PAYMENTS,MOBILE,1,16348.22,16348.22,17348.22,17848.22,1500,MIDRANGE PHONE
18-08-2019,2019-2020,2,P/M/A10,DEBIT,MOBILE,1,16348.22,16348.22,17348.22,17848.22,1500,MIDRANGE PHONE
18-08-2019,2019-2020,2,P/M/A10,CASH,MOBILE,1,16348.22,16348.22,17348.22,17848.22,1500,MIDRANGE PHONE
23-08-2019,2019-2020,2,P/M/A10,CREDIT,MOBILE,1,16348.22,16348.22,17348.22,17848.22,1500,MIDRANGE PHONE
23-08-2019,2019-2020,2,P/M/A10,MOBILE PAYMENTS,MOBILE,1,16348.22,16348.22,17348.22,17848.22,1500,MIDRANGE PHONE
23-08-2019,2019-2020,2,P/M/A10,DEBIT,MOBILE,1,16348.22,16348.22,17348.22,17848.22,1500,MIDRANGE PHONE
3/9/2019,2019-2020,2,P/M/A10,DEBIT,MOBILE,1,16348.22,16348.22,17348.22,17848.22,1500,MIDRANGE PHONE
5/7/2020,2020-2021,2,P/M/A11,DEBIT,MOBILE,1,16355.93,16355.93,17355.93,17855.93,1500,MIDRANGE PHONE
5/7/2020,2020-2021,2,P/M/A11,MOBILE PAYMENTS,MOBILE,1,16355.94,16355.94,17355.94,17855.94,1500,MIDRANGE PHONE
30-07-2020,2020-2021,2,P/M/A11,CREDIT,MOBILE,1,16355.94,16355.94,17355.94,17855.94,1500,MIDRANGE PHONE
28-07-2019,2019-2020,2,P/M/A71,CASH,MOBILE,1,16794.64,16794.64,17794.64,18294.64,1500,MIDRANGE PHONE
8/9/2019,2019-2020,2,P/M/A71,DEBIT,MOBILE,1,16794.64,16794.64,17794.64,18294.64,1500,MIDRANGE PHONE
1/7/2020,2020-2021,2,P/M/A9,DEBIT,MOBILE,1,17143.22,17143.22,18143.22,18643.22,1500,MIDRANGE PHONE
3/7/2020,2020-2021,2,P/M/A9,CASH,MOBILE,1,17143.22,17143.22,18143.22,18643.22,1500,MIDRANGE PHONE
8/7/2020,2020-2021,2,P/M/A9,CREDIT,MOBILE,1,17143.22,17143.22,18143.22,18643.22,1500,MIDRANGE PHONE
9/7/2020,2020-2021,2,P/M/A9,MOBILE PAYMENTS,MOBILE,1,17143.22,17143.22,18143.22,18643.22,1500,MIDRANGE PHONE
13-07-2020,2020-2021,2,P/M/A9,CREDIT,MOBILE,1,17143.22,17143.22,18143.22,18643.22,1500,MIDRANGE PHONE
4/8/2019,2019-2020,2,P/M/A10,CREDIT,MOBILE,1,17687.5,17687.5,18687.5,19187.5,1500,MIDRANGE PHONE
8/8/2019,2019-2020,2,P/M/A10,CREDIT,MOBILE,1,17687.5,17687.5,18687.5,19187.5,1500,MIDRANGE PHONE
11/8/2019,2019-2020,2,P/M/A10,CREDIT,MOBILE,1,17687.5,17687.5,18687.5,19187.5,1500,MIDRANGE PHONE
15-08-2019,2019-2020,2,P/M/A10,CREDIT,MOBILE,1,17687.5,17687.5,18687.5,19187.5,1500,MIDRANGE PHONE
17-08-2019,2019-2020,2,P/M/A10,MOBILE PAYMENTS,MOBILE,1,17687.5,17687.5,18687.5,19187.5,1500,MIDRANGE PHONE
1/9/2019,2019-2020,2,P/M/A10,DEBIT,MOBILE,1,17687.5,17687.5,18687.5,19187.5,1500,MIDRANGE PHONE
9/9/2019,2019-2020,2,P/M/A10,DEBIT,MOBILE,1,17687.5,17687.5,18687.5,19187.5,1500,MIDRANGE PHONE
9/9/2019,2019-2020,2,P/M/A10,MOBILE PAYMENTS,MOBILE,1,17687.5,17687.5,18687.5,19187.5,1500,MIDRANGE PHONE
10/9/2019,2019-2020,2,P/M/A10,DEBIT,MOBILE,1,17687.5,17687.5,18687.5,19187.5,1500,MIDRANGE PHONE
17-09-2019,2019-2020,2,P/M/A10,CREDIT,MOBILE,1,17687.5,17687.5,18687.5,19187.5,1500,MIDRANGE PHONE
23-09-2019,2019-2020,2,P/M/A10,CASH,MOBILE,1,17687.5,17687.5,18687.5,19187.5,1500,MIDRANGE PHONE
24-09-2019,2019-2020,2,P/M/A10,CREDIT,MOBILE,1,17687.5,17687.5,18687.5,19187.5,1500,MIDRANGE PHONE
30-09-2019,2019-2020,2,P/M/A10,MOBILE PAYMENTS,MOBILE,1,17687.5,17687.5,18687.5,19187.5,1500,MIDRANGE PHONE
26-07-2019,2019-2020,2,P/M/A22,MOBILE PAYMENTS,MOBILE,1,17964.29,17964.29,18964.29,19464.29,1500,MIDRANGE PHONE
26-07-2019,2019-2020,2,P/M/A22,CASH,MOBILE,1,17964.29,17964.29,18964.29,19464.29,1500,MIDRANGE PHONE
26-07-2019,2019-2020,2,P/M/A22,CREDIT,MOBILE,1,17964.29,17964.29,18964.29,19464.29,1500,MIDRANGE PHONE
26-07-2019,2019-2020,2,P/M/A22,DEBIT,MOBILE,1,17964.29,17964.29,18964.29,19464.29,1500,MIDRANGE PHONE
27-07-2019,2019-2020,2,P/M/A22,CREDIT,MOBILE,1,17964.29,17964.29,18964.29,19464.29,1500,MIDRANGE PHONE
28-07-2019,2019-2020,2,P/M/A22,DEBIT,MOBILE,1,17964.29,17964.29,18964.29,19464.29,1500,MIDRANGE PHONE
28-07-2019,2019-2020,2,P/M/A22,DEBIT,MOBILE,1,17964.29,17964.29,18964.29,19464.29,1500,MIDRANGE PHONE
28-07-2019,2019-2020,2,P/M/A22,CASH,MOBILE,1,17964.29,17964.29,18964.29,19464.29,1500,MIDRANGE PHONE
29-07-2019,2019-2020,2,P/M/A22,MOBILE PAYMENTS,MOBILE,1,17964.29,17964.29,18964.29,19464.29,1500,MIDRANGE PHONE
29-07-2019,2019-2020,2,P/M/A22,CREDIT,MOBILE,1,17964.29,17964.29,18964.29,19464.29,1500,MIDRANGE PHONE
15-07-2020,2020-2021,2,P/M/A12,DEBIT,MOBILE,1,17990.68,17990.68,18990.68,19490.68,1500,MIDRANGE PHONE
1/7/2019,2019-2020,2,P/A/34,DEBIT,ACCESSORY,1,5355.08,5355.08,5855.08,6355.08,1000,COVER
1/7/2019,2019-2020,2,P/A/41,MOBILE PAYMENTS,ACCESSORY,1,2154.24,2154.24,2254.24,2754.24,600,POWER BANK
1/7/2019,2019-2020,2,P/A/47,CREDIT,ACCESSORY,1,1349.16,1349.16,1449.16,1949.16,600,WIRELESS HEADSET
1/7/2019,2019-2020,2,P/M/A1,CASH,MOBILE,1,6133.92,6133.92,6633.92,7133.92,1000,BUDGET PHONE
1/7/2019,2019-2020,2,P/T/S10,DEBIT,TABLET,1,47567.8,47567.8,48567.8,49067.8,1500,PREMIUM MIDRANGE TAB
2/7/2019,2019-2020,2,P/M/A23,DEBIT,MOBILE,2,650,1300,750,2500,1200,BUDGET PHONE
2/7/2019,2019-2020,2,P/M/A3,DEBIT,MOBILE,1,9258.92,9258.92,9758.92,10258.92,1000,BUDGET PHONE
2/7/2019,2019-2020,2,P/M/A69,CASH,MOBILE,1,12784.82,12784.82,13784.82,14284.82,1500,BUDGET PHONE
3/7/2019,2019-2020,2,P/A/22,MOBILE PAYMENTS,ACCESSORY,1,408.48,408.48,508.48,1008.48,600,CHARGER 
3/7/2019,2019-2020,2,P/A/26,CASH,ACCESSORY,1,1942.38,1942.38,2042.38,2542.38,600,CHARGER 
3/7/2019,2019-2020,2,P/A/44,MOBILE PAYMENTS,ACCESSORY,1,7466.1,7466.1,7966.1,8466.1,1000,WIRELESS EARPHONES
3/7/2019,2019-2020,2,P/M/A3,MOBILE PAYMENTS,MOBILE,1,9258.92,9258.92,9758.92,10258.92,1000,BUDGET PHONE
3/7/2019,2019-2020,2,P/M/A45,MOBILE PAYMENTS,MOBILE,1,58232.14,58232.14,59232.14,59732.14,1500,FLAGSHIP PHONE
3/7/2019,2019-2020,2,P/M/A7,MOBILE PAYMENTS,MOBILE,1,12330.36,12330.36,13330.36,13830.36,1500,BUDGET PHONE
4/7/2019,2019-2020,2,P/A/50,MOBILE PAYMENTS,ACCESSORY,1,2196.62,2196.62,2296.62,2796.62,600,WIRELESS HEADSET
4/7/2019,2019-2020,2,P/M/A1,MOBILE PAYMENTS,MOBILE,1,6133.92,6133.92,6633.92,7133.92,1000,BUDGET PHONE
17-09-2020,2020-2021,2,P/M/A12,CREDIT,MOBILE,1,17991.52,17991.52,18991.52,19491.52,1500,MIDRANGE PHONE
4/7/2019,2019-2020,2,P/M/A46,MOBILE PAYMENTS,MOBILE,1,64482.14,64482.14,65482.14,65982.14,1500,FLAGSHIP PHONE
5/7/2019,2019-2020,2,P/A/1,MOBILE PAYMENTS,ACCESSORY,1,19677.96,19677.96,20677.96,21177.96,1500,GALAXY WATCH
5/7/2019,2019-2020,2,P/A/44,CASH,ACCESSORY,1,7466.1,7466.1,7966.1,8466.1,1000,WIRELESS EARPHONES
5/7/2019,2019-2020,2,P/M/A3,MOBILE PAYMENTS,MOBILE,1,9258.92,9258.92,9758.92,10258.92,1000,BUDGET PHONE
5/7/2019,2019-2020,2,P/M/A3,CASH,MOBILE,1,9258.92,9258.92,9758.92,10258.92,1000,BUDGET PHONE
5/7/2019,2019-2020,2,P/M/A3,CREDIT,MOBILE,1,9258.92,9258.92,9758.92,10258.92,1000,BUDGET PHONE
5/7/2019,2019-2020,2,P/M/A46,MOBILE PAYMENTS,MOBILE,1,64482.14,64482.14,65482.14,65982.14,1500,FLAGSHIP PHONE
5/7/2019,2019-2020,2,P/M/A7,DEBIT,MOBILE,1,12330.36,12330.36,13330.36,13830.36,1500,BUDGET PHONE
30-08-2018,2018-2019,2,P/M/A14,DEBIT,MOBILE,1,18133.92,18133.92,19133.92,19633.92,1500,MIDRANGE PHONE
6/7/2019,2019-2020,2,P/M/A7,CREDIT,MOBILE,1,12330.36,12330.36,13330.36,13830.36,1500,BUDGET PHONE
7/7/2019,2019-2020,2,P/A/47,MOBILE PAYMENTS,ACCESSORY,1,1349.16,1349.16,1449.16,1949.16,600,WIRELESS HEADSET
7/7/2019,2019-2020,2,P/M/A1,MOBILE PAYMENTS,MOBILE,1,6133.92,6133.92,6633.92,7133.92,1000,BUDGET PHONE
30-08-2018,2018-2019,2,P/M/A14,DEBIT,MOBILE,1,18133.92,18133.92,19133.92,19633.92,1500,MIDRANGE PHONE
2/9/2018,2018-2019,2,P/M/A14,DEBIT,MOBILE,1,18133.92,18133.92,19133.92,19633.92,1500,MIDRANGE PHONE
2/9/2018,2018-2019,2,P/M/A14,CREDIT,MOBILE,1,18133.92,18133.92,19133.92,19633.92,1500,MIDRANGE PHONE
2/9/2018,2018-2019,2,P/M/A14,MOBILE PAYMENTS,MOBILE,1,18133.92,18133.92,19133.92,19633.92,1500,MIDRANGE PHONE
6/9/2018,2018-2019,2,P/M/A14,CREDIT,MOBILE,1,18133.92,18133.92,19133.92,19633.92,1500,MIDRANGE PHONE
7/9/2018,2018-2019,2,P/M/A14,MOBILE PAYMENTS,MOBILE,1,18133.92,18133.92,19133.92,19633.92,1500,MIDRANGE PHONE
8/9/2018,2018-2019,2,P/M/A14,CREDIT,MOBILE,1,18133.92,18133.92,19133.92,19633.92,1500,MIDRANGE PHONE
9/9/2018,2018-2019,2,P/M/A14,CREDIT,MOBILE,1,18133.92,18133.92,19133.92,19633.92,1500,MIDRANGE PHONE
9/7/2019,2019-2020,2,P/M/A23,MOBILE PAYMENTS,MOBILE,1,650,650,750,1250,600,BUDGET PHONE
9/7/2019,2019-2020,2,P/M/A23,CREDIT,MOBILE,1,694.64,694.64,794.64,1294.64,600,BUDGET PHONE
9/7/2019,2019-2020,2,P/M/A3,DEBIT,MOBILE,1,9258.92,9258.92,9758.92,10258.92,1000,BUDGET PHONE
9/7/2019,2019-2020,2,P/M/A3,CASH,MOBILE,1,9258.92,9258.92,9758.92,10258.92,1000,BUDGET PHONE
9/7/2019,2019-2020,2,P/M/A3,MOBILE PAYMENTS,MOBILE,1,9258.92,9258.92,9758.92,10258.92,1000,BUDGET PHONE
9/7/2019,2019-2020,2,P/M/A3,CASH,MOBILE,1,9258.92,9258.92,9758.92,10258.92,1000,BUDGET PHONE
10/7/2019,2019-2020,2,P/A/3,MOBILE PAYMENTS,ACCESSORY,1,23915.26,23915.26,24915.26,25415.26,1500,GALAXY WATCH
10/7/2019,2019-2020,2,P/A/3,MOBILE PAYMENTS,ACCESSORY,1,23915.26,23915.26,24915.26,25415.26,1500,GALAXY WATCH
20-09-2018,2018-2019,2,P/M/A14,MOBILE PAYMENTS,MOBILE,1,18133.92,18133.92,19133.92,19633.92,1500,MIDRANGE PHONE
20-09-2018,2018-2019,2,P/M/A14,MOBILE PAYMENTS,MOBILE,1,18133.92,18133.92,19133.92,19633.92,1500,MIDRANGE PHONE
10/7/2019,2019-2020,2,P/M/A24,CREDIT,MOBILE,1,783.92,783.92,883.92,1383.92,600,BUDGET PHONE
10/7/2019,2019-2020,2,P/M/A25,CASH,MOBILE,1,1185.72,1185.72,1285.72,1785.72,600,BUDGET PHONE
10/7/2019,2019-2020,2,P/M/A3,MOBILE PAYMENTS,MOBILE,1,9258.92,9258.92,9758.92,10258.92,1000,BUDGET PHONE
10/7/2019,2019-2020,2,P/M/A7,DEBIT,MOBILE,1,12330.36,12330.36,13330.36,13830.36,1500,BUDGET PHONE
11/7/2019,2019-2020,2,P/A/47,CREDIT,ACCESSORY,1,1391.52,1391.52,1491.52,1991.52,600,WIRELESS HEADSET
21-09-2018,2018-2019,2,P/M/A14,CREDIT,MOBILE,1,18133.92,18133.92,19133.92,19633.92,1500,MIDRANGE PHONE
21-09-2018,2018-2019,2,P/M/A14,DEBIT,MOBILE,1,18133.92,18133.92,19133.92,19633.92,1500,MIDRANGE PHONE
11/7/2019,2019-2020,2,P/M/A3,MOBILE PAYMENTS,MOBILE,1,9258.92,9258.92,9758.92,10258.92,1000,BUDGET PHONE
11/7/2019,2019-2020,2,P/M/A45,CREDIT,MOBILE,1,57339.28,57339.28,58339.28,58839.28,1500,FLAGSHIP PHONE
23-09-2018,2018-2019,2,P/M/A14,CREDIT,MOBILE,1,18133.92,18133.92,19133.92,19633.92,1500,MIDRANGE PHONE
12/7/2019,2019-2020,2,P/M/A3,MOBILE PAYMENTS,MOBILE,1,9258.92,9258.92,9758.92,10258.92,1000,BUDGET PHONE
12/7/2019,2019-2020,2,P/M/A45,DEBIT,MOBILE,1,58232.14,58232.14,59232.14,59732.14,1500,FLAGSHIP PHONE
12/7/2019,2019-2020,2,P/M/A7,DEBIT,MOBILE,1,12330.36,12330.36,13330.36,13830.36,1500,BUDGET PHONE
13-07-2019,2019-2020,2,P/A/21,CASH,ACCESSORY,1,408.48,408.48,508.48,1008.48,600,CHARGER 
13-07-2019,2019-2020,2,P/A/22,CASH,ACCESSORY,1,408.48,408.48,508.48,1008.48,600,CHARGER 
13-07-2019,2019-2020,2,P/A/3,CASH,ACCESSORY,1,23915.26,23915.26,24915.26,25415.26,1500,GALAXY WATCH
13-07-2019,2019-2020,2,P/M/A1,MOBILE PAYMENTS,MOBILE,1,6133.92,6133.92,6633.92,7133.92,1000,BUDGET PHONE
13-07-2019,2019-2020,2,P/M/A1,CASH,MOBILE,1,6133.92,6133.92,6633.92,7133.92,1000,BUDGET PHONE
28-09-2018,2018-2019,2,P/M/A14,MOBILE PAYMENTS,MOBILE,1,18133.92,18133.92,19133.92,19633.92,1500,MIDRANGE PHONE
13-07-2019,2019-2020,2,P/M/A23,CREDIT,MOBILE,1,650,650,750,1250,600,BUDGET PHONE
13-07-2019,2019-2020,2,P/M/A3,MOBILE PAYMENTS,MOBILE,1,9258.92,9258.92,9758.92,10258.92,1000,BUDGET PHONE
13-07-2019,2019-2020,2,P/M/A7,MOBILE PAYMENTS,MOBILE,1,12330.36,12330.36,13330.36,13830.36,1500,BUDGET PHONE
13-07-2019,2019-2020,2,P/T/S1,CASH,TABLET,1,7050.84,7050.84,7550.84,8050.84,1000,BUDGET TABLET
14-07-2019,2019-2020,2,P/A/21,CREDIT,ACCESSORY,1,408.48,408.48,508.48,1008.48,600,CHARGER 
14-07-2019,2019-2020,2,P/A/47,MOBILE PAYMENTS,ACCESSORY,1,1433.9,1433.9,1533.9,2033.9,600,WIRELESS HEADSET
14-07-2019,2019-2020,2,P/A/50,MOBILE PAYMENTS,ACCESSORY,1,2196.62,2196.62,2296.62,2796.62,600,WIRELESS HEADSET
14-07-2019,2019-2020,2,P/M/A1,MOBILE PAYMENTS,MOBILE,1,6133.92,6133.92,6633.92,7133.92,1000,BUDGET PHONE
14-07-2019,2019-2020,2,P/M/A45,DEBIT,MOBILE,1,58232.14,58232.14,59232.14,59732.14,1500,FLAGSHIP PHONE
14-07-2019,2019-2020,2,P/M/A7,CASH,MOBILE,1,12330.36,12330.36,13330.36,13830.36,1500,BUDGET PHONE
14-07-2019,2019-2020,2,P/M/A7,MOBILE PAYMENTS,MOBILE,1,12330.36,12330.36,13330.36,13830.36,1500,BUDGET PHONE
14-07-2019,2019-2020,2,P/M/A7,CASH,MOBILE,1,12330.36,12330.36,13330.36,13830.36,1500,BUDGET PHONE
14-07-2019,2019-2020,2,P/M/A7,CASH,MOBILE,1,12330.36,12330.36,13330.36,13830.36,1500,BUDGET PHONE
15-07-2019,2019-2020,2,P/M/A7,MOBILE PAYMENTS,MOBILE,1,12330.36,12330.36,13330.36,13830.36,1500,BUDGET PHONE
16-07-2019,2019-2020,2,P/M/A1,CASH,MOBILE,1,6133.92,6133.92,6633.92,7133.92,1000,BUDGET PHONE
16-07-2019,2019-2020,2,P/M/A24,CASH,MOBILE,1,828.58,828.58,928.58,1428.58,600,BUDGET PHONE
16-07-2019,2019-2020,2,P/M/A3,DEBIT,MOBILE,1,9258.92,9258.92,9758.92,10258.92,1000,BUDGET PHONE
16-07-2019,2019-2020,2,P/M/A3,CASH,MOBILE,1,9258.92,9258.92,9758.92,10258.92,1000,BUDGET PHONE
16-07-2019,2019-2020,2,P/M/A6,CREDIT,MOBILE,1,3723.22,3723.22,4223.22,4723.22,1000,BUDGET PHONE
16-07-2019,2019-2020,2,P/M/A6,CASH,MOBILE,1,3630.36,3630.36,4130.36,4630.36,1000,BUDGET PHONE
16-07-2019,2019-2020,2,P/M/A7,MOBILE PAYMENTS,MOBILE,1,12330.36,12330.36,13330.36,13830.36,1500,BUDGET PHONE
17-07-2019,2019-2020,2,P/M/A21,MOBILE PAYMENTS,MOBILE,1,41348.22,41348.22,42348.22,42848.22,1500,PREMIUM MIDRANGE PHONE
17-07-2019,2019-2020,2,P/M/A7,MOBILE PAYMENTS,MOBILE,1,12330.36,12330.36,13330.36,13830.36,1500,BUDGET PHONE
18-07-2019,2019-2020,2,P/A/35,CASH,ACCESSORY,1,1264.4,1264.4,1364.4,1864.4,600,COVER
18-07-2019,2019-2020,2,P/M/A1,DEBIT,MOBILE,1,6133.93,6133.93,6633.93,7133.93,1000,BUDGET PHONE
18-07-2019,2019-2020,2,P/M/A1,DEBIT,MOBILE,1,6133.92,6133.92,6633.92,7133.92,1000,BUDGET PHONE
19-07-2019,2019-2020,2,P/A/47,DEBIT,ACCESSORY,1,1518.64,1518.64,1618.64,2118.64,600,WIRELESS HEADSET
19-07-2019,2019-2020,2,P/A/50,DEBIT,ACCESSORY,1,2238.98,2238.98,2338.98,2838.98,600,WIRELESS HEADSET
19-07-2019,2019-2020,2,P/M/A7,CASH,MOBILE,1,12330.36,12330.36,13330.36,13830.36,1500,BUDGET PHONE
19-07-2019,2019-2020,2,P/M/A7,CREDIT,MOBILE,1,12330.36,12330.36,13330.36,13830.36,1500,BUDGET PHONE
20-07-2019,2019-2020,2,P/M/A1,CASH,MOBILE,1,6133.92,6133.92,6633.92,7133.92,1000,BUDGET PHONE
20-07-2019,2019-2020,2,P/M/A45,MOBILE PAYMENTS,MOBILE,1,58232.14,58232.14,59232.14,59732.14,1500,FLAGSHIP PHONE
21-07-2019,2019-2020,2,P/M/A22,MOBILE PAYMENTS,MOBILE,1,28848.22,28848.22,29848.22,30348.22,1500,PREMIUM MIDRANGE PHONE
21-07-2019,2019-2020,2,P/M/A3,DEBIT,MOBILE,1,9258.92,9258.92,9758.92,10258.92,1000,BUDGET PHONE
21-07-2019,2019-2020,2,P/M/A3,MOBILE PAYMENTS,MOBILE,1,9258.92,9258.92,9758.92,10258.92,1000,BUDGET PHONE
21-07-2019,2019-2020,2,P/M/A3,DEBIT,MOBILE,1,9258.92,9258.92,9758.92,10258.92,1000,BUDGET PHONE
21-07-2019,2019-2020,2,P/M/A7,CREDIT,MOBILE,1,12330.36,12330.36,13330.36,13830.36,1500,BUDGET PHONE
21-07-2019,2019-2020,2,P/M/A7,CASH,MOBILE,1,12330.36,12330.36,13330.36,13830.36,1500,BUDGET PHONE
21-07-2019,2019-2020,2,P/M/A7,CASH,MOBILE,1,12330.36,12330.36,13330.36,13830.36,1500,BUDGET PHONE
22-07-2019,2019-2020,2,P/A/35,CASH,ACCESSORY,1,2111.86,2111.86,2211.86,2711.86,600,COVER
22-07-2019,2019-2020,2,P/A/44,CREDIT,ACCESSORY,1,7466.1,7466.1,7966.1,8466.1,1000,WIRELESS EARPHONES
22-07-2019,2019-2020,2,P/M/A23,DEBIT,MOBILE,1,650,650,750,1250,600,BUDGET PHONE
22-07-2019,2019-2020,2,P/M/A3,MOBILE PAYMENTS,MOBILE,1,9258.92,9258.92,9758.92,10258.92,1000,BUDGET PHONE
22-07-2019,2019-2020,2,P/M/A7,CASH,MOBILE,1,12330.36,12330.36,13330.36,13830.36,1500,BUDGET PHONE
22-07-2019,2019-2020,2,P/M/A7,CREDIT,MOBILE,1,12330.36,12330.36,13330.36,13830.36,1500,BUDGET PHONE
23-07-2019,2019-2020,2,P/A/47,MOBILE PAYMENTS,ACCESSORY,1,1222.04,1222.04,1322.04,1822.04,600,WIRELESS HEADSET
23-07-2019,2019-2020,2,P/M/A1,MOBILE PAYMENTS,MOBILE,1,6133.92,6133.92,6633.92,7133.92,1000,BUDGET PHONE
24-07-2019,2019-2020,2,P/A/7,CREDIT,ACCESSORY,1,1518.64,1518.64,1618.64,2118.64,600,GALAXY WATCH
25-07-2019,2019-2020,2,P/A/47,CASH,ACCESSORY,1,1518.64,1518.64,1618.64,2118.64,600,WIRELESS HEADSET
25-07-2019,2019-2020,2,P/M/A24,DEBIT,MOBILE,1,882.14,882.14,982.14,1482.14,600,BUDGET PHONE
25-07-2019,2019-2020,2,P/M/A7,CASH,MOBILE,1,12330.36,12330.36,13330.36,13830.36,1500,BUDGET PHONE
26-07-2019,2019-2020,2,P/M/A1,CREDIT,MOBILE,1,6133.92,6133.92,6633.92,7133.92,1000,BUDGET PHONE
26-07-2019,2019-2020,2,P/M/A3,DEBIT,MOBILE,1,9258.92,9258.92,9758.92,10258.92,1000,BUDGET PHONE
26-07-2019,2019-2020,2,P/M/A7,DEBIT,MOBILE,1,12330.36,12330.36,13330.36,13830.36,1500,BUDGET PHONE
27-07-2019,2019-2020,2,P/A/47,CASH,ACCESSORY,1,1518.64,1518.64,1618.64,2118.64,600,WIRELESS HEADSET
27-07-2019,2019-2020,2,P/M/A1,CASH,MOBILE,1,6133.92,6133.92,6633.92,7133.92,1000,BUDGET PHONE
27-07-2019,2019-2020,2,P/M/A22,MOBILE PAYMENTS,MOBILE,1,31526.78,31526.78,32526.78,33026.78,1500,PREMIUM MIDRANGE PHONE
27-07-2019,2019-2020,2,P/M/A7,DEBIT,MOBILE,1,12330.36,12330.36,13330.36,13830.36,1500,BUDGET PHONE
28-07-2019,2019-2020,2,P/A/22,CASH,ACCESSORY,1,408.48,408.48,508.48,1008.48,600,CHARGER 
28-07-2019,2019-2020,2,P/A/41,DEBIT,ACCESSORY,1,2196.62,2196.62,2296.62,2796.62,600,POWER BANK
28-07-2019,2019-2020,2,P/A/44,CREDIT,ACCESSORY,1,7466.1,7466.1,7966.1,8466.1,1000,WIRELESS EARPHONES
28-07-2019,2019-2020,2,P/A/50,MOBILE PAYMENTS,ACCESSORY,1,2238.98,2238.98,2338.98,2838.98,600,WIRELESS HEADSET
28-07-2019,2019-2020,2,P/M/A1,CREDIT,MOBILE,1,6133.92,6133.92,6633.92,7133.92,1000,BUDGET PHONE
28-07-2019,2019-2020,2,P/M/A1,MOBILE PAYMENTS,MOBILE,1,6133.92,6133.92,6633.92,7133.92,1000,BUDGET PHONE
28-07-2019,2019-2020,2,P/M/A3,CASH,MOBILE,1,8959.82,8959.82,9459.82,9959.82,1000,BUDGET PHONE
28-07-2019,2019-2020,2,P/M/A46,MOBILE PAYMENTS,MOBILE,1,64482.14,64482.14,65482.14,65982.14,1500,FLAGSHIP PHONE
28-07-2019,2019-2020,2,P/M/A6,MOBILE PAYMENTS,MOBILE,1,3630.36,3630.36,4130.36,4630.36,1000,BUDGET PHONE
28-07-2019,2019-2020,2,P/M/A7,CASH,MOBILE,1,12330.36,12330.36,13330.36,13830.36,1500,BUDGET PHONE
28-07-2019,2019-2020,2,P/M/A7,CREDIT,MOBILE,1,12330.36,12330.36,13330.36,13830.36,1500,BUDGET PHONE
29-07-2019,2019-2020,2,P/M/A7,CASH,MOBILE,1,12330.36,12330.36,13330.36,13830.36,1500,BUDGET PHONE
29-07-2019,2019-2020,2,P/M/A7,DEBIT,MOBILE,1,12330.36,12330.36,13330.36,13830.36,1500,BUDGET PHONE
30-07-2019,2019-2020,2,P/A/26,CASH,ACCESSORY,1,2195.76,2195.76,2295.76,2795.76,600,CHARGER 
30-07-2019,2019-2020,2,P/A/7,MOBILE PAYMENTS,ACCESSORY,1,1518.64,1518.64,1618.64,2118.64,600,GALAXY WATCH
30-07-2019,2019-2020,2,P/M/A22,DEBIT,MOBILE,1,31526.78,31526.78,32526.78,33026.78,1500,PREMIUM MIDRANGE PHONE
30-07-2019,2019-2020,2,P/M/A24,CREDIT,MOBILE,1,873.22,873.22,973.22,1473.22,600,BUDGET PHONE
30-07-2019,2019-2020,2,P/M/A7,DEBIT,MOBILE,1,12330.36,12330.36,13330.36,13830.36,1500,BUDGET PHONE
30-07-2019,2019-2020,2,P/M/A7,CASH,MOBILE,1,12330.36,12330.36,13330.36,13830.36,1500,BUDGET PHONE
1/8/2019,2019-2020,2,P/A/35,DEBIT,ACCESSORY,1,1942.38,1942.38,2042.38,2542.38,600,COVER
1/8/2019,2019-2020,2,P/A/41,CASH,ACCESSORY,1,2111.86,2111.86,2211.86,2711.86,600,POWER BANK
1/8/2019,2019-2020,2,P/A/47,CASH,ACCESSORY,1,1306.78,1306.78,1406.78,1906.78,600,WIRELESS HEADSET
1/8/2019,2019-2020,2,P/A/50,DEBIT,ACCESSORY,1,2238.98,2238.98,2338.98,2838.98,600,WIRELESS HEADSET
1/8/2019,2019-2020,2,P/M/A24,CASH,MOBILE,1,882.14,882.14,982.14,1482.14,600,BUDGET PHONE
1/8/2019,2019-2020,2,P/M/A3,DEBIT,MOBILE,1,9258.92,9258.92,9758.92,10258.92,1000,BUDGET PHONE
1/8/2019,2019-2020,2,P/M/A45,MOBILE PAYMENTS,MOBILE,1,58232.14,58232.14,59232.14,59732.14,1500,FLAGSHIP PHONE
1/8/2019,2019-2020,2,P/M/A45,CREDIT,MOBILE,1,58232.14,58232.14,59232.14,59732.14,1500,FLAGSHIP PHONE
1/8/2019,2019-2020,2,P/M/A46,CREDIT,MOBILE,1,64482.14,64482.14,65482.14,65982.14,1500,FLAGSHIP PHONE
1/8/2019,2019-2020,2,P/M/A7,CREDIT,MOBILE,1,12330.36,12330.36,13330.36,13830.36,1500,BUDGET PHONE
1/8/2019,2019-2020,2,P/M/A7,MOBILE PAYMENTS,MOBILE,1,12330.36,12330.36,13330.36,13830.36,1500,BUDGET PHONE
2/8/2019,2019-2020,2,P/A/1,CREDIT,ACCESSORY,1,19677.97,19677.97,20677.97,21177.97,1500,GALAXY WATCH
2/8/2019,2019-2020,2,P/A/21,DEBIT,ACCESSORY,1,408.48,408.48,508.48,1008.48,600,CHARGER 
2/8/2019,2019-2020,2,P/A/7,CREDIT,ACCESSORY,1,1518.64,1518.64,1618.64,2118.64,600,GALAXY WATCH
2/8/2019,2019-2020,2,P/M/A46,MOBILE PAYMENTS,MOBILE,1,64482.14,64482.14,65482.14,65982.14,1500,FLAGSHIP PHONE
2/8/2019,2019-2020,2,P/M/A7,MOBILE PAYMENTS,MOBILE,1,12330.36,12330.36,13330.36,13830.36,1500,BUDGET PHONE
3/8/2019,2019-2020,2,P/A/35,DEBIT,ACCESSORY,1,1730.5,1730.5,1830.5,2330.5,600,COVER
3/8/2019,2019-2020,2,P/A/7,MOBILE PAYMENTS,ACCESSORY,1,1510.16,1510.16,1610.16,2110.16,600,GALAXY WATCH
3/8/2019,2019-2020,2,P/M/A1,CREDIT,MOBILE,1,6133.92,6133.92,6633.92,7133.92,1000,BUDGET PHONE
3/8/2019,2019-2020,2,P/M/A7,DEBIT,MOBILE,1,12330.36,12330.36,13330.36,13830.36,1500,BUDGET PHONE
4/8/2019,2019-2020,2,P/M/A1,MOBILE PAYMENTS,MOBILE,1,6133.92,6133.92,6633.92,7133.92,1000,BUDGET PHONE
4/8/2019,2019-2020,2,P/M/A1,MOBILE PAYMENTS,MOBILE,1,6063.4,6063.4,6563.4,7063.4,1000,BUDGET PHONE
15-08-2018,2018-2019,2,P/M/A14,DEBIT,MOBILE,1,18187.5,18187.5,19187.5,19687.5,1500,MIDRANGE PHONE
16-07-2018,2018-2019,2,P/M/A13,CASH,MOBILE,1,18428.58,18428.58,19428.58,19928.58,1500,MIDRANGE PHONE
22-07-2018,2018-2019,2,P/M/A13,DEBIT,MOBILE,1,18428.58,18428.58,19428.58,19928.58,1500,MIDRANGE PHONE
26-07-2018,2018-2019,2,P/M/A13,DEBIT,MOBILE,1,18428.58,18428.58,19428.58,19928.58,1500,MIDRANGE PHONE
28-07-2018,2018-2019,2,P/M/A13,MOBILE PAYMENTS,MOBILE,1,18428.58,18428.58,19428.58,19928.58,1500,MIDRANGE PHONE
4/8/2019,2019-2020,2,P/M/A21,CASH,MOBILE,1,41348.21,41348.21,42348.21,42848.21,1500,PREMIUM MIDRANGE PHONE
4/8/2019,2019-2020,2,P/M/A21,CREDIT,MOBILE,1,41348.22,41348.22,42348.22,42848.22,1500,PREMIUM MIDRANGE PHONE
4/8/2019,2019-2020,2,P/M/A22,CASH,MOBILE,1,31526.78,31526.78,32526.78,33026.78,1500,PREMIUM MIDRANGE PHONE
4/8/2019,2019-2020,2,P/M/A3,DEBIT,MOBILE,1,9258.92,9258.92,9758.92,10258.92,1000,BUDGET PHONE
4/8/2019,2019-2020,2,P/M/A7,MOBILE PAYMENTS,MOBILE,1,12330.36,12330.36,13330.36,13830.36,1500,BUDGET PHONE
4/8/2019,2019-2020,2,P/M/A75,MOBILE PAYMENTS,MOBILE,1,74303.58,74303.58,75303.58,75803.58,1500,FLAGSHIP PHONE
5/8/2019,2019-2020,2,P/A/44,CREDIT,ACCESSORY,1,7466.1,7466.1,7966.1,8466.1,1000,WIRELESS EARPHONES
5/8/2019,2019-2020,2,P/A/5,MOBILE PAYMENTS,ACCESSORY,1,15448.3,15448.3,16448.3,16948.3,1500,GALAXY WATCH
5/8/2019,2019-2020,2,P/M/A3,DEBIT,MOBILE,1,9258.92,9258.92,9758.92,10258.92,1000,BUDGET PHONE
5/8/2019,2019-2020,2,P/M/A46,DEBIT,MOBILE,1,64482.14,64482.14,65482.14,65982.14,1500,FLAGSHIP PHONE
5/8/2019,2019-2020,2,P/M/A7,DEBIT,MOBILE,1,12330.36,12330.36,13330.36,13830.36,1500,BUDGET PHONE
2/8/2018,2018-2019,2,P/M/A13,DEBIT,MOBILE,1,18428.58,18428.58,19428.58,19928.58,1500,MIDRANGE PHONE
12/8/2018,2018-2019,2,P/M/A13,CREDIT,MOBILE,1,18428.58,18428.58,19428.58,19928.58,1500,MIDRANGE PHONE
7/8/2019,2019-2020,2,P/A/47,DEBIT,ACCESSORY,1,1518.64,1518.64,1618.64,2118.64,600,WIRELESS HEADSET
7/8/2019,2019-2020,2,P/M/A1,CASH,MOBILE,1,6063.4,6063.4,6563.4,7063.4,1000,BUDGET PHONE
18-08-2018,2018-2019,2,P/M/A13,CASH,MOBILE,1,18428.58,18428.58,19428.58,19928.58,1500,MIDRANGE PHONE
7/8/2019,2019-2020,2,P/M/A23,MOBILE PAYMENTS,MOBILE,1,650,650,750,1250,600,BUDGET PHONE
7/8/2019,2019-2020,2,P/M/A3,CASH,MOBILE,1,9258.92,9258.92,9758.92,10258.92,1000,BUDGET PHONE
20-08-2018,2018-2019,2,P/M/A13,MOBILE PAYMENTS,MOBILE,1,18428.58,18428.58,19428.58,19928.58,1500,MIDRANGE PHONE
12/9/2018,2018-2019,2,P/M/A13,DEBIT,MOBILE,1,18428.58,18428.58,19428.58,19928.58,1500,MIDRANGE PHONE
8/8/2019,2019-2020,2,P/M/A3,MOBILE PAYMENTS,MOBILE,1,9258.92,9258.92,9758.92,10258.92,1000,BUDGET PHONE
8/8/2019,2019-2020,2,P/M/A46,MOBILE PAYMENTS,MOBILE,1,64482.14,64482.14,65482.14,65982.14,1500,FLAGSHIP PHONE
9/8/2019,2019-2020,2,P/M/A7,CASH,MOBILE,1,12330.36,12330.36,13330.36,13830.36,1500,BUDGET PHONE
10/8/2019,2019-2020,2,P/A/21,DEBIT,ACCESSORY,1,408.48,408.48,508.48,1008.48,600,CHARGER 
21-09-2018,2018-2019,2,P/M/A13,DEBIT,MOBILE,1,18428.58,18428.58,19428.58,19928.58,1500,MIDRANGE PHONE
10/8/2019,2019-2020,2,P/M/A24,MOBILE PAYMENTS,MOBILE,1,850.9,850.9,950.9,1450.9,600,BUDGET PHONE
10/8/2019,2019-2020,2,P/M/A3,MOBILE PAYMENTS,MOBILE,1,9258.92,9258.92,9758.92,10258.92,1000,BUDGET PHONE
10/8/2019,2019-2020,2,P/M/A7,CASH,MOBILE,1,12330.36,12330.36,13330.36,13830.36,1500,BUDGET PHONE
15-09-2019,2019-2020,2,P/M/A11,DEBIT,MOBILE,1,18436.6,18436.6,19436.6,19936.6,1500,MIDRANGE PHONE
19-07-2018,2018-2019,2,P/M/A13,CREDIT,MOBILE,1,18455.36,18455.36,19455.36,19955.36,1500,MIDRANGE PHONE
11/8/2019,2019-2020,2,P/M/A23,DEBIT,MOBILE,1,650,650,750,1250,600,BUDGET PHONE
11/8/2019,2019-2020,2,P/M/A3,MOBILE PAYMENTS,MOBILE,1,8959.82,8959.82,9459.82,9959.82,1000,BUDGET PHONE
11/8/2019,2019-2020,2,P/M/A3,MOBILE PAYMENTS,MOBILE,1,8959.82,8959.82,9459.82,9959.82,1000,BUDGET PHONE
12/8/2019,2019-2020,2,P/A/7,CREDIT,ACCESSORY,1,1518.64,1518.64,1618.64,2118.64,600,GALAXY WATCH
12/8/2019,2019-2020,2,P/M/A7,CASH,MOBILE,1,12330.36,12330.36,13330.36,13830.36,1500,BUDGET PHONE
13-08-2019,2019-2020,2,P/M/A1,CASH,MOBILE,1,6063.4,6063.4,6563.4,7063.4,1000,BUDGET PHONE
13-08-2019,2019-2020,2,P/M/A23,CREDIT,MOBILE,1,650,650,750,1250,600,BUDGET PHONE
13-08-2019,2019-2020,2,P/M/A45,MOBILE PAYMENTS,MOBILE,1,58232.14,58232.14,59232.14,59732.14,1500,FLAGSHIP PHONE
14-08-2019,2019-2020,2,P/A/44,DEBIT,ACCESSORY,1,7466.1,7466.1,7966.1,8466.1,1000,WIRELESS EARPHONES
14-08-2019,2019-2020,2,P/M/A1,DEBIT,MOBILE,1,6133.92,6133.92,6633.92,7133.92,1000,BUDGET PHONE
14-08-2019,2019-2020,2,P/M/A1,DEBIT,MOBILE,1,6063.4,6063.4,6563.4,7063.4,1000,BUDGET PHONE
14-08-2019,2019-2020,2,P/M/A1,MOBILE PAYMENTS,MOBILE,1,6063.4,6063.4,6563.4,7063.4,1000,BUDGET PHONE
14-08-2019,2019-2020,2,P/M/A1,MOBILE PAYMENTS,MOBILE,1,6133.92,6133.92,6633.92,7133.92,1000,BUDGET PHONE
14-08-2019,2019-2020,2,P/M/A3,MOBILE PAYMENTS,MOBILE,1,9258.92,9258.92,9758.92,10258.92,1000,BUDGET PHONE
14-08-2019,2019-2020,2,P/M/A3,DEBIT,MOBILE,1,9258.92,9258.92,9758.92,10258.92,1000,BUDGET PHONE
14-08-2019,2019-2020,2,P/M/A3,CREDIT,MOBILE,1,8959.82,8959.82,9459.82,9959.82,1000,BUDGET PHONE
14-08-2019,2019-2020,2,P/M/A3,DEBIT,MOBILE,1,8959.82,8959.82,9459.82,9959.82,1000,BUDGET PHONE
14-08-2019,2019-2020,2,P/M/A6,DEBIT,MOBILE,1,3630.36,3630.36,4130.36,4630.36,1000,BUDGET PHONE
14-08-2019,2019-2020,2,P/M/A6,CASH,MOBILE,1,3630.36,3630.36,4130.36,4630.36,1000,BUDGET PHONE
14-08-2019,2019-2020,2,P/M/A6,MOBILE PAYMENTS,MOBILE,1,3630.36,3630.36,4130.36,4630.36,1000,BUDGET PHONE
14-08-2019,2019-2020,2,P/M/A6,MOBILE PAYMENTS,MOBILE,1,3723.22,3723.22,4223.22,4723.22,1000,BUDGET PHONE
14-08-2019,2019-2020,2,P/M/A7,CASH,MOBILE,1,12330.36,12330.36,13330.36,13830.36,1500,BUDGET PHONE
3/8/2020,2020-2021,2,P/M/A12,CREDIT,MOBILE,1,18838.14,18838.14,19838.14,20338.14,1500,MIDRANGE PHONE
8/9/2020,2020-2021,2,P/M/A12,DEBIT,MOBILE,1,18838.14,18838.14,19838.14,20338.14,1500,MIDRANGE PHONE
17-08-2020,2020-2021,2,P/M/A12,DEBIT,MOBILE,1,18838.98,18838.98,19838.98,20338.98,1500,MIDRANGE PHONE
18-08-2020,2020-2021,2,P/M/A12,DEBIT,MOBILE,1,18838.98,18838.98,19838.98,20338.98,1500,MIDRANGE PHONE
26-08-2020,2020-2021,2,P/M/A12,CASH,MOBILE,1,18838.98,18838.98,19838.98,20338.98,1500,MIDRANGE PHONE
15-08-2019,2019-2020,2,P/M/A46,MOBILE PAYMENTS,MOBILE,1,64482.14,64482.14,65482.14,65982.14,1500,FLAGSHIP PHONE
15-08-2019,2019-2020,2,P/M/A7,CASH,MOBILE,1,12330.36,12330.36,13330.36,13830.36,1500,BUDGET PHONE
31-08-2020,2020-2021,2,P/M/A12,MOBILE PAYMENTS,MOBILE,1,18838.98,18838.98,19838.98,20338.98,1500,MIDRANGE PHONE
16-08-2019,2019-2020,2,P/M/A21,MOBILE PAYMENTS,MOBILE,1,41348.22,41348.22,42348.22,42848.22,1500,PREMIUM MIDRANGE PHONE
16-08-2019,2019-2020,2,P/M/A3,MOBILE PAYMENTS,MOBILE,1,8959.82,8959.82,9459.82,9959.82,1000,BUDGET PHONE
16-08-2019,2019-2020,2,P/M/A46,MOBILE PAYMENTS,MOBILE,1,64482.14,64482.14,65482.14,65982.14,1500,FLAGSHIP PHONE
16-08-2019,2019-2020,2,P/M/A7,DEBIT,MOBILE,1,12330.36,12330.36,13330.36,13830.36,1500,BUDGET PHONE
17-08-2019,2019-2020,2,P/A/47,DEBIT,ACCESSORY,1,1518.64,1518.64,1618.64,2118.64,600,WIRELESS HEADSET
17-08-2019,2019-2020,2,P/M/A1,CREDIT,MOBILE,1,6063.4,6063.4,6563.4,7063.4,1000,BUDGET PHONE
17-08-2019,2019-2020,2,P/M/A1,CREDIT,MOBILE,1,6063.39,6063.39,6563.39,7063.39,1000,BUDGET PHONE
17-08-2019,2019-2020,2,P/M/A3,MOBILE PAYMENTS,MOBILE,1,9258.93,9258.93,9758.93,10258.93,1000,BUDGET PHONE
17-08-2019,2019-2020,2,P/M/A3,CASH,MOBILE,1,9258.92,9258.92,9758.92,10258.92,1000,BUDGET PHONE
17-08-2019,2019-2020,2,P/M/A3,MOBILE PAYMENTS,MOBILE,1,9258.92,9258.92,9758.92,10258.92,1000,BUDGET PHONE
17-08-2019,2019-2020,2,P/M/A39,MOBILE PAYMENTS,MOBILE,1,30553.58,30553.58,31553.58,32053.58,1500,PREMIUM MIDRANGE PHONE
17-08-2019,2019-2020,2,P/M/A6,DEBIT,MOBILE,1,3723.22,3723.22,4223.22,4723.22,1000,BUDGET PHONE
18-08-2019,2019-2020,2,P/A/32,CREDIT,ACCESSORY,1,585.6,585.6,685.6,1185.6,600,COVER
5/7/2018,2018-2019,2,P/M/A13,DEBIT,MOBILE,1,19026.78,19026.78,20026.78,20526.78,1500,MIDRANGE PHONE
18-08-2019,2019-2020,2,P/M/A3,DEBIT,MOBILE,1,9258.92,9258.92,9758.92,10258.92,1000,BUDGET PHONE
18-08-2019,2019-2020,2,P/M/A59,DEBIT,MOBILE,1,8366.08,8366.08,8866.08,9366.08,1000,BUDGET PHONE
18-08-2019,2019-2020,2,P/M/A7,MOBILE PAYMENTS,MOBILE,1,12330.36,12330.36,13330.36,13830.36,1500,BUDGET PHONE
19-08-2019,2019-2020,2,P/A/35,CREDIT,ACCESSORY,1,1872.04,1872.04,1972.04,2472.04,600,COVER
19-08-2019,2019-2020,2,P/M/A1,MOBILE PAYMENTS,MOBILE,1,6133.92,6133.92,6633.92,7133.92,1000,BUDGET PHONE
19-08-2019,2019-2020,2,P/M/A3,DEBIT,MOBILE,1,9258.92,9258.92,9758.92,10258.92,1000,BUDGET PHONE
19-08-2019,2019-2020,2,P/M/A6,DEBIT,MOBILE,1,3723.22,3723.22,4223.22,4723.22,1000,BUDGET PHONE
19-08-2019,2019-2020,2,P/M/A7,CASH,MOBILE,1,12330.36,12330.36,13330.36,13830.36,1500,BUDGET PHONE
20-08-2019,2019-2020,2,P/M/A23,CASH,MOBILE,1,694.64,694.64,794.64,1294.64,600,BUDGET PHONE
20-08-2019,2019-2020,2,P/M/A3,CASH,MOBILE,1,9258.92,9258.92,9758.92,10258.92,1000,BUDGET PHONE
21-08-2019,2019-2020,2,P/A/5,CASH,ACCESSORY,1,15448.3,15448.3,16448.3,16948.3,1500,GALAXY WATCH
21-08-2019,2019-2020,2,P/M/A3,CREDIT,MOBILE,1,9258.92,9258.92,9758.92,10258.92,1000,BUDGET PHONE
21-08-2019,2019-2020,2,P/M/A3,MOBILE PAYMENTS,MOBILE,1,9258.92,9258.92,9758.92,10258.92,1000,BUDGET PHONE
21-08-2019,2019-2020,2,P/M/A75,DEBIT,MOBILE,1,74303.58,74303.58,75303.58,75803.58,1500,FLAGSHIP PHONE
22-08-2019,2019-2020,2,P/M/A1,MOBILE PAYMENTS,MOBILE,4,5986.61,23946.44,6486.61,27946.43,4000,BUDGET PHONE
22-08-2019,2019-2020,2,P/M/A24,MOBILE PAYMENTS,MOBILE,1,882.14,882.14,982.14,1482.14,600,BUDGET PHONE
22-08-2019,2019-2020,2,P/M/A3,CASH,MOBILE,1,9258.92,9258.92,9758.92,10258.92,1000,BUDGET PHONE
22-08-2019,2019-2020,2,P/M/A7,CREDIT,MOBILE,1,12330.36,12330.36,13330.36,13830.36,1500,BUDGET PHONE
22-08-2019,2019-2020,2,P/M/A77,DEBIT,MOBILE,1,69927.68,69927.68,70927.68,71427.68,1500,FLAGSHIP PHONE
22-08-2019,2019-2020,2,P/M/A77,CREDIT,MOBILE,1,69927.68,69927.68,70927.68,71427.68,1500,FLAGSHIP PHONE
22-08-2019,2019-2020,2,P/M/A77,CREDIT,MOBILE,1,69927.68,69927.68,70927.68,71427.68,1500,FLAGSHIP PHONE
22-08-2019,2019-2020,2,P/M/A77,DEBIT,MOBILE,1,69927.68,69927.68,70927.68,71427.68,1500,FLAGSHIP PHONE
22-08-2019,2019-2020,2,P/M/A77,CREDIT,MOBILE,1,69927.68,69927.68,70927.68,71427.68,1500,FLAGSHIP PHONE
22-08-2019,2019-2020,2,P/M/A77,MOBILE PAYMENTS,MOBILE,1,69927.68,69927.68,70927.68,71427.68,1500,FLAGSHIP PHONE
23-08-2019,2019-2020,2,P/M/A3,CREDIT,MOBILE,1,9258.92,9258.92,9758.92,10258.92,1000,BUDGET PHONE
23-08-2019,2019-2020,2,P/M/A6,CASH,MOBILE,1,3723.22,3723.22,4223.22,4723.22,1000,BUDGET PHONE
23-08-2019,2019-2020,2,P/M/A75,DEBIT,MOBILE,1,74303.58,74303.58,75303.58,75803.58,1500,FLAGSHIP PHONE
23-08-2019,2019-2020,2,P/M/A77,DEBIT,MOBILE,1,69927.68,69927.68,70927.68,71427.68,1500,FLAGSHIP PHONE
23-08-2019,2019-2020,2,P/M/A77,DEBIT,MOBILE,1,69927.68,69927.68,70927.68,71427.68,1500,FLAGSHIP PHONE
23-08-2019,2019-2020,2,P/M/A77,CREDIT,MOBILE,1,78856.24,78856.24,79856.24,80356.24,1500,LUXURY PHONE
23-08-2019,2019-2020,2,P/M/A77,CREDIT,MOBILE,1,69928.58,69928.58,70928.58,71428.58,1500,FLAGSHIP PHONE
23-08-2019,2019-2020,2,P/M/A77,DEBIT,MOBILE,1,69927.68,69927.68,70927.68,71427.68,1500,FLAGSHIP PHONE
23-08-2019,2019-2020,2,P/M/A77,CREDIT,MOBILE,1,69927.68,69927.68,70927.68,71427.68,1500,FLAGSHIP PHONE
23-08-2019,2019-2020,2,P/M/A77,CREDIT,MOBILE,1,69927.68,69927.68,70927.68,71427.68,1500,FLAGSHIP PHONE
24-08-2019,2019-2020,2,P/A/1,MOBILE PAYMENTS,ACCESSORY,1,19677.96,19677.96,20677.96,21177.96,1500,GALAXY WATCH
24-08-2019,2019-2020,2,P/A/22,MOBILE PAYMENTS,ACCESSORY,1,408.48,408.48,508.48,1008.48,600,CHARGER 
24-08-2019,2019-2020,2,P/M/A1,CASH,MOBILE,1,6133.92,6133.92,6633.92,7133.92,1000,BUDGET PHONE
24-08-2019,2019-2020,2,P/M/A1,CASH,MOBILE,6,5986.61,35919.66,6486.61,41919.64,6000,BUDGET PHONE
24-08-2019,2019-2020,2,P/M/A7,CREDIT,MOBILE,1,12330.36,12330.36,13330.36,13830.36,1500,BUDGET PHONE
24-08-2019,2019-2020,2,P/M/A7,CASH,MOBILE,1,12330.36,12330.36,13330.36,13830.36,1500,BUDGET PHONE
24-08-2019,2019-2020,2,P/M/A75,DEBIT,MOBILE,1,59125,59125,60125,60625,1500,FLAGSHIP PHONE
24-08-2019,2019-2020,2,P/M/A77,MOBILE PAYMENTS,MOBILE,1,69927.68,69927.68,70927.68,71427.68,1500,FLAGSHIP PHONE
24-08-2019,2019-2020,2,P/M/A77,CREDIT,MOBILE,1,69927.68,69927.68,70927.68,71427.68,1500,FLAGSHIP PHONE
25-08-2019,2019-2020,2,P/A/23,CASH,ACCESSORY,1,586.44,586.44,686.44,1186.44,600,CHARGER 
25-08-2019,2019-2020,2,P/A/27,CREDIT,ACCESSORY,1,4083.9,4083.9,4583.9,5083.9,1000,CHARGER 
25-08-2019,2019-2020,2,P/A/7,DEBIT,ACCESSORY,1,925.42,925.42,1025.42,1525.42,600,GALAXY WATCH
25-08-2019,2019-2020,2,P/M/A21,CASH,MOBILE,1,34213.4,34213.4,35213.4,35713.4,1500,PREMIUM MIDRANGE PHONE
25-08-2019,2019-2020,2,P/M/A76,DEBIT,MOBILE,1,61000,61000,62000,62500,1500,FLAGSHIP PHONE
25-08-2019,2019-2020,2,P/M/A77,DEBIT,MOBILE,1,69927.68,69927.68,70927.68,71427.68,1500,FLAGSHIP PHONE
25-08-2019,2019-2020,2,P/M/A77,MOBILE PAYMENTS,MOBILE,1,69927.68,69927.68,70927.68,71427.68,1500,FLAGSHIP PHONE
25-08-2019,2019-2020,2,P/M/A77,MOBILE PAYMENTS,MOBILE,1,69927.68,69927.68,70927.68,71427.68,1500,FLAGSHIP PHONE
25-08-2019,2019-2020,2,P/M/A77,CREDIT,MOBILE,1,69927.68,69927.68,70927.68,71427.68,1500,FLAGSHIP PHONE
25-08-2019,2019-2020,2,P/M/A77,MOBILE PAYMENTS,MOBILE,1,69927.68,69927.68,70927.68,71427.68,1500,FLAGSHIP PHONE
26-08-2019,2019-2020,2,P/M/A3,MOBILE PAYMENTS,MOBILE,1,9258.92,9258.92,9758.92,10258.92,1000,BUDGET PHONE
27-08-2019,2019-2020,2,P/M/A1,MOBILE PAYMENTS,MOBILE,1,6133.92,6133.92,6633.92,7133.92,1000,BUDGET PHONE
27-08-2019,2019-2020,2,P/M/A1,CREDIT,MOBILE,1,6133.92,6133.92,6633.92,7133.92,1000,BUDGET PHONE
27-08-2019,2019-2020,2,P/M/A24,MOBILE PAYMENTS,MOBILE,1,873.22,873.22,973.22,1473.22,600,BUDGET PHONE
29-08-2019,2019-2020,2,P/M/A1,MOBILE PAYMENTS,MOBILE,1,6133.92,6133.92,6633.92,7133.92,1000,BUDGET PHONE
29-08-2019,2019-2020,2,P/M/A1,DEBIT,MOBILE,1,6580.36,6580.36,7080.36,7580.36,1000,BUDGET PHONE
29-08-2019,2019-2020,2,P/M/A1,MOBILE PAYMENTS,MOBILE,1,6133.92,6133.92,6633.92,7133.92,1000,BUDGET PHONE
29-08-2019,2019-2020,2,P/M/A24,DEBIT,MOBILE,1,882.14,882.14,982.14,1482.14,600,BUDGET PHONE
29-08-2019,2019-2020,2,P/M/A7,CREDIT,MOBILE,1,12330.36,12330.36,13330.36,13830.36,1500,BUDGET PHONE
29-08-2019,2019-2020,2,P/M/A7,MOBILE PAYMENTS,MOBILE,1,12330.36,12330.36,13330.36,13830.36,1500,BUDGET PHONE
30-08-2019,2019-2020,2,P/M/A3,MOBILE PAYMENTS,MOBILE,1,9258.92,9258.92,9758.92,10258.92,1000,BUDGET PHONE
30-08-2019,2019-2020,2,P/M/A3,MOBILE PAYMENTS,MOBILE,1,9258.92,9258.92,9758.92,10258.92,1000,BUDGET PHONE
30-08-2019,2019-2020,2,P/T/S2,CREDIT,TABLET,1,9084.74,9084.74,10084.74,10584.74,1500,BUDGET TABLET
31-08-2019,2019-2020,2,P/M/A7,MOBILE PAYMENTS,MOBILE,1,12330.36,12330.36,13330.36,13830.36,1500,BUDGET PHONE
31-08-2019,2019-2020,2,P/M/A7,CASH,MOBILE,1,12330.36,12330.36,13330.36,13830.36,1500,BUDGET PHONE
31-08-2019,2019-2020,2,P/M/A76,MOBILE PAYMENTS,MOBILE,1,60999.1,60999.1,61999.1,62499.1,1500,FLAGSHIP PHONE
31-08-2019,2019-2020,2,P/M/A77,DEBIT,MOBILE,1,69927.68,69927.68,70927.68,71427.68,1500,FLAGSHIP PHONE
31-08-2019,2019-2020,2,P/M/A77,CREDIT,MOBILE,1,69927.68,69927.68,70927.68,71427.68,1500,FLAGSHIP PHONE
31-08-2019,2019-2020,2,P/M/A77,DEBIT,MOBILE,1,69927.68,69927.68,70927.68,71427.68,1500,FLAGSHIP PHONE
1/9/2019,2019-2020,2,P/A/35,CASH,ACCESSORY,1,1942.38,1942.38,2042.38,2542.38,600,COVER
1/9/2019,2019-2020,2,P/A/7,DEBIT,ACCESSORY,1,1433.9,1433.9,1533.9,2033.9,600,GALAXY WATCH
1/9/2019,2019-2020,2,P/M/A1,CASH,MOBILE,1,6133.92,6133.92,6633.92,7133.92,1000,BUDGET PHONE
1/9/2019,2019-2020,2,P/M/A1,CASH,MOBILE,1,6133.92,6133.92,6633.92,7133.92,1000,BUDGET PHONE
1/9/2019,2019-2020,2,P/M/A1,MOBILE PAYMENTS,MOBILE,1,6133.92,6133.92,6633.92,7133.92,1000,BUDGET PHONE
1/9/2019,2019-2020,2,P/M/A23,DEBIT,MOBILE,1,650,650,750,1250,600,BUDGET PHONE
1/9/2019,2019-2020,2,P/M/A77,MOBILE PAYMENTS,MOBILE,1,69927.68,69927.68,70927.68,71427.68,1500,FLAGSHIP PHONE
2/9/2019,2019-2020,2,P/A/22,DEBIT,ACCESSORY,1,408.48,408.48,508.48,1008.48,600,CHARGER 
2/9/2019,2019-2020,2,P/A/44,DEBIT,ACCESSORY,1,7466.1,7466.1,7966.1,8466.1,1000,WIRELESS EARPHONES
2/9/2019,2019-2020,2,P/M/A25,CASH,MOBILE,1,1266.08,1266.08,1366.08,1866.08,600,BUDGET PHONE
2/9/2019,2019-2020,2,P/M/A3,DEBIT,MOBILE,1,9258.92,9258.92,9758.92,10258.92,1000,BUDGET PHONE
2/9/2019,2019-2020,2,P/M/A3,MOBILE PAYMENTS,MOBILE,1,9258.92,9258.92,9758.92,10258.92,1000,BUDGET PHONE
2/9/2019,2019-2020,2,P/M/A7,DEBIT,MOBILE,1,12330.36,12330.36,13330.36,13830.36,1500,BUDGET PHONE
3/9/2019,2019-2020,2,P/A/22,CASH,ACCESSORY,1,408.48,408.48,508.48,1008.48,600,CHARGER 
3/9/2019,2019-2020,2,P/M/A1,CASH,MOBILE,1,6133.92,6133.92,6633.92,7133.92,1000,BUDGET PHONE
3/9/2019,2019-2020,2,P/M/A21,CREDIT,MOBILE,1,41348.22,41348.22,42348.22,42848.22,1500,PREMIUM MIDRANGE PHONE
4/9/2019,2019-2020,2,P/M/A23,CASH,MOBILE,1,650,650,750,1250,600,BUDGET PHONE
4/9/2019,2019-2020,2,P/M/A23,DEBIT,MOBILE,1,605.36,605.36,705.36,1205.36,600,BUDGET PHONE
4/9/2019,2019-2020,2,P/M/A7,MOBILE PAYMENTS,MOBILE,1,12330.36,12330.36,13330.36,13830.36,1500,BUDGET PHONE
4/9/2019,2019-2020,2,P/M/A7,DEBIT,MOBILE,1,12330.36,12330.36,13330.36,13830.36,1500,BUDGET PHONE
4/9/2019,2019-2020,2,P/M/A7,DEBIT,MOBILE,1,12330.36,12330.36,13330.36,13830.36,1500,BUDGET PHONE
5/9/2019,2019-2020,2,P/M/A24,MOBILE PAYMENTS,MOBILE,1,783.92,783.92,883.92,1383.92,600,BUDGET PHONE
6/9/2019,2019-2020,2,P/A/35,MOBILE PAYMENTS,ACCESSORY,1,1688.14,1688.14,1788.14,2288.14,600,COVER
6/9/2019,2019-2020,2,P/A/44,CREDIT,ACCESSORY,1,7466.1,7466.1,7966.1,8466.1,1000,WIRELESS EARPHONES
6/9/2019,2019-2020,2,P/M/A1,CASH,MOBILE,1,6133.92,6133.92,6633.92,7133.92,1000,BUDGET PHONE
6/9/2019,2019-2020,2,P/M/A1,MOBILE PAYMENTS,MOBILE,1,6133.92,6133.92,6633.92,7133.92,1000,BUDGET PHONE
6/9/2019,2019-2020,2,P/M/A3,CASH,MOBILE,1,9258.92,9258.92,9758.92,10258.92,1000,BUDGET PHONE
6/9/2019,2019-2020,2,P/M/A3,CREDIT,MOBILE,1,9258.92,9258.92,9758.92,10258.92,1000,BUDGET PHONE
6/9/2019,2019-2020,2,P/M/A77,CREDIT,MOBILE,1,69927.68,69927.68,70927.68,71427.68,1500,FLAGSHIP PHONE
7/9/2019,2019-2020,2,P/A/34,MOBILE PAYMENTS,ACCESSORY,1,4593.22,4593.22,5093.22,5593.22,1000,COVER
7/9/2019,2019-2020,2,P/A/50,DEBIT,ACCESSORY,1,2005.94,2005.94,2105.94,2605.94,600,WIRELESS HEADSET
7/9/2019,2019-2020,2,P/M/A3,CASH,MOBILE,1,9258.92,9258.92,9758.92,10258.92,1000,BUDGET PHONE
7/9/2019,2019-2020,2,P/M/A7,MOBILE PAYMENTS,MOBILE,1,12330.36,12330.36,13330.36,13830.36,1500,BUDGET PHONE
7/9/2019,2019-2020,2,P/M/A7,CASH,MOBILE,1,12330.36,12330.36,13330.36,13830.36,1500,BUDGET PHONE
7/9/2019,2019-2020,2,P/M/A77,DEBIT,MOBILE,1,69927.68,69927.68,70927.68,71427.68,1500,FLAGSHIP PHONE
8/9/2019,2019-2020,2,P/M/A3,MOBILE PAYMENTS,MOBILE,1,9258.92,9258.92,9758.92,10258.92,1000,BUDGET PHONE
8/9/2019,2019-2020,2,P/M/A3,DEBIT,MOBILE,1,9258.93,9258.93,9758.93,10258.93,1000,BUDGET PHONE
8/9/2019,2019-2020,2,P/M/A30,DEBIT,MOBILE,1,96713.4,96713.4,97713.4,98213.4,1500,LUXURY PHONE
8/9/2019,2019-2020,2,P/M/A7,CREDIT,MOBILE,1,12330.36,12330.36,13330.36,13830.36,1500,BUDGET PHONE
8/9/2019,2019-2020,2,P/M/A7,MOBILE PAYMENTS,MOBILE,1,12330.36,12330.36,13330.36,13830.36,1500,BUDGET PHONE
8/9/2019,2019-2020,2,P/M/A76,CREDIT,MOBILE,1,60999.1,60999.1,61999.1,62499.1,1500,FLAGSHIP PHONE
9/9/2019,2019-2020,2,P/A/22,DEBIT,ACCESSORY,1,408.48,408.48,508.48,1008.48,600,CHARGER 
9/9/2019,2019-2020,2,P/A/50,MOBILE PAYMENTS,ACCESSORY,1,1857.62,1857.62,1957.62,2457.62,600,WIRELESS HEADSET
10/9/2019,2019-2020,2,P/A/35,MOBILE PAYMENTS,ACCESSORY,1,1942.38,1942.38,2042.38,2542.38,600,COVER
10/9/2019,2019-2020,2,P/A/7,CASH,ACCESSORY,1,1518.64,1518.64,1618.64,2118.64,600,GALAXY WATCH
10/9/2019,2019-2020,2,P/M/A24,MOBILE PAYMENTS,MOBILE,1,828.58,828.58,928.58,1428.58,600,BUDGET PHONE
10/9/2019,2019-2020,2,P/M/A6,CASH,MOBILE,1,3723.22,3723.22,4223.22,4723.22,1000,BUDGET PHONE
11/9/2019,2019-2020,2,P/M/A3,MOBILE PAYMENTS,MOBILE,1,9258.92,9258.92,9758.92,10258.92,1000,BUDGET PHONE
11/9/2019,2019-2020,2,P/M/A6,CREDIT,MOBILE,1,3723.22,3723.22,4223.22,4723.22,1000,BUDGET PHONE
11/9/2019,2019-2020,2,P/M/A65,CREDIT,MOBILE,1,4762.72,4762.72,5262.72,5762.72,1000,BUDGET PHONE
12/9/2019,2019-2020,2,P/M/A23,CASH,MOBILE,1,650,650,750,1250,600,BUDGET PHONE
12/9/2019,2019-2020,2,P/M/A3,CASH,MOBILE,1,9258.92,9258.92,9758.92,10258.92,1000,BUDGET PHONE
12/9/2019,2019-2020,2,P/M/A3,MOBILE PAYMENTS,MOBILE,1,9258.92,9258.92,9758.92,10258.92,1000,BUDGET PHONE
12/9/2019,2019-2020,2,P/M/A7,MOBILE PAYMENTS,MOBILE,1,12330.36,12330.36,13330.36,13830.36,1500,BUDGET PHONE
13-09-2019,2019-2020,2,P/A/41,MOBILE PAYMENTS,ACCESSORY,1,1942.38,1942.38,2042.38,2542.38,600,POWER BANK
13-09-2019,2019-2020,2,P/A/44,CREDIT,ACCESSORY,1,7050.84,7050.84,7550.84,8050.84,1000,WIRELESS EARPHONES
13-09-2019,2019-2020,2,P/M/A2,MOBILE PAYMENTS,MOBILE,1,8374.11,8374.11,8874.11,9374.11,1000,BUDGET PHONE
13-09-2019,2019-2020,2,P/M/A3,MOBILE PAYMENTS,MOBILE,1,9258.92,9258.92,9758.92,10258.92,1000,BUDGET PHONE
13-09-2019,2019-2020,2,P/M/A3,CREDIT,MOBILE,1,9258.93,9258.93,9758.93,10258.93,1000,BUDGET PHONE
13-09-2019,2019-2020,2,P/M/A3,CASH,MOBILE,1,9258.92,9258.92,9758.92,10258.92,1000,BUDGET PHONE
13-09-2019,2019-2020,2,P/M/A7,CREDIT,MOBILE,1,12330.36,12330.36,13330.36,13830.36,1500,BUDGET PHONE
14-09-2019,2019-2020,2,P/A/22,DEBIT,ACCESSORY,1,408.48,408.48,508.48,1008.48,600,CHARGER 
14-09-2019,2019-2020,2,P/A/35,MOBILE PAYMENTS,ACCESSORY,1,1772.88,1772.88,1872.88,2372.88,600,COVER
14-09-2019,2019-2020,2,P/A/47,CASH,ACCESSORY,1,1518.64,1518.64,1618.64,2118.64,600,WIRELESS HEADSET
14-09-2019,2019-2020,2,P/M/A23,CREDIT,MOBILE,1,650,650,750,1250,600,BUDGET PHONE
14-09-2019,2019-2020,2,P/M/A23,MOBILE PAYMENTS,MOBILE,1,650,650,750,1250,600,BUDGET PHONE
14-09-2019,2019-2020,2,P/M/A77,CREDIT,MOBILE,1,69927.68,69927.68,70927.68,71427.68,1500,FLAGSHIP PHONE
15-09-2019,2019-2020,2,P/M/A1,MOBILE PAYMENTS,MOBILE,1,6133.92,6133.92,6633.92,7133.92,1000,BUDGET PHONE
15-09-2019,2019-2020,2,P/M/A23,CASH,MOBILE,1,650,650,750,1250,600,BUDGET PHONE
15-09-2019,2019-2020,2,P/M/A29,CREDIT,MOBILE,1,426.78,426.78,526.78,1026.78,600,BUDGET PHONE
15-09-2019,2019-2020,2,P/M/A3,CREDIT,MOBILE,1,9258.92,9258.92,9758.92,10258.92,1000,BUDGET PHONE
15-09-2019,2019-2020,2,P/M/A6,MOBILE PAYMENTS,MOBILE,1,3723.22,3723.22,4223.22,4723.22,1000,BUDGET PHONE
15-09-2019,2019-2020,2,P/M/A77,MOBILE PAYMENTS,MOBILE,1,69927.68,69927.68,70927.68,71427.68,1500,FLAGSHIP PHONE
16-09-2019,2019-2020,2,P/A/35,DEBIT,ACCESSORY,1,1688.14,1688.14,1788.14,2288.14,600,COVER
16-09-2019,2019-2020,2,P/A/50,MOBILE PAYMENTS,ACCESSORY,1,2111.86,2111.86,2211.86,2711.86,600,WIRELESS HEADSET
16-09-2019,2019-2020,2,P/M/A22,DEBIT,MOBILE,1,31526.78,31526.78,32526.78,33026.78,1500,PREMIUM MIDRANGE PHONE
16-09-2019,2019-2020,2,P/M/A3,CREDIT,MOBILE,1,9258.92,9258.92,9758.92,10258.92,1000,BUDGET PHONE
16-09-2019,2019-2020,2,P/M/A77,DEBIT,MOBILE,1,69927.68,69927.68,70927.68,71427.68,1500,FLAGSHIP PHONE
17-09-2019,2019-2020,2,P/A/22,MOBILE PAYMENTS,ACCESSORY,1,408.48,408.48,508.48,1008.48,600,CHARGER 
18-09-2019,2019-2020,2,P/M/A21,MOBILE PAYMENTS,MOBILE,1,41348.22,41348.22,42348.22,42848.22,1500,PREMIUM MIDRANGE PHONE
19-09-2019,2019-2020,2,P/A/47,CASH,ACCESSORY,1,1518.64,1518.64,1618.64,2118.64,600,WIRELESS HEADSET
19-09-2019,2019-2020,2,P/A/7,DEBIT,ACCESSORY,1,1594.92,1594.92,1694.92,2194.92,600,GALAXY WATCH
19-09-2019,2019-2020,2,P/M/A23,MOBILE PAYMENTS,MOBILE,1,650,650,750,1250,600,BUDGET PHONE
20-09-2019,2019-2020,2,P/M/A2,MOBILE PAYMENTS,MOBILE,1,7481.24,7481.24,7981.24,8481.24,1000,BUDGET PHONE
20-09-2019,2019-2020,2,P/M/A3,CREDIT,MOBILE,1,9258.92,9258.92,9758.92,10258.92,1000,BUDGET PHONE
21-09-2019,2019-2020,2,P/A/44,MOBILE PAYMENTS,ACCESSORY,1,7050.84,7050.84,7550.84,8050.84,1000,WIRELESS EARPHONES
21-09-2019,2019-2020,2,P/A/47,DEBIT,ACCESSORY,1,1306.78,1306.78,1406.78,1906.78,600,WIRELESS HEADSET
2/7/2019,2019-2020,2,P/M/A10,CREDIT,MOBILE,1,19026.78,19026.78,20026.78,20526.78,1500,MIDRANGE PHONE
22-09-2019,2019-2020,2,P/A/50,MOBILE PAYMENTS,ACCESSORY,1,2238.98,2238.98,2338.98,2838.98,600,WIRELESS HEADSET
22-09-2019,2019-2020,2,P/A/7,DEBIT,ACCESSORY,1,1518.64,1518.64,1618.64,2118.64,600,GALAXY WATCH
4/7/2019,2019-2020,2,P/M/A10,MOBILE PAYMENTS,MOBILE,1,19026.78,19026.78,20026.78,20526.78,1500,MIDRANGE PHONE
5/7/2019,2019-2020,2,P/M/A10,CASH,MOBILE,1,19026.78,19026.78,20026.78,20526.78,1500,MIDRANGE PHONE
22-09-2019,2019-2020,2,P/M/A7,CREDIT,MOBILE,1,12330.36,12330.36,13330.36,13830.36,1500,BUDGET PHONE
22-09-2019,2019-2020,2,P/M/A7,MOBILE PAYMENTS,MOBILE,1,12330.36,12330.36,13330.36,13830.36,1500,BUDGET PHONE
22-09-2019,2019-2020,2,P/M/A77,MOBILE PAYMENTS,MOBILE,1,69927.68,69927.68,70927.68,71427.68,1500,FLAGSHIP PHONE
23-09-2019,2019-2020,2,P/M/A1,CASH,MOBILE,1,6133.92,6133.92,6633.92,7133.92,1000,BUDGET PHONE
7/7/2019,2019-2020,2,P/M/A10,DEBIT,MOBILE,1,19026.78,19026.78,20026.78,20526.78,1500,MIDRANGE PHONE
8/7/2019,2019-2020,2,P/M/A10,CREDIT,MOBILE,1,19026.78,19026.78,20026.78,20526.78,1500,MIDRANGE PHONE
23-09-2019,2019-2020,2,P/M/A3,CREDIT,MOBILE,1,9258.92,9258.92,9758.92,10258.92,1000,BUDGET PHONE
23-09-2019,2019-2020,2,P/M/A76,MOBILE PAYMENTS,MOBILE,1,60999.1,60999.1,61999.1,62499.1,1500,FLAGSHIP PHONE
23-09-2019,2019-2020,2,P/M/A77,MOBILE PAYMENTS,MOBILE,1,69927.68,69927.68,70927.68,71427.68,1500,FLAGSHIP PHONE
23-09-2019,2019-2020,2,P/T/S6,CREDIT,TABLET,2,15448.31,30896.62,16448.31,33896.62,3000,MIDRANGE TAB
9/7/2019,2019-2020,2,P/M/A10,DEBIT,MOBILE,1,19026.78,19026.78,20026.78,20526.78,1500,MIDRANGE PHONE
24-09-2019,2019-2020,2,P/A/22,CASH,ACCESSORY,1,408.48,408.48,508.48,1008.48,600,CHARGER 
9/7/2019,2019-2020,2,P/M/A10,DEBIT,MOBILE,1,19026.78,19026.78,20026.78,20526.78,1500,MIDRANGE PHONE
10/7/2019,2019-2020,2,P/M/A10,MOBILE PAYMENTS,MOBILE,1,19026.78,19026.78,20026.78,20526.78,1500,MIDRANGE PHONE
10/7/2019,2019-2020,2,P/M/A20,CASH,MOBILE,1,19026.78,19026.78,20026.78,20526.78,1500,MIDRANGE PHONE
25-09-2019,2019-2020,2,P/M/A4,MOBILE PAYMENTS,MOBILE,1,10999.1,10999.1,11999.1,12499.1,1500,BUDGET PHONE
16-07-2019,2019-2020,2,P/M/A10,MOBILE PAYMENTS,MOBILE,1,19026.78,19026.78,20026.78,20526.78,1500,MIDRANGE PHONE
26-09-2019,2019-2020,2,P/A/22,CREDIT,ACCESSORY,1,408.48,408.48,508.48,1008.48,600,CHARGER 
26-09-2019,2019-2020,2,P/M/A1,CASH,MOBILE,1,6133.92,6133.92,6633.92,7133.92,1000,BUDGET PHONE
26-09-2019,2019-2020,2,P/M/A3,CREDIT,MOBILE,1,9258.92,9258.92,9758.92,10258.92,1000,BUDGET PHONE
27-09-2019,2019-2020,2,P/A/21,MOBILE PAYMENTS,ACCESSORY,1,408.48,408.48,508.48,1008.48,600,CHARGER 
16-07-2019,2019-2020,2,P/M/A10,MOBILE PAYMENTS,MOBILE,1,19026.78,19026.78,20026.78,20526.78,1500,MIDRANGE PHONE
27-09-2019,2019-2020,2,P/M/A24,CASH,MOBILE,1,850.9,850.9,950.9,1450.9,600,BUDGET PHONE
28-09-2019,2019-2020,2,P/A/44,MOBILE PAYMENTS,ACCESSORY,1,7296.62,7296.62,7796.62,8296.62,1000,WIRELESS EARPHONES
28-09-2019,2019-2020,2,P/M/A29,MOBILE PAYMENTS,MOBILE,1,382.14,382.14,482.14,982.14,600,BUDGET PHONE
29-09-2019,2019-2020,2,P/A/26,CASH,ACCESSORY,1,2195.76,2195.76,2295.76,2795.76,600,CHARGER 
29-09-2019,2019-2020,2,P/A/35,DEBIT,ACCESSORY,1,2026.28,2026.28,2126.28,2626.28,600,COVER
19-07-2019,2019-2020,2,P/M/A10,DEBIT,MOBILE,1,19026.78,19026.78,20026.78,20526.78,1500,MIDRANGE PHONE
20-07-2019,2019-2020,2,P/M/A10,CASH,MOBILE,1,19026.78,19026.78,20026.78,20526.78,1500,MIDRANGE PHONE
29-09-2019,2019-2020,2,P/M/A3,MOBILE PAYMENTS,MOBILE,1,9258.92,9258.92,9758.92,10258.92,1000,BUDGET PHONE
29-09-2019,2019-2020,2,P/M/A4,DEBIT,MOBILE,1,9213.4,9213.4,10213.4,10713.4,1500,BUDGET PHONE
29-09-2019,2019-2020,2,P/M/A45,MOBILE PAYMENTS,MOBILE,1,58232.14,58232.14,59232.14,59732.14,1500,FLAGSHIP PHONE
23-07-2019,2019-2020,2,P/M/A10,MOBILE PAYMENTS,MOBILE,1,19026.78,19026.78,20026.78,20526.78,1500,MIDRANGE PHONE
23-07-2019,2019-2020,2,P/M/A10,DEBIT,MOBILE,1,19026.78,19026.78,20026.78,20526.78,1500,MIDRANGE PHONE
30-09-2019,2019-2020,2,P/M/A23,CREDIT,MOBILE,1,650,650,750,1250,600,BUDGET PHONE
28-07-2019,2019-2020,2,P/M/A10,MOBILE PAYMENTS,MOBILE,1,19026.78,19026.78,20026.78,20526.78,1500,MIDRANGE PHONE
29-07-2019,2019-2020,2,P/M/A10,CREDIT,MOBILE,1,19026.78,19026.78,20026.78,20526.78,1500,MIDRANGE PHONE
4/8/2019,2019-2020,2,P/M/A10,DEBIT,MOBILE,1,19026.78,19026.78,20026.78,20526.78,1500,MIDRANGE PHONE
11/8/2019,2019-2020,2,P/M/A10,DEBIT,MOBILE,1,19026.78,19026.78,20026.78,20526.78,1500,MIDRANGE PHONE
14-08-2019,2019-2020,2,P/M/A10,DEBIT,MOBILE,1,19026.78,19026.78,20026.78,20526.78,1500,MIDRANGE PHONE
15-08-2019,2019-2020,2,P/M/A10,MOBILE PAYMENTS,MOBILE,1,19026.78,19026.78,20026.78,20526.78,1500,MIDRANGE PHONE
15-08-2019,2019-2020,2,P/M/A10,CREDIT,MOBILE,1,19026.78,19026.78,20026.78,20526.78,1500,MIDRANGE PHONE
22-08-2019,2019-2020,2,P/M/A10,CREDIT,MOBILE,1,19026.78,19026.78,20026.78,20526.78,1500,MIDRANGE PHONE
13-07-2018,2018-2019,2,P/M/A13,MOBILE PAYMENTS,MOBILE,1,19026.79,19026.79,20026.79,20526.79,1500,MIDRANGE PHONE
28-07-2019,2019-2020,2,P/M/A10,CREDIT,MOBILE,1,19026.79,19026.79,20026.79,20526.79,1500,MIDRANGE PHONE
7/8/2019,2019-2020,2,P/M/A10,CASH,MOBILE,1,19026.79,19026.79,20026.79,20526.79,1500,MIDRANGE PHONE
23-08-2019,2019-2020,2,P/M/A10,MOBILE PAYMENTS,MOBILE,1,19026.79,19026.79,20026.79,20526.79,1500,MIDRANGE PHONE
21-09-2019,2019-2020,2,P/M/A11,MOBILE PAYMENTS,MOBILE,1,19034.82,19034.82,20034.82,20534.82,1500,MIDRANGE PHONE
27-09-2019,2019-2020,2,P/M/A11,CREDIT,MOBILE,1,19034.82,19034.82,20034.82,20534.82,1500,MIDRANGE PHONE
29-09-2019,2019-2020,2,P/M/A11,DEBIT,MOBILE,1,19034.82,19034.82,20034.82,20534.82,1500,MIDRANGE PHONE
8/9/2020,2020-2021,2,P/M/A12,DEBIT,MOBILE,1,19261.86,19261.86,20261.86,20761.86,1500,MIDRANGE PHONE
27-09-2020,2020-2021,2,P/M/A12,CREDIT,MOBILE,1,19261.86,19261.86,20261.86,20761.86,1500,MIDRANGE PHONE
27-09-2020,2020-2021,2,P/M/A12,CASH,MOBILE,1,19261.86,19261.86,20261.86,20761.86,1500,MIDRANGE PHONE
18-08-2018,2018-2019,2,P/M/A14,CREDIT,MOBILE,1,19303.58,19303.58,20303.58,20803.58,1500,MIDRANGE PHONE
18-08-2018,2018-2019,2,P/M/A14,CREDIT,MOBILE,1,19303.58,19303.58,20303.58,20803.58,1500,MIDRANGE PHONE
18-08-2018,2018-2019,2,P/M/A14,CREDIT,MOBILE,1,19303.58,19303.58,20303.58,20803.58,1500,MIDRANGE PHONE
19-08-2018,2018-2019,2,P/M/A14,DEBIT,MOBILE,1,19303.58,19303.58,20303.58,20803.58,1500,MIDRANGE PHONE
19-08-2018,2018-2019,2,P/M/A14,MOBILE PAYMENTS,MOBILE,1,19303.58,19303.58,20303.58,20803.58,1500,MIDRANGE PHONE
19-08-2018,2018-2019,2,P/M/A14,MOBILE PAYMENTS,MOBILE,1,19303.58,19303.58,20303.58,20803.58,1500,MIDRANGE PHONE
19-08-2018,2018-2019,2,P/M/A14,MOBILE PAYMENTS,MOBILE,1,19303.58,19303.58,20303.58,20803.58,1500,MIDRANGE PHONE
19-08-2018,2018-2019,2,P/M/A14,CREDIT,MOBILE,1,19303.58,19303.58,20303.58,20803.58,1500,MIDRANGE PHONE
21-08-2018,2018-2019,2,P/M/A14,DEBIT,MOBILE,1,19303.58,19303.58,20303.58,20803.58,1500,MIDRANGE PHONE
25-08-2018,2018-2019,2,P/M/A14,DEBIT,MOBILE,1,19303.58,19303.58,20303.58,20803.58,1500,MIDRANGE PHONE
26-08-2018,2018-2019,2,P/M/A15,CREDIT,MOBILE,1,19303.58,19303.58,20303.58,20803.58,1500,MIDRANGE PHONE
24-08-2020,2020-2021,2,P/M/A72,DEBIT,MOBILE,1,19685.6,19685.6,20685.6,21185.6,1500,MIDRANGE PHONE
7/7/2020,2020-2021,2,P/M/A12,CREDIT,MOBILE,1,22898.3,22898.3,23898.3,24398.3,1500,MIDRANGE PHONE
7/7/2020,2020-2021,2,P/M/A12,CASH,MOBILE,1,22898.3,22898.3,23898.3,24398.3,1500,MIDRANGE PHONE
8/7/2020,2020-2021,2,P/M/A12,CREDIT,MOBILE,1,22898.3,22898.3,23898.3,24398.3,1500,MIDRANGE PHONE
8/7/2020,2020-2021,2,P/M/A12,DEBIT,MOBILE,1,22898.3,22898.3,23898.3,24398.3,1500,MIDRANGE PHONE
8/7/2020,2020-2021,2,P/M/A12,CASH,MOBILE,1,22898.3,22898.3,23898.3,24398.3,1500,MIDRANGE PHONE
13-07-2020,2020-2021,2,P/M/A12,CREDIT,MOBILE,1,22898.3,22898.3,23898.3,24398.3,1500,MIDRANGE PHONE
12/8/2020,2020-2021,2,P/M/A12,MOBILE PAYMENTS,MOBILE,1,22898.3,22898.3,23898.3,24398.3,1500,MIDRANGE PHONE
11/8/2020,2020-2021,2,P/M/A12,MOBILE PAYMENTS,MOBILE,1,22898.3,22898.3,23898.3,24398.3,1500,MIDRANGE PHONE
13-08-2020,2020-2021,2,P/M/A12,DEBIT,MOBILE,1,22898.3,22898.3,23898.3,24398.3,1500,MIDRANGE PHONE
13-07-2018,2018-2019,2,P/M/A14,CASH,MOBILE,1,19919.64,19919.64,20919.64,21419.64,1500,MIDRANGE PHONE
13-07-2018,2018-2019,2,P/M/A14,DEBIT,MOBILE,1,19919.64,19919.64,20919.64,21419.64,1500,MIDRANGE PHONE
14-07-2018,2018-2019,2,P/M/A14,CASH,MOBILE,1,19919.64,19919.64,20919.64,21419.64,1500,MIDRANGE PHONE
18-07-2018,2018-2019,2,P/M/A14,DEBIT,MOBILE,1,19919.64,19919.64,20919.64,21419.64,1500,MIDRANGE PHONE
19-07-2018,2018-2019,2,P/M/A14,DEBIT,MOBILE,1,19919.64,19919.64,20919.64,21419.64,1500,MIDRANGE PHONE
19-07-2018,2018-2019,2,P/M/A14,CASH,MOBILE,1,19919.64,19919.64,20919.64,21419.64,1500,MIDRANGE PHONE
22-07-2018,2018-2019,2,P/M/A14,CASH,MOBILE,1,19919.64,19919.64,20919.64,21419.64,1500,MIDRANGE PHONE
22-07-2018,2018-2019,2,P/M/A14,CASH,MOBILE,1,19919.64,19919.64,20919.64,21419.64,1500,MIDRANGE PHONE
25-07-2018,2018-2019,2,P/M/A14,CREDIT,MOBILE,1,19919.64,19919.64,20919.64,21419.64,1500,MIDRANGE PHONE
26-07-2018,2018-2019,2,P/M/A14,CREDIT,MOBILE,1,19919.64,19919.64,20919.64,21419.64,1500,MIDRANGE PHONE
27-07-2018,2018-2019,2,P/M/A14,DEBIT,MOBILE,1,19919.64,19919.64,20919.64,21419.64,1500,MIDRANGE PHONE
27-07-2018,2018-2019,2,P/M/A14,DEBIT,MOBILE,1,19919.64,19919.64,20919.64,21419.64,1500,MIDRANGE PHONE
2/8/2018,2018-2019,2,P/M/A14,CASH,MOBILE,1,19919.64,19919.64,20919.64,21419.64,1500,MIDRANGE PHONE
4/8/2018,2018-2019,2,P/M/A14,DEBIT,MOBILE,1,19919.64,19919.64,20919.64,21419.64,1500,MIDRANGE PHONE
4/8/2018,2018-2019,2,P/M/A14,DEBIT,MOBILE,1,19919.64,19919.64,20919.64,21419.64,1500,MIDRANGE PHONE
5/8/2018,2018-2019,2,P/M/A14,DEBIT,MOBILE,1,19919.64,19919.64,20919.64,21419.64,1500,MIDRANGE PHONE
5/8/2018,2018-2019,2,P/M/A14,CREDIT,MOBILE,1,19919.64,19919.64,20919.64,21419.64,1500,MIDRANGE PHONE
5/8/2018,2018-2019,2,P/M/A14,DEBIT,MOBILE,1,19919.64,19919.64,20919.64,21419.64,1500,MIDRANGE PHONE
9/8/2018,2018-2019,2,P/M/A14,DEBIT,MOBILE,1,19919.64,19919.64,20919.64,21419.64,1500,MIDRANGE PHONE
14-08-2018,2018-2019,2,P/M/A14,DEBIT,MOBILE,1,19919.64,19919.64,20919.64,21419.64,1500,MIDRANGE PHONE
15-08-2018,2018-2019,2,P/M/A14,CREDIT,MOBILE,1,19919.64,19919.64,20919.64,21419.64,1500,MIDRANGE PHONE
16-08-2018,2018-2019,2,P/M/A14,DEBIT,MOBILE,1,19919.64,19919.64,20919.64,21419.64,1500,MIDRANGE PHONE
10/9/2018,2018-2019,2,P/M/A20,DEBIT,MOBILE,1,19919.64,19919.64,20919.64,21419.64,1500,MIDRANGE PHONE
27-08-2020,2020-2021,2,P/M/A12,DEBIT,MOBILE,1,20533.06,20533.06,21533.06,22033.06,1500,MIDRANGE PHONE
1/9/2018,2018-2019,2,P/M/A27,DEBIT,MOBILE,1,20732.14,20732.14,21732.14,22232.14,1500,MIDRANGE PHONE
19-09-2019,2019-2020,2,P/M/A11,DEBIT,MOBILE,1,20820.54,20820.54,21820.54,22320.54,1500,MIDRANGE PHONE
22-09-2019,2019-2020,2,P/M/A11,CREDIT,MOBILE,1,20820.54,20820.54,21820.54,22320.54,1500,MIDRANGE PHONE
23-09-2019,2019-2020,2,P/M/A11,MOBILE PAYMENTS,MOBILE,1,20820.54,20820.54,21820.54,22320.54,1500,MIDRANGE PHONE
24-09-2019,2019-2020,2,P/M/A11,DEBIT,MOBILE,1,20820.54,20820.54,21820.54,22320.54,1500,MIDRANGE PHONE
15-07-2018,2018-2019,2,P/M/A18,DEBIT,MOBILE,1,20951.78,20951.78,21951.78,22451.78,1500,MIDRANGE PHONE
27-07-2020,2020-2021,2,P/M/A12,CASH,MOBILE,1,21380.5,21380.5,22380.5,22880.5,1500,MIDRANGE PHONE
14-08-2020,2020-2021,2,P/M/A72,CREDIT,MOBILE,1,21380.5,21380.5,22380.5,22880.5,1500,MIDRANGE PHONE
5/8/2018,2018-2019,2,P/M/A14,CREDIT,MOBILE,1,21705.36,21705.36,22705.36,23205.36,1500,MIDRANGE PHONE
5/9/2018,2018-2019,2,P/M/A14,CASH,MOBILE,1,21705.36,21705.36,22705.36,23205.36,1500,MIDRANGE PHONE
1/7/2020,2020-2021,2,P/M/A4,DEBIT,MOBILE,1,8872.88,8872.88,9372.88,9872.88,1000,BUDGET PHONE
9/7/2020,2020-2021,2,P/M/A12,CREDIT,MOBILE,1,22227.96,22227.96,23227.96,23727.96,1500,MIDRANGE PHONE
24-08-2020,2020-2021,2,P/M/A17,CREDIT,MOBILE,1,23499.15,23499.15,24499.15,24999.15,1500,MIDRANGE PHONE
2/7/2020,2020-2021,2,P/M/A4,CASH,MOBILE,1,9516.1,9516.1,10516.1,11016.1,1500,BUDGET PHONE
2/7/2020,2020-2021,2,P/M/A4,CREDIT,MOBILE,2,9401.69,18803.38,9901.69,20803.38,2000,BUDGET PHONE
2/7/2020,2020-2021,2,P/M/A66,CASH,MOBILE,1,6626.28,6626.28,7126.28,7626.28,1000,BUDGET PHONE
2/7/2020,2020-2021,2,P/M/A69,MOBILE PAYMENTS,MOBILE,1,11892.38,11892.38,12892.38,13392.38,1500,BUDGET PHONE
2/7/2020,2020-2021,2,P/M/A8,DEBIT,MOBILE,1,12784.74,12784.74,13784.74,14284.74,1500,BUDGET PHONE
2/7/2020,2020-2021,2,P/M/A8,CASH,MOBILE,1,12784.74,12784.74,13784.74,14284.74,1500,BUDGET PHONE
3/7/2020,2020-2021,2,P/M/A50,MOBILE PAYMENTS,MOBILE,1,57821.18,57821.18,58821.18,59321.18,1500,FLAGSHIP PHONE
3/7/2020,2020-2021,2,P/M/A66,MOBILE PAYMENTS,MOBILE,1,6626.28,6626.28,7126.28,7626.28,1000,BUDGET PHONE
3/7/2020,2020-2021,2,P/M/A69,CASH,MOBILE,1,11892.38,11892.38,12892.38,13392.38,1500,BUDGET PHONE
8/9/2020,2020-2021,2,P/M/A17,MOBILE PAYMENTS,MOBILE,1,23499.16,23499.16,24499.16,24999.16,1500,MIDRANGE PHONE
11/9/2020,2020-2021,2,P/M/A17,CREDIT,MOBILE,1,23499.16,23499.16,24499.16,24999.16,1500,MIDRANGE PHONE
4/7/2020,2020-2021,2,P/M/A5,MOBILE PAYMENTS,MOBILE,1,12482.2,12482.2,13482.2,13982.2,1500,BUDGET PHONE
4/7/2020,2020-2021,2,P/M/A8,DEBIT,MOBILE,2,11892.37,23784.74,12892.37,26784.74,3000,BUDGET PHONE
4/7/2020,2020-2021,2,P/M/A8,CASH,MOBILE,1,12058.48,12058.48,13058.48,13558.48,1500,BUDGET PHONE
21-09-2020,2020-2021,2,P/M/A17,CASH,MOBILE,1,23499.16,23499.16,24499.16,24999.16,1500,MIDRANGE PHONE
5/7/2020,2020-2021,2,P/M/A2,CREDIT,MOBILE,2,6800.85,13601.7,7300.85,15601.7,2000,BUDGET PHONE
5/7/2020,2020-2021,2,P/M/A23,CREDIT,MOBILE,1,628.82,628.82,728.82,1228.82,600,BUDGET PHONE
6/7/2020,2020-2021,2,P/M/A67,MOBILE PAYMENTS,MOBILE,1,8321.18,8321.18,8821.18,9321.18,1000,BUDGET PHONE
6/7/2020,2020-2021,2,P/M/A8,DEBIT,MOBILE,1,12784.74,12784.74,13784.74,14284.74,1500,BUDGET PHONE
8/7/2020,2020-2021,2,P/A/22,DEBIT,ACCESSORY,1,408.48,408.48,508.48,1008.48,600,CHARGER 
8/7/2020,2020-2021,2,P/M/A12,MOBILE PAYMENTS,MOBILE,4,19303.39,77213.56,20303.39,83213.56,6000,MIDRANGE PHONE
8/7/2020,2020-2021,2,P/M/A2,DEBIT,MOBILE,4,6800.84,27203.36,7300.84,31203.38,4000,BUDGET PHONE
8/7/2020,2020-2021,2,P/M/A36,DEBIT,MOBILE,1,40872.04,40872.04,41872.04,42372.04,1500,PREMIUM MIDRANGE PHONE
8/7/2020,2020-2021,2,P/M/A4,MOBILE PAYMENTS,MOBILE,1,9423.72,9423.72,9923.72,10423.72,1000,BUDGET PHONE
8/7/2020,2020-2021,2,P/M/A4,CASH,MOBILE,1,10105.93,10105.93,11105.93,11605.93,1500,BUDGET PHONE
8/7/2020,2020-2021,2,P/M/A47,CREDIT,MOBILE,1,58244.92,58244.92,59244.92,59744.92,1500,FLAGSHIP PHONE
8/7/2020,2020-2021,2,P/M/A48,CREDIT,MOBILE,1,63939.84,63939.84,64939.84,65439.84,1500,FLAGSHIP PHONE
8/7/2020,2020-2021,2,P/M/A48,MOBILE PAYMENTS,MOBILE,1,64600.84,64600.84,65600.84,66100.84,1500,FLAGSHIP PHONE
8/7/2020,2020-2021,2,P/M/A48,DEBIT,MOBILE,1,64600.84,64600.84,65600.84,66100.84,1500,FLAGSHIP PHONE
8/7/2020,2020-2021,2,P/M/A67,MOBILE PAYMENTS,MOBILE,1,8321.18,8321.18,8821.18,9321.18,1000,BUDGET PHONE
8/7/2020,2020-2021,2,P/M/A73,DEBIT,MOBILE,1,32397.46,32397.46,33397.46,33897.46,1500,PREMIUM MIDRANGE PHONE
7/9/2018,2018-2019,2,P/T/S7,CASH,TABLET,1,23915.26,23915.26,24915.26,25415.26,1500,MIDRANGE TAB
9/7/2020,2020-2021,2,P/A/22,MOBILE PAYMENTS,ACCESSORY,1,408.48,408.48,508.48,1008.48,600,CHARGER 
9/7/2020,2020-2021,2,P/M/A73,DEBIT,MOBILE,1,32397.46,32397.46,33397.46,33897.46,1500,PREMIUM MIDRANGE PHONE
10/7/2020,2020-2021,2,P/A/21,CREDIT,ACCESSORY,1,408.48,408.48,508.48,1008.48,600,CHARGER 
10/7/2020,2020-2021,2,P/A/21,DEBIT,ACCESSORY,1,408.48,408.48,508.48,1008.48,600,CHARGER 
10/7/2020,2020-2021,2,P/M/A46,DEBIT,MOBILE,1,52652.54,52652.54,53652.54,54152.54,1500,FLAGSHIP PHONE
10/7/2020,2020-2021,2,P/M/A67,MOBILE PAYMENTS,MOBILE,1,9516.1,9516.1,10516.1,11016.1,1500,BUDGET PHONE
10/7/2020,2020-2021,2,P/M/A76,DEBIT,MOBILE,1,60872.88,60872.88,61872.88,62372.88,1500,FLAGSHIP PHONE
10/7/2020,2020-2021,2,P/M/A77,DEBIT,MOBILE,1,38330.5,38330.5,39330.5,39830.5,1500,PREMIUM MIDRANGE PHONE
13-07-2020,2020-2021,2,P/M/A5,MOBILE PAYMENTS,MOBILE,1,12482.2,12482.2,13482.2,13982.2,1500,BUDGET PHONE
13-07-2020,2020-2021,2,P/M/A67,DEBIT,MOBILE,1,8321.18,8321.18,8821.18,9321.18,1000,BUDGET PHONE
13-07-2020,2020-2021,2,P/M/A69,CREDIT,MOBILE,1,11892.38,11892.38,12892.38,13392.38,1500,BUDGET PHONE
15-07-2020,2020-2021,2,P/M/A49,MOBILE PAYMENTS,MOBILE,1,101550,101550,102550,103050,1500,LUXURY PHONE
15-07-2020,2020-2021,2,P/M/A5,CREDIT,MOBILE,1,101550,101550,102550,103050,1500,LUXURY PHONE
15-07-2020,2020-2021,2,P/M/A67,CREDIT,MOBILE,1,101550,101550,102550,103050,1500,LUXURY PHONE
16-07-2020,2020-2021,2,P/M/A5,CREDIT,MOBILE,1,101550,101550,102550,103050,1500,LUXURY PHONE
17-07-2020,2020-2021,2,P/M/A66,CREDIT,MOBILE,1,101550,101550,102550,103050,1500,LUXURY PHONE
17-07-2020,2020-2021,2,P/M/A9,CREDIT,MOBILE,1,101550,101550,102550,103050,1500,LUXURY PHONE
20-07-2020,2020-2021,2,P/A/22,MOBILE PAYMENTS,ACCESSORY,1,101550,101550,102550,103050,1500,CHARGER 
20-07-2020,2020-2021,2,P/M/A5,CREDIT,MOBILE,1,101550,101550,102550,103050,1500,LUXURY PHONE
20-07-2020,2020-2021,2,P/M/A66,CREDIT,MOBILE,1,101550,101550,102550,103050,1500,LUXURY PHONE
20-07-2020,2020-2021,2,P/M/A66,CREDIT,MOBILE,1,101550,101550,102550,103050,1500,LUXURY PHONE
20-07-2020,2020-2021,2,P/M/A67,CREDIT,MOBILE,1,101550,101550,102550,103050,1500,LUXURY PHONE
20-07-2020,2020-2021,2,P/M/A9,MOBILE PAYMENTS,MOBILE,1,101550,101550,102550,103050,1500,LUXURY PHONE
20-07-2020,2020-2021,2,P/M/A9,MOBILE PAYMENTS,MOBILE,1,101550,101550,102550,103050,1500,LUXURY PHONE
20-07-2020,2020-2021,2,P/M/A9,DEBIT,MOBILE,1,101550,101550,102550,103050,1500,LUXURY PHONE
21-07-2020,2020-2021,2,P/M/A9,DEBIT,MOBILE,1,101550,101550,102550,103050,1500,LUXURY PHONE
22-07-2020,2020-2021,2,P/M/A12,CREDIT,MOBILE,1,101550,101550,102550,103050,1500,LUXURY PHONE
22-07-2020,2020-2021,2,P/M/A12,CREDIT,MOBILE,1,101550,101550,102550,103050,1500,LUXURY PHONE
22-07-2020,2020-2021,2,P/M/A35,CREDIT,MOBILE,1,101550,101550,102550,103050,1500,LUXURY PHONE
22-07-2020,2020-2021,2,P/M/A9,CREDIT,MOBILE,1,101550,101550,102550,103050,1500,LUXURY PHONE
23-07-2020,2020-2021,2,P/M/A23,CREDIT,MOBILE,1,101550,101550,102550,103050,1500,LUXURY PHONE
23-07-2020,2020-2021,2,P/M/A48,CREDIT,MOBILE,1,101550,101550,102550,103050,1500,LUXURY PHONE
24-07-2020,2020-2021,2,P/M/A12,MOBILE PAYMENTS,MOBILE,1,101550,101550,102550,103050,1500,LUXURY PHONE
24-07-2020,2020-2021,2,P/M/A12,DEBIT,MOBILE,1,101550,101550,102550,103050,1500,LUXURY PHONE
24-07-2020,2020-2021,2,P/M/A17,MOBILE PAYMENTS,MOBILE,1,101550,101550,102550,103050,1500,LUXURY PHONE
24-07-2020,2020-2021,2,P/M/A47,CREDIT,MOBILE,3,57605.93,172817.79,58605.93,103050,-69768,FLAGSHIP PHONE
24-07-2020,2020-2021,2,P/M/A73,MOBILE PAYMENTS,MOBILE,1,32397.46,32397.46,33397.46,33897.46,1500,PREMIUM MIDRANGE PHONE
27-07-2020,2020-2021,2,P/M/A66,CREDIT,MOBILE,1,6118.64,6118.64,6618.64,7118.64,1000,BUDGET PHONE
1/7/2019,2019-2020,2,P/T/S7,CREDIT,TABLET,1,23915.26,23915.26,24915.26,25415.26,1500,MIDRANGE TAB
21-07-2019,2019-2020,2,P/T/S7,CASH,TABLET,1,23915.26,23915.26,24915.26,25415.26,1500,MIDRANGE TAB
28-07-2020,2020-2021,2,P/M/A5,MOBILE PAYMENTS,MOBILE,1,11211.02,11211.02,12211.02,12711.02,1500,BUDGET PHONE
29-07-2020,2020-2021,2,P/M/A5,MOBILE PAYMENTS,MOBILE,1,12058.48,12058.48,13058.48,13558.48,1500,BUDGET PHONE
29-07-2020,2020-2021,2,P/M/A5,DEBIT,MOBILE,1,12058.47,12058.47,13058.47,13558.47,1500,BUDGET PHONE
30-07-2020,2020-2021,2,P/M/A5,CREDIT,MOBILE,1,12058.48,12058.48,13058.48,13558.48,1500,BUDGET PHONE
3/8/2020,2020-2021,2,P/M/A65,CASH,MOBILE,1,4762.72,4762.72,5262.72,5762.72,1000,BUDGET PHONE
4/8/2020,2020-2021,2,P/A/35,CASH,ACCESSORY,1,1688.14,1688.14,1788.14,2288.14,600,COVER
5/8/2020,2020-2021,2,P/M/A67,DEBIT,MOBILE,1,9516.1,9516.1,10516.1,11016.1,1500,BUDGET PHONE
7/8/2020,2020-2021,2,P/M/A65,MOBILE PAYMENTS,MOBILE,1,4593.22,4593.22,5093.22,5593.22,1000,BUDGET PHONE
7/8/2020,2020-2021,2,P/M/A73,CREDIT,MOBILE,1,31764.4,31764.4,32764.4,33264.4,1500,PREMIUM MIDRANGE PHONE
10/8/2020,2020-2021,2,P/M/A5,DEBIT,MOBILE,1,11211.02,11211.02,12211.02,12711.02,1500,BUDGET PHONE
10/8/2020,2020-2021,2,P/M/A50,DEBIT,MOBILE,1,57821.18,57821.18,58821.18,59321.18,1500,FLAGSHIP PHONE
10/8/2020,2020-2021,2,P/M/A67,DEBIT,MOBILE,1,8321.18,8321.18,8821.18,9321.18,1000,BUDGET PHONE
10/8/2020,2020-2021,2,P/M/A67,CREDIT,MOBILE,1,9516.1,9516.1,10516.1,11016.1,1500,BUDGET PHONE
10/8/2020,2020-2021,2,P/M/A69,CREDIT,MOBILE,1,11892.38,11892.38,12892.38,13392.38,1500,BUDGET PHONE
11/8/2020,2020-2021,2,P/M/A67,MOBILE PAYMENTS,MOBILE,1,9516.1,9516.1,10516.1,11016.1,1500,BUDGET PHONE
11/8/2020,2020-2021,2,P/M/A76,DEBIT,MOBILE,1,34093.22,34093.22,35093.22,35593.22,1500,PREMIUM MIDRANGE PHONE
12/8/2020,2020-2021,2,P/M/A67,CREDIT,MOBILE,1,9516.1,9516.1,10516.1,11016.1,1500,BUDGET PHONE
13-08-2020,2020-2021,2,P/M/A5,DEBIT,MOBILE,1,11211.02,11211.02,12211.02,12711.02,1500,BUDGET PHONE
13-08-2020,2020-2021,2,P/M/A67,CASH,MOBILE,1,8491.52,8491.52,8991.52,9491.52,1000,BUDGET PHONE
14-08-2020,2020-2021,2,P/M/A49,CREDIT,MOBILE,1,101550,101550,102550,103050,1500,LUXURY PHONE
14-08-2020,2020-2021,2,P/M/A66,MOBILE PAYMENTS,MOBILE,1,6203.38,6203.38,6703.38,7203.38,1000,BUDGET PHONE
17-08-2020,2020-2021,2,P/A/44,CASH,ACCESSORY,1,8321.18,8321.18,8821.18,9321.18,1000,WIRELESS EARPHONES
17-08-2020,2020-2021,2,P/M/A65,CASH,MOBILE,1,4169.5,4169.5,4669.5,5169.5,1000,BUDGET PHONE
17-08-2020,2020-2021,2,P/M/A65,MOBILE PAYMENTS,MOBILE,1,4330.5,4330.5,4830.5,5330.5,1000,BUDGET PHONE
17-08-2020,2020-2021,2,P/M/A67,MOBILE PAYMENTS,MOBILE,1,9516.1,9516.1,10516.1,11016.1,1500,BUDGET PHONE
18-08-2020,2020-2021,2,P/A/22,CASH,ACCESSORY,1,408.48,408.48,508.48,1008.48,600,CHARGER 
18-08-2020,2020-2021,2,P/A/47,CREDIT,ACCESSORY,1,1603.39,1603.39,1703.39,2203.39,600,WIRELESS HEADSET
18-08-2020,2020-2021,2,P/A/47,DEBIT,ACCESSORY,1,1941.52,1941.52,2041.52,2541.52,600,WIRELESS HEADSET
19-08-2020,2020-2021,2,P/M/A2,DEBIT,MOBILE,1,7033.9,7033.9,7533.9,8033.9,1000,BUDGET PHONE
19-08-2020,2020-2021,2,P/M/A67,DEBIT,MOBILE,1,9516.1,9516.1,10516.1,11016.1,1500,BUDGET PHONE
20-08-2020,2020-2021,2,P/M/A66,CREDIT,MOBILE,1,6118.64,6118.64,6618.64,7118.64,1000,BUDGET PHONE
20-08-2020,2020-2021,2,P/M/A66,MOBILE PAYMENTS,MOBILE,1,6288.14,6288.14,6788.14,7288.14,1000,BUDGET PHONE
21-08-2020,2020-2021,2,P/M/A47,MOBILE PAYMENTS,MOBILE,1,58244.92,58244.92,59244.92,59744.92,1500,FLAGSHIP PHONE
25-08-2020,2020-2021,2,P/A/35,DEBIT,ACCESSORY,1,2111.86,2111.86,2211.86,2711.86,600,COVER
25-08-2020,2020-2021,2,P/M/A79,DEBIT,MOBILE,1,101550,101550,102550,103050,1500,LUXURY PHONE
25-08-2020,2020-2021,2,P/M/A79,CREDIT,MOBILE,1,101550,101550,102550,103050,1500,LUXURY PHONE
25-08-2020,2020-2021,2,P/M/A79,CREDIT,MOBILE,1,101550,101550,102550,103050,1500,LUXURY PHONE
25-08-2020,2020-2021,2,P/M/A79,MOBILE PAYMENTS,MOBILE,1,101550,101550,102550,103050,1500,LUXURY PHONE
26-08-2020,2020-2021,2,P/A/22,DEBIT,ACCESSORY,1,408.48,408.48,508.48,1008.48,600,CHARGER 
26-08-2020,2020-2021,2,P/M/A67,DEBIT,MOBILE,1,9940.68,9940.68,10940.68,11440.68,1500,BUDGET PHONE
26-08-2020,2020-2021,2,P/M/A78,MOBILE PAYMENTS,MOBILE,1,64600.84,64600.84,65600.84,66100.84,1500,FLAGSHIP PHONE
26-08-2020,2020-2021,2,P/M/A79,CREDIT,MOBILE,1,101550,101550,102550,103050,1500,LUXURY PHONE
26-08-2020,2020-2021,2,P/M/A79,MOBILE PAYMENTS,MOBILE,1,101550,101550,102550,103050,1500,LUXURY PHONE
27-08-2020,2020-2021,2,P/A/47,CREDIT,ACCESSORY,1,1391.53,1391.53,1491.53,1991.53,600,WIRELESS HEADSET
27-08-2020,2020-2021,2,P/M/A66,CASH,MOBILE,1,6203.38,6203.38,6703.38,7203.38,1000,BUDGET PHONE
27-08-2020,2020-2021,2,P/M/A79,MOBILE PAYMENTS,MOBILE,1,101550,101550,102550,103050,1500,LUXURY PHONE
28-08-2020,2020-2021,2,P/A/30,CREDIT,ACCESSORY,1,3237.28,3237.28,3737.28,4237.28,1000,COVER
28-08-2020,2020-2021,2,P/A/44,CREDIT,ACCESSORY,1,3237.28,3237.28,3737.28,4237.28,1000,WIRELESS EARPHONES
28-08-2020,2020-2021,2,P/A/5,CREDIT,ACCESSORY,1,9169.5,9169.5,9669.5,10169.5,1000,GALAXY WATCH
28-08-2020,2020-2021,2,P/M/A5,DEBIT,MOBILE,1,12482.2,12482.2,13482.2,13982.2,1500,BUDGET PHONE
28-08-2020,2020-2021,2,P/M/A5,CREDIT,MOBILE,1,12897.46,12897.46,13897.46,14397.46,1500,BUDGET PHONE
28-08-2020,2020-2021,2,P/M/A5,MOBILE PAYMENTS,MOBILE,1,11211.02,11211.02,12211.02,12711.02,1500,BUDGET PHONE
28-08-2020,2020-2021,2,P/M/A66,MOBILE PAYMENTS,MOBILE,1,6626.28,6626.28,7126.28,7626.28,1000,BUDGET PHONE
28-08-2020,2020-2021,2,P/M/A66,DEBIT,MOBILE,1,6288.14,6288.14,6788.14,7288.14,1000,BUDGET PHONE
28-08-2020,2020-2021,2,P/M/A67,MOBILE PAYMENTS,MOBILE,1,9516.1,9516.1,10516.1,11016.1,1500,BUDGET PHONE
28-08-2020,2020-2021,2,P/M/A79,MOBILE PAYMENTS,MOBILE,1,101550,101550,102550,103050,1500,LUXURY PHONE
28-08-2020,2020-2021,2,P/T/S11,CREDIT,TABLET,1,32398.3,32398.3,33398.3,33898.3,1500,PREMIUM MIDRANGE TAB
31-08-2020,2020-2021,2,P/A/22,CREDIT,ACCESSORY,1,408.48,408.48,508.48,1008.48,600,CHARGER 
31-08-2020,2020-2021,2,P/M/A77,CREDIT,MOBILE,1,69034.74,69034.74,70034.74,70534.74,1500,FLAGSHIP PHONE
31-08-2020,2020-2021,2,P/M/A79,DEBIT,MOBILE,1,101550,101550,102550,103050,1500,LUXURY PHONE
7/7/2019,2019-2020,2,P/M/A15,DEBIT,MOBILE,1,24383.92,24383.92,25383.92,25883.92,1500,MIDRANGE PHONE
11/7/2019,2019-2020,2,P/M/A15,DEBIT,MOBILE,1,24383.92,24383.92,25383.92,25883.92,1500,MIDRANGE PHONE
1/9/2020,2020-2021,2,P/A/6,CREDIT,ACCESSORY,1,26033.9,26033.9,27033.9,27533.9,1500,GALAXY WATCH
1/9/2020,2020-2021,2,P/M/A5,DEBIT,MOBILE,1,11203.38,11203.38,12203.38,12703.38,1500,BUDGET PHONE
2/9/2020,2020-2021,2,P/T/S2,MOBILE PAYMENTS,TABLET,1,9161.02,9161.02,9661.02,10161.02,1000,BUDGET TABLET
3/9/2020,2020-2021,2,P/A/47,MOBILE PAYMENTS,ACCESSORY,1,1518.64,1518.64,1618.64,2118.64,600,WIRELESS HEADSET
3/9/2020,2020-2021,2,P/M/A24,DEBIT,MOBILE,1,849.16,849.16,949.16,1449.16,600,BUDGET PHONE
3/9/2020,2020-2021,2,P/M/A73,CREDIT,MOBILE,1,32397.46,32397.46,33397.46,33897.46,1500,PREMIUM MIDRANGE PHONE
4/9/2020,2020-2021,2,P/M/A78,MOBILE PAYMENTS,MOBILE,1,64600.84,64600.84,65600.84,66100.84,1500,FLAGSHIP PHONE
12/7/2019,2019-2020,2,P/M/A15,DEBIT,MOBILE,1,24383.92,24383.92,25383.92,25883.92,1500,MIDRANGE PHONE
17-07-2019,2019-2020,2,P/M/A15,DEBIT,MOBILE,1,24383.92,24383.92,25383.92,25883.92,1500,MIDRANGE PHONE
5/9/2020,2020-2021,2,P/M/A5,DEBIT,MOBILE,1,11211.02,11211.02,12211.02,12711.02,1500,BUDGET PHONE
7/9/2020,2020-2021,2,P/A/22,MOBILE PAYMENTS,ACCESSORY,1,408.48,408.48,508.48,1008.48,600,CHARGER 
7/9/2020,2020-2021,2,P/M/A67,DEBIT,MOBILE,1,9728.82,9728.82,10728.82,11228.82,1500,BUDGET PHONE
7/9/2020,2020-2021,2,P/M/A79,DEBIT,MOBILE,1,101550,101550,102550,103050,1500,LUXURY PHONE
18-07-2019,2019-2020,2,P/M/A15,DEBIT,MOBILE,1,24383.92,24383.92,25383.92,25883.92,1500,MIDRANGE PHONE
19-07-2019,2019-2020,2,P/M/A15,DEBIT,MOBILE,1,24383.92,24383.92,25383.92,25883.92,1500,MIDRANGE PHONE
28-07-2019,2019-2020,2,P/M/A15,CREDIT,MOBILE,1,24383.92,24383.92,25383.92,25883.92,1500,MIDRANGE PHONE
8/9/2020,2020-2021,2,P/M/A23,CASH,MOBILE,1,628.82,628.82,728.82,1228.82,600,BUDGET PHONE
8/9/2020,2020-2021,2,P/M/A23,CASH,MOBILE,1,628.82,628.82,728.82,1228.82,600,BUDGET PHONE
8/9/2020,2020-2021,2,P/M/A23,DEBIT,MOBILE,1,628.82,628.82,728.82,1228.82,600,BUDGET PHONE
8/9/2020,2020-2021,2,P/M/A35,CASH,MOBILE,1,39177.12,39177.12,40177.12,40677.12,1500,PREMIUM MIDRANGE PHONE
6/8/2019,2019-2020,2,P/M/A15,MOBILE PAYMENTS,MOBILE,1,24383.92,24383.92,25383.92,25883.92,1500,MIDRANGE PHONE
8/9/2020,2020-2021,2,P/T/S2,CREDIT,TABLET,1,9161.02,9161.02,9661.02,10161.02,1000,BUDGET TABLET
9/9/2020,2020-2021,2,P/M/A48,DEBIT,MOBILE,1,64600.84,64600.84,65600.84,66100.84,1500,FLAGSHIP PHONE
9/9/2020,2020-2021,2,P/M/A5,CASH,MOBILE,1,11211.02,11211.02,12211.02,12711.02,1500,BUDGET PHONE
9/9/2020,2020-2021,2,P/M/A5,DEBIT,MOBILE,1,12482.2,12482.2,13482.2,13982.2,1500,BUDGET PHONE
9/9/2020,2020-2021,2,P/M/A78,CREDIT,MOBILE,1,64600.85,64600.85,65600.85,66100.85,1500,FLAGSHIP PHONE
10/9/2020,2020-2021,2,P/A/22,DEBIT,ACCESSORY,1,408.48,408.48,508.48,1008.48,600,CHARGER 
10/9/2020,2020-2021,2,P/A/35,CREDIT,ACCESSORY,1,1306.78,1306.78,1406.78,1906.78,600,COVER
10/9/2020,2020-2021,2,P/M/A5,CREDIT,MOBILE,1,11211.86,11211.86,12211.86,12711.86,1500,BUDGET PHONE
10/9/2020,2020-2021,2,P/M/A79,MOBILE PAYMENTS,MOBILE,1,101550,101550,102550,103050,1500,LUXURY PHONE
11/8/2019,2019-2020,2,P/M/A15,DEBIT,MOBILE,1,24383.92,24383.92,25383.92,25883.92,1500,MIDRANGE PHONE
11/9/2020,2020-2021,2,P/M/A66,MOBILE PAYMENTS,MOBILE,1,5991.52,5991.52,6491.52,6991.52,1000,BUDGET PHONE
11/8/2019,2019-2020,2,P/M/A15,CREDIT,MOBILE,1,24383.92,24383.92,25383.92,25883.92,1500,MIDRANGE PHONE
12/9/2020,2020-2021,2,P/A/10,CREDIT,ACCESSORY,1,48152.54,48152.54,49152.54,49652.54,1500,GALAXY WATCH
12/9/2020,2020-2021,2,P/M/A48,MOBILE PAYMENTS,MOBILE,1,64600.84,64600.84,65600.84,66100.84,1500,FLAGSHIP PHONE
14-08-2019,2019-2020,2,P/M/A15,CASH,MOBILE,1,24383.92,24383.92,25383.92,25883.92,1500,MIDRANGE PHONE
13-09-2020,2020-2021,2,P/M/A5,CASH,MOBILE,1,11211.86,11211.86,12211.86,12711.86,1500,BUDGET PHONE
14-09-2020,2020-2021,2,P/M/A24,CREDIT,MOBILE,1,849.16,849.16,949.16,1449.16,600,BUDGET PHONE
15-09-2020,2020-2021,2,P/M/A81,MOBILE PAYMENTS,MOBILE,1,10999,10999,11999,12499,1500,BUDGET PHONE
16-09-2020,2020-2021,2,P/M/A5,CASH,MOBILE,1,11211.02,11211.02,12211.02,12711.02,1500,BUDGET PHONE
17-09-2020,2020-2021,2,P/A/35,CASH,ACCESSORY,1,1603.38,1603.38,1703.38,2203.38,600,COVER
17-09-2020,2020-2021,2,P/A/35,CASH,ACCESSORY,1,1603.38,1603.38,1703.38,2203.38,600,COVER
18-08-2019,2019-2020,2,P/M/A15,DEBIT,MOBILE,1,24383.92,24383.92,25383.92,25883.92,1500,MIDRANGE PHONE
17-09-2020,2020-2021,2,P/M/A23,MOBILE PAYMENTS,MOBILE,1,628.82,628.82,728.82,1228.82,600,BUDGET PHONE
20-08-2019,2019-2020,2,P/M/A15,DEBIT,MOBILE,1,24383.92,24383.92,25383.92,25883.92,1500,MIDRANGE PHONE
18-09-2020,2020-2021,2,P/A/44,MOBILE PAYMENTS,ACCESSORY,1,6618.64,6618.64,7118.64,7618.64,1000,WIRELESS EARPHONES
23-08-2019,2019-2020,2,P/M/A15,CREDIT,MOBILE,1,24383.92,24383.92,25383.92,25883.92,1500,MIDRANGE PHONE
19-09-2020,2020-2021,2,P/M/A67,MOBILE PAYMENTS,MOBILE,1,9168.64,9168.64,9668.64,10168.64,1000,BUDGET PHONE
20-09-2020,2020-2021,2,P/A/47,DEBIT,ACCESSORY,1,1518.64,1518.64,1618.64,2118.64,600,WIRELESS HEADSET
20-09-2020,2020-2021,2,P/M/A78,DEBIT,MOBILE,1,64600.84,64600.84,65600.84,66100.84,1500,FLAGSHIP PHONE
21-09-2020,2020-2021,2,P/A/10,CREDIT,ACCESSORY,1,48152.54,48152.54,49152.54,49652.54,1500,GALAXY WATCH
28-08-2019,2019-2020,2,P/M/A15,MOBILE PAYMENTS,MOBILE,1,24383.92,24383.92,25383.92,25883.92,1500,MIDRANGE PHONE
21-09-2020,2020-2021,2,P/M/A67,CREDIT,MOBILE,1,9516.1,9516.1,10516.1,11016.1,1500,BUDGET PHONE
22-09-2020,2020-2021,2,P/M/A2,DEBIT,MOBILE,1,7033.9,7033.9,7533.9,8033.9,1000,BUDGET PHONE
22-09-2020,2020-2021,2,P/M/A67,DEBIT,MOBILE,1,9516.1,9516.1,10516.1,11016.1,1500,BUDGET PHONE
23-09-2020,2020-2021,2,P/M/A5,DEBIT,MOBILE,1,12482.2,12482.2,13482.2,13982.2,1500,BUDGET PHONE
23-09-2020,2020-2021,2,P/M/A66,CASH,MOBILE,1,5778.82,5778.82,6278.82,6778.82,1000,BUDGET PHONE
25-09-2020,2020-2021,2,P/M/A73,DEBIT,MOBILE,1,32397.46,32397.46,33397.46,33897.46,1500,PREMIUM MIDRANGE PHONE
30-08-2019,2019-2020,2,P/M/A15,DEBIT,MOBILE,1,24383.92,24383.92,25383.92,25883.92,1500,MIDRANGE PHONE
1/9/2019,2019-2020,2,P/M/A15,DEBIT,MOBILE,1,24383.92,24383.92,25383.92,25883.92,1500,MIDRANGE PHONE
26-09-2020,2020-2021,2,P/T/S2,CREDIT,TABLET,1,9161.02,9161.02,9661.02,10161.02,1000,BUDGET TABLET
27-09-2020,2020-2021,2,P/A/44,MOBILE PAYMENTS,ACCESSORY,1,6627.12,6627.12,7127.12,7627.12,1000,WIRELESS EARPHONES
8/9/2019,2019-2020,2,P/M/A15,CREDIT,MOBILE,1,24383.92,24383.92,25383.92,25883.92,1500,MIDRANGE PHONE
24-09-2019,2019-2020,2,P/M/A15,DEBIT,MOBILE,1,24383.92,24383.92,25383.92,25883.92,1500,MIDRANGE PHONE
27-09-2020,2020-2021,2,P/M/A5,DEBIT,MOBILE,1,11211.02,11211.02,12211.02,12711.02,1500,BUDGET PHONE
27-09-2020,2020-2021,2,P/M/A67,DEBIT,MOBILE,1,9168.64,9168.64,9668.64,10168.64,1000,BUDGET PHONE
29-09-2020,2020-2021,2,P/M/A5,CREDIT,MOBILE,1,11211.02,11211.02,12211.02,12711.02,1500,BUDGET PHONE
29-09-2020,2020-2021,2,P/M/A67,CASH,MOBILE,1,9254.24,9254.24,9754.24,10254.24,1000,BUDGET PHONE
27-08-2019,2019-2020,2,P/M/A16,CASH,MOBILE,1,24391.96,24391.96,25391.96,25891.96,1500,MIDRANGE PHONE
14-07-2018,2018-2019,2,P/M/A37,MOBILE PAYMENTS,MOBILE,1,24571.42,24571.42,25571.42,26071.42,1500,MIDRANGE PHONE
10/7/2020,2020-2021,2,P/M/A17,CREDIT,MOBILE,1,24770.34,24770.34,25770.34,26270.34,1500,MIDRANGE PHONE
28-07-2020,2020-2021,2,P/M/A17,CREDIT,MOBILE,1,24770.34,24770.34,25770.34,26270.34,1500,MIDRANGE PHONE
29-07-2020,2020-2021,2,P/M/A17,CREDIT,MOBILE,1,24770.34,24770.34,25770.34,26270.34,1500,MIDRANGE PHONE
6/8/2020,2020-2021,2,P/M/A17,MOBILE PAYMENTS,MOBILE,1,24770.34,24770.34,25770.34,26270.34,1500,MIDRANGE PHONE
14-08-2020,2020-2021,2,P/M/A17,CREDIT,MOBILE,1,24770.34,24770.34,25770.34,26270.34,1500,MIDRANGE PHONE
24-08-2020,2020-2021,2,P/M/A17,CASH,MOBILE,1,24770.34,24770.34,25770.34,26270.34,1500,MIDRANGE PHONE
28-07-2020,2020-2021,2,P/M/A80,DEBIT,MOBILE,1,27617.8,27617.8,28617.8,29117.8,1500,MIDRANGE PHONE
31-08-2020,2020-2021,2,P/M/A80,MOBILE PAYMENTS,MOBILE,1,27617.8,27617.8,28617.8,29117.8,1500,MIDRANGE PHONE
4/9/2020,2020-2021,2,P/M/A80,DEBIT,MOBILE,1,27617.8,27617.8,28617.8,29117.8,1500,MIDRANGE PHONE
12/9/2020,2020-2021,2,P/M/A80,MOBILE PAYMENTS,MOBILE,1,27617.8,27617.8,28617.8,29117.8,1500,MIDRANGE PHONE
18-09-2020,2020-2021,2,P/M/A80,CREDIT,MOBILE,1,27617.8,27617.8,28617.8,29117.8,1500,MIDRANGE PHONE
25-09-2020,2020-2021,2,P/M/A80,CASH,MOBILE,1,27617.8,27617.8,28617.8,29117.8,1500,MIDRANGE PHONE
25-09-2020,2020-2021,2,P/M/A80,CREDIT,MOBILE,1,27617.8,27617.8,28617.8,29117.8,1500,MIDRANGE PHONE
2/7/2020,2020-2021,2,P/M/A17,MOBILE PAYMENTS,MOBILE,1,25650.84,25650.84,26650.84,27150.84,1500,MIDRANGE PHONE
7/9/2019,2019-2020,2,P/T/S8,MOBILE PAYMENTS,TABLET,1,26042.38,26042.38,27042.38,27542.38,1500,MIDRANGE TAB
7/7/2018,2018-2019,2,P/M/A19,DEBIT,MOBILE,1,26169.64,26169.64,27169.64,27669.64,1500,MIDRANGE PHONE
13-07-2018,2018-2019,2,P/M/A19,CREDIT,MOBILE,1,26169.64,26169.64,27169.64,27669.64,1500,MIDRANGE PHONE
20-07-2018,2018-2019,2,P/M/A19,DEBIT,MOBILE,1,26169.64,26169.64,27169.64,27669.64,1500,MIDRANGE PHONE
12/8/2018,2018-2019,2,P/M/A19,DEBIT,MOBILE,1,26169.64,26169.64,27169.64,27669.64,1500,MIDRANGE PHONE
26-08-2018,2018-2019,2,P/M/A19,CREDIT,MOBILE,1,26169.64,26169.64,27169.64,27669.64,1500,MIDRANGE PHONE
8/9/2018,2018-2019,2,P/M/A19,DEBIT,MOBILE,1,26169.64,26169.64,27169.64,27669.64,1500,MIDRANGE PHONE
10/7/2020,2020-2021,2,P/M/A17,MOBILE PAYMENTS,MOBILE,1,26465.25,26465.25,27465.25,27965.25,1500,MIDRANGE PHONE
2/7/2020,2020-2021,2,P/M/A17,CASH,MOBILE,1,26465.26,26465.26,27465.26,27965.26,1500,MIDRANGE PHONE
8/7/2020,2020-2021,2,P/M/A17,CASH,MOBILE,1,26465.26,26465.26,27465.26,27965.26,1500,MIDRANGE PHONE
8/7/2020,2020-2021,2,P/M/A17,MOBILE PAYMENTS,MOBILE,1,26465.26,26465.26,27465.26,27965.26,1500,MIDRANGE PHONE
3/8/2020,2020-2021,2,P/M/A17,CREDIT,MOBILE,1,26465.26,26465.26,27465.26,27965.26,1500,MIDRANGE PHONE
8/7/2020,2020-2021,2,P/M/A17,DEBIT,MOBILE,1,26466.1,26466.1,27466.1,27966.1,1500,MIDRANGE PHONE
12/11/2018,2018-2019,3,P/M/A64,MOBILE PAYMENTS,MOBILE,1,13669.64,13669.64,14669.64,15169.64,1500,MIDRANGE PHONE
8/10/2019,2019-2020,3,P/M/A7,MOBILE PAYMENTS,MOBILE,1,13669.64,13669.64,14669.64,15169.64,1500,MIDRANGE PHONE
13-11-2019,2019-2020,3,P/M/A7,CREDIT,MOBILE,1,13669.64,13669.64,14669.64,15169.64,1500,MIDRANGE PHONE
2/10/2019,2019-2020,3,P/M/A8,CREDIT,MOBILE,1,13677.68,13677.68,14677.68,15177.68,1500,MIDRANGE PHONE
2/10/2019,2019-2020,3,P/M/A8,CREDIT,MOBILE,1,13677.68,13677.68,14677.68,15177.68,1500,MIDRANGE PHONE
6/10/2019,2019-2020,3,P/M/A8,DEBIT,MOBILE,1,13677.68,13677.68,14677.68,15177.68,1500,MIDRANGE PHONE
6/10/2019,2019-2020,3,P/M/A8,CREDIT,MOBILE,1,13677.68,13677.68,14677.68,15177.68,1500,MIDRANGE PHONE
14-10-2019,2019-2020,3,P/M/A8,DEBIT,MOBILE,1,13677.68,13677.68,14677.68,15177.68,1500,MIDRANGE PHONE
14-10-2019,2019-2020,3,P/M/A8,MOBILE PAYMENTS,MOBILE,1,13677.68,13677.68,14677.68,15177.68,1500,MIDRANGE PHONE
20-10-2019,2019-2020,3,P/M/A8,DEBIT,MOBILE,1,13677.68,13677.68,14677.68,15177.68,1500,MIDRANGE PHONE
20-10-2019,2019-2020,3,P/M/A8,DEBIT,MOBILE,1,13677.68,13677.68,14677.68,15177.68,1500,MIDRANGE PHONE
21-10-2019,2019-2020,3,P/M/A8,CREDIT,MOBILE,1,13677.68,13677.68,14677.68,15177.68,1500,MIDRANGE PHONE
22-10-2019,2019-2020,3,P/M/A8,CREDIT,MOBILE,1,13677.68,13677.68,14677.68,15177.68,1500,MIDRANGE PHONE
30-10-2019,2019-2020,3,P/M/A8,DEBIT,MOBILE,1,13677.68,13677.68,14677.68,15177.68,1500,MIDRANGE PHONE
1/11/2019,2019-2020,3,P/M/A8,DEBIT,MOBILE,1,13677.68,13677.68,14677.68,15177.68,1500,MIDRANGE PHONE
10/11/2019,2019-2020,3,P/M/A8,MOBILE PAYMENTS,MOBILE,1,13677.68,13677.68,14677.68,15177.68,1500,MIDRANGE PHONE
11/11/2019,2019-2020,3,P/M/A8,DEBIT,MOBILE,1,13677.68,13677.68,14677.68,15177.68,1500,MIDRANGE PHONE
11/11/2019,2019-2020,3,P/M/A8,DEBIT,MOBILE,1,13677.68,13677.68,14677.68,15177.68,1500,MIDRANGE PHONE
16-11-2019,2019-2020,3,P/M/A8,DEBIT,MOBILE,1,13677.68,13677.68,14677.68,15177.68,1500,MIDRANGE PHONE
19-11-2019,2019-2020,3,P/M/A8,MOBILE PAYMENTS,MOBILE,1,13677.68,13677.68,14677.68,15177.68,1500,MIDRANGE PHONE
24-11-2019,2019-2020,3,P/M/A8,DEBIT,MOBILE,1,13677.68,13677.68,14677.68,15177.68,1500,MIDRANGE PHONE
11/11/2018,2018-2019,3,P/T/S4,CASH,TABLET,1,13745.76,13745.76,14745.76,15245.76,1500,MIDRANGE TAB
7/12/2018,2018-2019,3,P/T/S4,CREDIT,TABLET,1,13745.76,13745.76,14745.76,15245.76,1500,MIDRANGE TAB
11/11/2020,2020-2021,3,P/M/A9,MOBILE PAYMENTS,MOBILE,1,23753.38,23753.38,24753.38,25253.38,1500,MIDRANGE PHONE
31-12-2020,2020-2021,3,P/M/A9,DEBIT,MOBILE,1,23753.38,23753.38,24753.38,25253.38,1500,MIDRANGE PHONE
25-11-2018,2018-2019,3,P/T/S4,CASH,TABLET,1,13754.24,13754.24,14754.24,15254.24,1500,MIDRANGE TAB
16-11-2018,2018-2019,3,P/M/A64,CASH,MOBILE,1,14125,14125,15125,15625,1500,MIDRANGE PHONE
17-11-2020,2020-2021,3,P/M/A70,DEBIT,MOBILE,1,14177.12,14177.12,15177.12,15677.12,1500,MIDRANGE PHONE
2/10/2018,2018-2019,3,P/M/A64,DEBIT,MOBILE,1,14562.5,14562.5,15562.5,16062.5,1500,MIDRANGE PHONE
6/10/2018,2018-2019,3,P/M/A64,CASH,MOBILE,1,14562.5,14562.5,15562.5,16062.5,1500,MIDRANGE PHONE
9/10/2018,2018-2019,3,P/M/A64,CREDIT,MOBILE,1,14562.5,14562.5,15562.5,16062.5,1500,MIDRANGE PHONE
21-10-2018,2018-2019,3,P/M/A64,MOBILE PAYMENTS,MOBILE,1,14562.5,14562.5,15562.5,16062.5,1500,MIDRANGE PHONE
5/11/2018,2018-2019,3,P/M/A64,DEBIT,MOBILE,1,14562.5,14562.5,15562.5,16062.5,1500,MIDRANGE PHONE
6/11/2018,2018-2019,3,P/M/A64,CREDIT,MOBILE,1,14562.5,14562.5,15562.5,16062.5,1500,MIDRANGE PHONE
14-11-2018,2018-2019,3,P/M/A64,CASH,MOBILE,1,14562.5,14562.5,15562.5,16062.5,1500,MIDRANGE PHONE
15-11-2018,2018-2019,3,P/M/A64,CREDIT,MOBILE,1,14562.5,14562.5,15562.5,16062.5,1500,MIDRANGE PHONE
2/12/2018,2018-2019,3,P/M/A64,MOBILE PAYMENTS,MOBILE,1,14562.5,14562.5,15562.5,16062.5,1500,MIDRANGE PHONE
13-12-2020,2020-2021,3,P/M/A9,MOBILE PAYMENTS,MOBILE,1,15364.4,15364.4,16364.4,16864.4,1500,MIDRANGE PHONE
5/11/2018,2018-2019,3,P/M/A63,DEBIT,MOBILE,1,15375,15375,16375,16875,1500,MIDRANGE PHONE
1/10/2018,2018-2019,3,P/M/A56,CREDIT,MOBILE,1,4366.08,4366.08,4866.08,5366.08,1000,BUDGET PHONE
1/10/2018,2018-2019,3,P/M/A58,MOBILE PAYMENTS,MOBILE,1,8526.78,8526.78,9026.78,9526.78,1000,BUDGET PHONE
1/10/2018,2018-2019,3,P/M/A59,CREDIT,MOBILE,1,10991.08,10991.08,11991.08,12491.08,1500,BUDGET PHONE
2/10/2019,2019-2020,3,P/T/S6,CREDIT,TABLET,1,15448.3,15448.3,16448.3,16948.3,1500,MIDRANGE TAB
2/10/2018,2018-2019,3,P/M/A23,MOBILE PAYMENTS,MOBILE,1,650,650,750,1250,600,BUDGET PHONE
2/10/2018,2018-2019,3,P/M/A59,CREDIT,MOBILE,1,10991.08,10991.08,11991.08,12491.08,1500,BUDGET PHONE
2/10/2018,2018-2019,3,P/M/A60,CREDIT,MOBILE,1,12776.78,12776.78,13776.78,14276.78,1500,BUDGET PHONE
2/10/2018,2018-2019,3,P/M/A62,CREDIT,MOBILE,1,12360.72,12360.72,13360.72,13860.72,1500,BUDGET PHONE
18-10-2019,2019-2020,3,P/T/S6,CASH,TABLET,1,15448.3,15448.3,16448.3,16948.3,1500,MIDRANGE TAB
3/10/2018,2018-2019,3,P/M/A23,DEBIT,MOBILE,1,650,650,750,1250,600,BUDGET PHONE
3/10/2018,2018-2019,3,P/M/A42,MOBILE PAYMENTS,MOBILE,1,50196.42,50196.42,51196.42,51696.42,1500,FLAGSHIP PHONE
3/10/2018,2018-2019,3,P/M/A57,DEBIT,MOBILE,1,8812.5,8812.5,9312.5,9812.5,1000,BUDGET PHONE
4/10/2018,2018-2019,3,P/A/19,CASH,ACCESSORY,1,585.6,585.6,685.6,1185.6,600,BATTERY
4/10/2018,2018-2019,3,P/M/A58,CASH,MOBILE,1,8464.28,8464.28,8964.28,9464.28,1000,BUDGET PHONE
24-10-2019,2019-2020,3,P/T/S6,DEBIT,TABLET,1,15448.3,15448.3,16448.3,16948.3,1500,MIDRANGE TAB
5/10/2018,2018-2019,3,P/M/A42,MOBILE PAYMENTS,MOBILE,1,53767.86,53767.86,54767.86,55267.86,1500,FLAGSHIP PHONE
5/10/2018,2018-2019,3,P/M/A55,DEBIT,MOBILE,1,5428.58,5428.58,5928.58,6428.58,1000,BUDGET PHONE
6/10/2018,2018-2019,3,P/M/A55,MOBILE PAYMENTS,MOBILE,1,5875,5875,6375,6875,1000,BUDGET PHONE
6/10/2018,2018-2019,3,P/M/A59,CREDIT,MOBILE,1,10991.08,10991.08,11991.08,12491.08,1500,BUDGET PHONE
6/10/2018,2018-2019,3,P/M/A60,CREDIT,MOBILE,1,12776.79,12776.79,13776.79,14276.79,1500,BUDGET PHONE
5/12/2019,2019-2020,3,P/T/S6,MOBILE PAYMENTS,TABLET,1,15448.3,15448.3,16448.3,16948.3,1500,MIDRANGE TAB
7/10/2018,2018-2019,3,P/A/15,DEBIT,ACCESSORY,1,416.94,416.94,516.94,1016.94,600,BATTERY
7/10/2018,2018-2019,3,P/A/22,CREDIT,ACCESSORY,1,408.48,408.48,508.48,1008.48,600,CHARGER 
7/10/2018,2018-2019,3,P/A/35,CASH,ACCESSORY,1,1942.38,1942.38,2042.38,2542.38,600,COVER
7/10/2018,2018-2019,3,P/M/A57,MOBILE PAYMENTS,MOBILE,1,8812.5,8812.5,9312.5,9812.5,1000,BUDGET PHONE
7/10/2018,2018-2019,3,P/M/A60,CREDIT,MOBILE,1,12776.78,12776.78,13776.78,14276.78,1500,BUDGET PHONE
8/10/2018,2018-2019,3,P/A/47,CASH,ACCESSORY,1,1349.16,1349.16,1449.16,1949.16,600,WIRELESS HEADSET
8/10/2018,2018-2019,3,P/M/A59,MOBILE PAYMENTS,MOBILE,1,10991.08,10991.08,11991.08,12491.08,1500,BUDGET PHONE
9/10/2018,2018-2019,3,P/A/19,MOBILE PAYMENTS,ACCESSORY,1,585.6,585.6,685.6,1185.6,600,BATTERY
9/10/2018,2018-2019,3,P/A/47,DEBIT,ACCESSORY,1,1518.64,1518.64,1618.64,2118.64,600,WIRELESS HEADSET
9/10/2018,2018-2019,3,P/M/A55,CREDIT,MOBILE,1,5875,5875,6375,6875,1000,BUDGET PHONE
21-12-2019,2019-2020,3,P/T/S6,MOBILE PAYMENTS,TABLET,1,15448.3,15448.3,16448.3,16948.3,1500,MIDRANGE TAB
9/10/2018,2018-2019,3,P/M/A75,MOBILE PAYMENTS,MOBILE,1,59125,59125,60125,60625,1500,FLAGSHIP PHONE
10/10/2018,2018-2019,3,P/M/A59,CASH,MOBILE,1,10991.08,10991.08,11991.08,12491.08,1500,BUDGET PHONE
10/10/2018,2018-2019,3,P/M/A59,MOBILE PAYMENTS,MOBILE,1,10991.08,10991.08,11991.08,12491.08,1500,BUDGET PHONE
11/10/2018,2018-2019,3,P/A/19,MOBILE PAYMENTS,ACCESSORY,1,585.6,585.6,685.6,1185.6,600,BATTERY
12/10/2018,2018-2019,3,P/A/47,DEBIT,ACCESSORY,1,1433.9,1433.9,1533.9,2033.9,600,WIRELESS HEADSET
12/10/2018,2018-2019,3,P/M/A59,MOBILE PAYMENTS,MOBILE,1,10627.68,10627.68,11627.68,12127.68,1500,BUDGET PHONE
13-10-2018,2018-2019,3,P/A/35,CASH,ACCESSORY,1,1942.38,1942.38,2042.38,2542.38,600,COVER
13-10-2018,2018-2019,3,P/A/35,CASH,ACCESSORY,1,2195.76,2195.76,2295.76,2795.76,600,COVER
13-10-2018,2018-2019,3,P/M/A42,CREDIT,MOBILE,1,53767.86,53767.86,54767.86,55267.86,1500,FLAGSHIP PHONE
13-10-2018,2018-2019,3,P/M/A57,CREDIT,MOBILE,1,8812.5,8812.5,9312.5,9812.5,1000,BUDGET PHONE
13-10-2018,2018-2019,3,P/M/A59,DEBIT,MOBILE,1,9651.78,9651.78,10651.78,11151.78,1500,BUDGET PHONE
13-10-2018,2018-2019,3,P/M/A59,DEBIT,MOBILE,1,10991.08,10991.08,11991.08,12491.08,1500,BUDGET PHONE
13-10-2018,2018-2019,3,P/M/A60,CREDIT,MOBILE,1,12776.78,12776.78,13776.78,14276.78,1500,BUDGET PHONE
14-10-2018,2018-2019,3,P/M/A23,CREDIT,MOBILE,1,650,650,750,1250,600,BUDGET PHONE
14-10-2018,2018-2019,3,P/M/A57,MOBILE PAYMENTS,MOBILE,1,7026.78,7026.78,7526.78,8026.78,1000,BUDGET PHONE
14-10-2018,2018-2019,3,P/M/A59,MOBILE PAYMENTS,MOBILE,1,9651.78,9651.78,10651.78,11151.78,1500,BUDGET PHONE
14-10-2018,2018-2019,3,P/M/A75,MOBILE PAYMENTS,MOBILE,1,59125,59125,60125,60625,1500,FLAGSHIP PHONE
15-10-2018,2018-2019,3,P/A/38,CREDIT,ACCESSORY,1,1942.38,1942.38,2042.38,2542.38,600,COVER
15-10-2018,2018-2019,3,P/M/A40,DEBIT,MOBILE,1,39562.5,39562.5,40562.5,41062.5,1500,PREMIUM MIDRANGE PHONE
15-10-2018,2018-2019,3,P/M/A43,CREDIT,MOBILE,1,56446.42,56446.42,57446.42,57946.42,1500,FLAGSHIP PHONE
16-10-2018,2018-2019,3,P/A/22,DEBIT,ACCESSORY,1,408.48,408.48,508.48,1008.48,600,CHARGER 
16-10-2018,2018-2019,3,P/M/A25,CASH,MOBILE,1,1208.04,1208.04,1308.04,1808.04,600,BUDGET PHONE
16-10-2018,2018-2019,3,P/M/A57,MOBILE PAYMENTS,MOBILE,1,7026.78,7026.78,7526.78,8026.78,1000,BUDGET PHONE
16-10-2018,2018-2019,3,P/M/A57,DEBIT,MOBILE,1,7026.78,7026.78,7526.78,8026.78,1000,BUDGET PHONE
16-10-2018,2018-2019,3,P/M/A75,CREDIT,MOBILE,1,59125,59125,60125,60625,1500,FLAGSHIP PHONE
1/10/2020,2020-2021,3,P/M/A9,MOBILE PAYMENTS,MOBILE,1,15448.3,15448.3,16448.3,16948.3,1500,MIDRANGE PHONE
17-10-2018,2018-2019,3,P/M/A41,DEBIT,MOBILE,1,46705.36,46705.36,47705.36,48205.36,1500,PREMIUM MIDRANGE PHONE
17-10-2018,2018-2019,3,P/M/A75,CREDIT,MOBILE,1,59125,59125,60125,60625,1500,FLAGSHIP PHONE
18-10-2018,2018-2019,3,P/A/35,CASH,ACCESSORY,1,1688.14,1688.14,1788.14,2288.14,600,COVER
3/10/2020,2020-2021,3,P/M/A9,CASH,MOBILE,1,15448.3,15448.3,16448.3,16948.3,1500,MIDRANGE PHONE
18-10-2018,2018-2019,3,P/M/A75,CREDIT,MOBILE,1,59125,59125,60125,60625,1500,FLAGSHIP PHONE
19-10-2018,2018-2019,3,P/A/47,MOBILE PAYMENTS,ACCESSORY,1,1349.16,1349.16,1449.16,1949.16,600,WIRELESS HEADSET
19-10-2018,2018-2019,3,P/A/47,DEBIT,ACCESSORY,1,1518.64,1518.64,1618.64,2118.64,600,WIRELESS HEADSET
4/10/2020,2020-2021,3,P/M/A9,MOBILE PAYMENTS,MOBILE,1,15448.3,15448.3,16448.3,16948.3,1500,MIDRANGE PHONE
19-10-2018,2018-2019,3,P/M/A59,CREDIT,MOBILE,1,10642.86,10642.86,11642.86,12142.86,1500,BUDGET PHONE
19-10-2018,2018-2019,3,P/M/A60,CASH,MOBILE,1,12776.78,12776.78,13776.78,14276.78,1500,BUDGET PHONE
20-10-2018,2018-2019,3,P/A/38,MOBILE PAYMENTS,ACCESSORY,1,2026.28,2026.28,2126.28,2626.28,600,COVER
20-10-2018,2018-2019,3,P/M/A55,MOBILE PAYMENTS,MOBILE,1,5669.64,5669.64,6169.64,6669.64,1000,BUDGET PHONE
20-10-2018,2018-2019,3,P/M/A75,MOBILE PAYMENTS,MOBILE,1,59125,59125,60125,60625,1500,FLAGSHIP PHONE
20-10-2018,2018-2019,3,P/M/A75,MOBILE PAYMENTS,MOBILE,1,59125,59125,60125,60625,1500,FLAGSHIP PHONE
21-10-2018,2018-2019,3,P/A/19,DEBIT,ACCESSORY,1,585.6,585.6,685.6,1185.6,600,BATTERY
21-10-2018,2018-2019,3,P/A/26,MOBILE PAYMENTS,ACCESSORY,1,1942.38,1942.38,2042.38,2542.38,600,CHARGER 
21-10-2018,2018-2019,3,P/A/35,CREDIT,ACCESSORY,1,1815.26,1815.26,1915.26,2415.26,600,COVER
21-10-2018,2018-2019,3,P/A/9,MOBILE PAYMENTS,ACCESSORY,1,17983.06,17983.06,18983.06,19483.06,1500,GALAXY WATCH
7/10/2020,2020-2021,3,P/M/A9,DEBIT,MOBILE,1,15448.3,15448.3,16448.3,16948.3,1500,MIDRANGE PHONE
7/10/2020,2020-2021,3,P/M/A9,CREDIT,MOBILE,1,15448.3,15448.3,16448.3,16948.3,1500,MIDRANGE PHONE
21-10-2018,2018-2019,3,P/M/A23,DEBIT,MOBILE,1,650,650,750,1250,600,BUDGET PHONE
21-10-2018,2018-2019,3,P/M/A23,CASH,MOBILE,1,650,650,750,1250,600,BUDGET PHONE
21-10-2018,2018-2019,3,P/M/A23,DEBIT,MOBILE,1,650,650,750,1250,600,BUDGET PHONE
21-10-2018,2018-2019,3,P/M/A55,CREDIT,MOBILE,1,5875,5875,6375,6875,1000,BUDGET PHONE
10/10/2020,2020-2021,3,P/T/S6,CASH,TABLET,1,25448.3,25448.3,26448.3,26948.3,1500,MIDRANGE TAB
21-10-2018,2018-2019,3,P/M/A75,DEBIT,MOBILE,1,59125,59125,60125,60625,1500,FLAGSHIP PHONE
22-10-2018,2018-2019,3,P/M/A57,CASH,MOBILE,1,7026.78,7026.78,7526.78,8026.78,1000,BUDGET PHONE
23-10-2018,2018-2019,3,P/A/22,MOBILE PAYMENTS,ACCESSORY,1,408.47,408.47,508.47,1008.47,600,CHARGER 
23-10-2018,2018-2019,3,P/A/35,CREDIT,ACCESSORY,1,1772.88,1772.88,1872.88,2372.88,600,COVER
23-10-2018,2018-2019,3,P/M/A23,MOBILE PAYMENTS,MOBILE,1,650,650,750,1250,600,BUDGET PHONE
23-10-2018,2018-2019,3,P/M/A56,CREDIT,MOBILE,1,4357.14,4357.14,4857.14,5357.14,1000,BUDGET PHONE
24-10-2018,2018-2019,3,P/A/22,MOBILE PAYMENTS,ACCESSORY,1,408.48,408.48,508.48,1008.48,600,CHARGER 
24-10-2018,2018-2019,3,P/A/47,DEBIT,ACCESSORY,1,1349.16,1349.16,1449.16,1949.16,600,WIRELESS HEADSET
24-10-2018,2018-2019,3,P/M/A56,CREDIT,MOBILE,1,4526.78,4526.78,5026.78,5526.78,1000,BUDGET PHONE
24-10-2018,2018-2019,3,P/M/A60,CASH,MOBILE,1,12776.78,12776.78,13776.78,14276.78,1500,BUDGET PHONE
26-10-2018,2018-2019,3,P/A/22,CASH,ACCESSORY,1,408.48,408.48,508.48,1008.48,600,CHARGER 
26-10-2018,2018-2019,3,P/M/A59,MOBILE PAYMENTS,MOBILE,1,9651.78,9651.78,10651.78,11151.78,1500,BUDGET PHONE
26-10-2018,2018-2019,3,P/M/A59,MOBILE PAYMENTS,MOBILE,1,10642.86,10642.86,11642.86,12142.86,1500,BUDGET PHONE
27-10-2018,2018-2019,3,P/A/19,DEBIT,ACCESSORY,1,585.6,585.6,685.6,1185.6,600,BATTERY
27-10-2018,2018-2019,3,P/A/22,CREDIT,ACCESSORY,1,408.48,408.48,508.48,1008.48,600,CHARGER 
27-10-2018,2018-2019,3,P/A/26,DEBIT,ACCESSORY,1,1984.74,1984.74,2084.74,2584.74,600,CHARGER 
27-10-2018,2018-2019,3,P/A/38,CASH,ACCESSORY,1,1942.38,1942.38,2042.38,2542.38,600,COVER
27-10-2018,2018-2019,3,P/A/7,CREDIT,ACCESSORY,1,5779.66,5779.66,6279.66,6779.66,1000,GALAXY WATCH
13-10-2020,2020-2021,3,P/M/A9,DEBIT,MOBILE,1,15448.3,15448.3,16448.3,16948.3,1500,MIDRANGE PHONE
19-10-2020,2020-2021,3,P/M/A9,CREDIT,MOBILE,1,15448.3,15448.3,16448.3,16948.3,1500,MIDRANGE PHONE
20-10-2020,2020-2021,3,P/M/A9,DEBIT,MOBILE,1,15448.3,15448.3,16448.3,16948.3,1500,MIDRANGE PHONE
27-10-2018,2018-2019,3,P/M/A59,DEBIT,MOBILE,1,10627.68,10627.68,11627.68,12127.68,1500,BUDGET PHONE
27-10-2018,2018-2019,3,P/M/A60,MOBILE PAYMENTS,MOBILE,1,12776.78,12776.78,13776.78,14276.78,1500,BUDGET PHONE
27-10-2018,2018-2019,3,P/M/A60,CREDIT,MOBILE,1,11883.92,11883.92,12883.92,13383.92,1500,BUDGET PHONE
27-10-2018,2018-2019,3,P/M/A60,DEBIT,MOBILE,1,12776.78,12776.78,13776.78,14276.78,1500,BUDGET PHONE
27-10-2018,2018-2019,3,P/M/A75,CREDIT,MOBILE,1,59125,59125,60125,60625,1500,FLAGSHIP PHONE
27-10-2018,2018-2019,3,P/T/S1,CREDIT,TABLET,1,7050.84,7050.84,7550.84,8050.84,1000,BUDGET TABLET
28-10-2018,2018-2019,3,P/A/35,CASH,ACCESSORY,1,1518.64,1518.64,1618.64,2118.64,600,COVER
20-10-2020,2020-2021,3,P/M/A9,DEBIT,MOBILE,1,15448.3,15448.3,16448.3,16948.3,1500,MIDRANGE PHONE
28-10-2018,2018-2019,3,P/M/A24,MOBILE PAYMENTS,MOBILE,1,873.22,873.22,973.22,1473.22,600,BUDGET PHONE
28-10-2018,2018-2019,3,P/M/A57,DEBIT,MOBILE,1,7026.78,7026.78,7526.78,8026.78,1000,BUDGET PHONE
28-10-2018,2018-2019,3,P/M/A75,DEBIT,MOBILE,1,59125,59125,60125,60625,1500,FLAGSHIP PHONE
29-10-2018,2018-2019,3,P/A/3,CREDIT,ACCESSORY,1,23915.26,23915.26,24915.26,25415.26,1500,GALAXY WATCH
29-10-2018,2018-2019,3,P/M/A23,MOBILE PAYMENTS,MOBILE,1,650,650,750,1250,600,BUDGET PHONE
29-10-2018,2018-2019,3,P/M/A24,MOBILE PAYMENTS,MOBILE,1,850.9,850.9,950.9,1450.9,600,BUDGET PHONE
29-10-2018,2018-2019,3,P/M/A57,MOBILE PAYMENTS,MOBILE,1,7026.78,7026.78,7526.78,8026.78,1000,BUDGET PHONE
29-10-2018,2018-2019,3,P/T/S1,CREDIT,TABLET,1,7050.84,7050.84,7550.84,8050.84,1000,BUDGET TABLET
30-10-2018,2018-2019,3,P/A/35,CREDIT,ACCESSORY,1,1603.38,1603.38,1703.38,2203.38,600,COVER
30-10-2018,2018-2019,3,P/M/A43,CREDIT,MOBILE,1,60017.86,60017.86,61017.86,61517.86,1500,FLAGSHIP PHONE
31-10-2018,2018-2019,3,P/A/41,MOBILE PAYMENTS,ACCESSORY,1,1857.62,1857.62,1957.62,2457.62,600,POWER BANK
31-10-2018,2018-2019,3,P/A/47,CREDIT,ACCESSORY,1,1349.16,1349.16,1449.16,1949.16,600,WIRELESS HEADSET
31-10-2018,2018-2019,3,P/M/A42,DEBIT,MOBILE,1,50196.42,50196.42,51196.42,51696.42,1500,FLAGSHIP PHONE
25-10-2020,2020-2021,3,P/M/A9,DEBIT,MOBILE,1,15448.3,15448.3,16448.3,16948.3,1500,MIDRANGE PHONE
25-10-2020,2020-2021,3,P/M/A9,MOBILE PAYMENTS,MOBILE,1,15448.3,15448.3,16448.3,16948.3,1500,MIDRANGE PHONE
30-10-2020,2020-2021,3,P/M/A9,MOBILE PAYMENTS,MOBILE,1,15448.3,15448.3,16448.3,16948.3,1500,MIDRANGE PHONE
1/11/2018,2018-2019,3,P/M/A58,CREDIT,MOBILE,1,8464.28,8464.28,8964.28,9464.28,1000,BUDGET PHONE
2/11/2018,2018-2019,3,P/A/3,DEBIT,ACCESSORY,1,23915.26,23915.26,24915.26,25415.26,1500,GALAXY WATCH
2/11/2018,2018-2019,3,P/A/34,CASH,ACCESSORY,1,5355.08,5355.08,5855.08,6355.08,1000,COVER
1/11/2020,2020-2021,3,P/M/A9,MOBILE PAYMENTS,MOBILE,1,15448.3,15448.3,16448.3,16948.3,1500,MIDRANGE PHONE
2/11/2018,2018-2019,3,P/M/A24,CASH,MOBILE,1,828.58,828.58,928.58,1428.58,600,BUDGET PHONE
2/11/2018,2018-2019,3,P/M/A59,CASH,MOBILE,1,9651.78,9651.78,10651.78,11151.78,1500,BUDGET PHONE
2/11/2018,2018-2019,3,P/M/A60,MOBILE PAYMENTS,MOBILE,1,12776.78,12776.78,13776.78,14276.78,1500,BUDGET PHONE
2/11/2018,2018-2019,3,P/T/S10,CREDIT,TABLET,1,47567.8,47567.8,48567.8,49067.8,1500,PREMIUM MIDRANGE TAB
3/11/2018,2018-2019,3,P/A/3,MOBILE PAYMENTS,ACCESSORY,1,23915.26,23915.26,24915.26,25415.26,1500,GALAXY WATCH
3/11/2018,2018-2019,3,P/A/36,MOBILE PAYMENTS,ACCESSORY,1,1900,1900,2000,2500,600,COVER
1/11/2020,2020-2021,3,P/M/A9,DEBIT,MOBILE,1,15448.3,15448.3,16448.3,16948.3,1500,MIDRANGE PHONE
3/11/2020,2020-2021,3,P/M/A9,CREDIT,MOBILE,1,15448.3,15448.3,16448.3,16948.3,1500,MIDRANGE PHONE
3/11/2018,2018-2019,3,P/M/A56,DEBIT,MOBILE,1,4526.78,4526.78,5026.78,5526.78,1000,BUDGET PHONE
3/11/2018,2018-2019,3,P/M/A75,MOBILE PAYMENTS,MOBILE,1,59125,59125,60125,60625,1500,FLAGSHIP PHONE
4/11/2018,2018-2019,3,P/A/35,DEBIT,ACCESSORY,1,1772.88,1772.88,1872.88,2372.88,600,COVER
4/11/2020,2020-2021,3,P/M/A9,CREDIT,MOBILE,1,15448.3,15448.3,16448.3,16948.3,1500,MIDRANGE PHONE
4/11/2018,2018-2019,3,P/M/A60,MOBILE PAYMENTS,MOBILE,1,12776.78,12776.78,13776.78,14276.78,1500,BUDGET PHONE
5/11/2018,2018-2019,3,P/A/21,CREDIT,ACCESSORY,1,332.2,332.2,432.2,932.2,600,CHARGER 
11/11/2020,2020-2021,3,P/M/A9,DEBIT,MOBILE,1,15448.3,15448.3,16448.3,16948.3,1500,MIDRANGE PHONE
14-11-2020,2020-2021,3,P/M/A9,CREDIT,MOBILE,1,15448.3,15448.3,16448.3,16948.3,1500,MIDRANGE PHONE
17-11-2020,2020-2021,3,P/M/A9,MOBILE PAYMENTS,MOBILE,1,15448.3,15448.3,16448.3,16948.3,1500,MIDRANGE PHONE
5/11/2018,2018-2019,3,P/M/A23,MOBILE PAYMENTS,MOBILE,1,650,650,750,1250,600,BUDGET PHONE
5/11/2018,2018-2019,3,P/M/A43,MOBILE PAYMENTS,MOBILE,1,55553.58,55553.58,56553.58,57053.58,1500,FLAGSHIP PHONE
5/11/2018,2018-2019,3,P/M/A59,MOBILE PAYMENTS,MOBILE,1,9267.86,9267.86,9767.86,10267.86,1000,BUDGET PHONE
18-11-2020,2020-2021,3,P/M/A9,CREDIT,MOBILE,1,15448.3,15448.3,16448.3,16948.3,1500,MIDRANGE PHONE
18-11-2020,2020-2021,3,P/M/A9,MOBILE PAYMENTS,MOBILE,1,15448.3,15448.3,16448.3,16948.3,1500,MIDRANGE PHONE
6/11/2018,2018-2019,3,P/A/16,DEBIT,ACCESSORY,1,924.58,924.58,1024.58,1524.58,600,BATTERY
6/11/2018,2018-2019,3,P/A/46,CREDIT,ACCESSORY,1,9932.2,9932.2,10932.2,11432.2,1500,WIRELESS EARPHONES
12/12/2020,2020-2021,3,P/M/A9,DEBIT,MOBILE,1,15448.3,15448.3,16448.3,16948.3,1500,MIDRANGE PHONE
19-12-2020,2020-2021,3,P/M/A9,DEBIT,MOBILE,1,15448.3,15448.3,16448.3,16948.3,1500,MIDRANGE PHONE
6/11/2018,2018-2019,3,P/M/A59,CREDIT,MOBILE,1,10627.68,10627.68,11627.68,12127.68,1500,BUDGET PHONE
6/11/2018,2018-2019,3,P/M/A59,CASH,MOBILE,1,9651.78,9651.78,10651.78,11151.78,1500,BUDGET PHONE
30-12-2020,2020-2021,3,P/M/A9,CASH,MOBILE,1,15448.3,15448.3,16448.3,16948.3,1500,MIDRANGE PHONE
7/11/2018,2018-2019,3,P/A/22,CASH,ACCESSORY,1,408.48,408.48,508.48,1008.48,600,CHARGER 
7/11/2018,2018-2019,3,P/A/3,MOBILE PAYMENTS,ACCESSORY,1,23915.26,23915.26,24915.26,25415.26,1500,GALAXY WATCH
7/11/2018,2018-2019,3,P/A/35,CREDIT,ACCESSORY,1,1518.64,1518.64,1618.64,2118.64,600,COVER
7/11/2018,2018-2019,3,P/M/A56,MOBILE PAYMENTS,MOBILE,1,4526.78,4526.78,5026.78,5526.78,1000,BUDGET PHONE
7/11/2018,2018-2019,3,P/M/A58,DEBIT,MOBILE,1,6580.36,6580.36,7080.36,7580.36,1000,BUDGET PHONE
7/11/2018,2018-2019,3,P/M/A59,MOBILE PAYMENTS,MOBILE,1,9267.86,9267.86,9767.86,10267.86,1000,BUDGET PHONE
7/11/2018,2018-2019,3,P/M/A59,CREDIT,MOBILE,1,9267.86,9267.86,9767.86,10267.86,1000,BUDGET PHONE
7/11/2018,2018-2019,3,P/M/A59,CREDIT,MOBILE,1,10627.68,10627.68,11627.68,12127.68,1500,BUDGET PHONE
7/11/2018,2018-2019,3,P/M/A60,CASH,MOBILE,1,12776.78,12776.78,13776.78,14276.78,1500,BUDGET PHONE
7/11/2018,2018-2019,3,P/M/A60,CREDIT,MOBILE,1,12776.78,12776.78,13776.78,14276.78,1500,BUDGET PHONE
7/11/2018,2018-2019,3,P/M/A75,DEBIT,MOBILE,1,59125,59125,60125,60625,1500,FLAGSHIP PHONE
8/11/2018,2018-2019,3,P/A/47,MOBILE PAYMENTS,ACCESSORY,1,1391.52,1391.52,1491.52,1991.52,600,WIRELESS HEADSET
31-12-2020,2020-2021,3,P/M/A9,MOBILE PAYMENTS,MOBILE,1,15448.3,15448.3,16448.3,16948.3,1500,MIDRANGE PHONE
8/11/2018,2018-2019,3,P/M/A23,MOBILE PAYMENTS,MOBILE,1,650,650,750,1250,600,BUDGET PHONE
8/11/2018,2018-2019,3,P/M/A55,CASH,MOBILE,1,5875,5875,6375,6875,1000,BUDGET PHONE
8/11/2018,2018-2019,3,P/M/A55,CASH,MOBILE,1,5696.42,5696.42,6196.42,6696.42,1000,BUDGET PHONE
8/11/2018,2018-2019,3,P/M/A60,CREDIT,MOBILE,1,12428.58,12428.58,13428.58,13928.58,1500,BUDGET PHONE
8/11/2018,2018-2019,3,P/M/A60,DEBIT,MOBILE,1,12776.78,12776.78,13776.78,14276.78,1500,BUDGET PHONE
9/11/2018,2018-2019,3,P/A/22,CASH,ACCESSORY,1,332.2,332.2,432.2,932.2,600,CHARGER 
9/11/2018,2018-2019,3,P/A/47,CASH,ACCESSORY,1,1306.78,1306.78,1406.78,1906.78,600,WIRELESS HEADSET
9/11/2018,2018-2019,3,P/M/A55,DEBIT,MOBILE,1,5875,5875,6375,6875,1000,BUDGET PHONE
9/11/2018,2018-2019,3,P/M/A57,MOBILE PAYMENTS,MOBILE,1,6589.28,6589.28,7089.28,7589.28,1000,BUDGET PHONE
10/11/2018,2018-2019,3,P/M/A43,MOBILE PAYMENTS,MOBILE,1,50196.42,50196.42,51196.42,51696.42,1500,FLAGSHIP PHONE
10/11/2018,2018-2019,3,P/M/A59,MOBILE PAYMENTS,MOBILE,2,7526.78,15053.56,8026.78,17053.57,2000,BUDGET PHONE
3/10/2020,2020-2021,3,P/M/A9,DEBIT,MOBILE,1,15448.31,15448.31,16448.31,16948.31,1500,MIDRANGE PHONE
15-12-2020,2020-2021,3,P/M/A9,MOBILE PAYMENTS,MOBILE,1,15448.31,15448.31,16448.31,16948.31,1500,MIDRANGE PHONE
12/11/2018,2018-2019,3,P/A/47,CREDIT,ACCESSORY,1,1349.16,1349.16,1449.16,1949.16,600,WIRELESS HEADSET
12/11/2018,2018-2019,3,P/M/A59,CASH,MOBILE,1,10627.68,10627.68,11627.68,12127.68,1500,BUDGET PHONE
13-11-2018,2018-2019,3,P/A/22,CASH,ACCESSORY,1,408.48,408.48,508.48,1008.48,600,CHARGER 
13-11-2018,2018-2019,3,P/M/A24,CREDIT,MOBILE,1,873.22,873.22,973.22,1473.22,600,BUDGET PHONE
13-11-2018,2018-2019,3,P/M/A42,MOBILE PAYMENTS,MOBILE,1,53767.86,53767.86,54767.86,55267.86,1500,FLAGSHIP PHONE
13-11-2018,2018-2019,3,P/M/A75,MOBILE PAYMENTS,MOBILE,1,59125,59125,60125,60625,1500,FLAGSHIP PHONE
14-11-2018,2018-2019,3,P/A/47,DEBIT,ACCESSORY,1,1391.52,1391.52,1491.52,1991.52,600,WIRELESS HEADSET
14-11-2018,2018-2019,3,P/A/48,DEBIT,ACCESSORY,1,586.44,586.44,686.44,1186.44,600,WIRELESS HEADSET
14-11-2018,2018-2019,3,P/M/A75,MOBILE PAYMENTS,MOBILE,1,59125,59125,60125,60625,1500,FLAGSHIP PHONE
14-11-2018,2018-2019,3,P/M/A75,CREDIT,MOBILE,1,59125,59125,60125,60625,1500,FLAGSHIP PHONE
15-11-2018,2018-2019,3,P/A/22,MOBILE PAYMENTS,ACCESSORY,1,332.2,332.2,432.2,932.2,600,CHARGER 
15-11-2018,2018-2019,3,P/A/9,DEBIT,ACCESSORY,1,17983.06,17983.06,18983.06,19483.06,1500,GALAXY WATCH
15-11-2018,2018-2019,3,P/M/A23,MOBILE PAYMENTS,MOBILE,1,650,650,750,1250,600,BUDGET PHONE
15-11-2018,2018-2019,3,P/M/A42,MOBILE PAYMENTS,MOBILE,1,53767.86,53767.86,54767.86,55267.86,1500,FLAGSHIP PHONE
15-11-2018,2018-2019,3,P/M/A57,MOBILE PAYMENTS,MOBILE,1,7026.78,7026.78,7526.78,8026.78,1000,BUDGET PHONE
15-11-2018,2018-2019,3,P/M/A57,MOBILE PAYMENTS,MOBILE,1,8812.5,8812.5,9312.5,9812.5,1000,BUDGET PHONE
15-11-2018,2018-2019,3,P/M/A59,MOBILE PAYMENTS,MOBILE,1,10627.68,10627.68,11627.68,12127.68,1500,BUDGET PHONE
16-11-2018,2018-2019,3,P/A/30,CREDIT,ACCESSORY,1,1941.52,1941.52,2041.52,2541.52,600,COVER
17-11-2018,2018-2019,3,P/A/26,DEBIT,ACCESSORY,1,2195.76,2195.76,2295.76,2795.76,600,CHARGER 
17-11-2018,2018-2019,3,P/M/A23,MOBILE PAYMENTS,MOBILE,1,650,650,750,1250,600,BUDGET PHONE
17-11-2018,2018-2019,3,P/M/A55,CREDIT,MOBILE,1,5875,5875,6375,6875,1000,BUDGET PHONE
17-11-2018,2018-2019,3,P/M/A55,CREDIT,MOBILE,1,5875,5875,6375,6875,1000,BUDGET PHONE
17-11-2018,2018-2019,3,P/M/A57,DEBIT,MOBILE,1,8812.5,8812.5,9312.5,9812.5,1000,BUDGET PHONE
17-11-2018,2018-2019,3,P/M/A60,CASH,MOBILE,1,12776.78,12776.78,13776.78,14276.78,1500,BUDGET PHONE
18-11-2018,2018-2019,3,P/A/21,DEBIT,ACCESSORY,1,332.2,332.2,432.2,932.2,600,CHARGER 
18-11-2018,2018-2019,3,P/A/3,MOBILE PAYMENTS,ACCESSORY,1,23915.26,23915.26,24915.26,25415.26,1500,GALAXY WATCH
18-11-2018,2018-2019,3,P/A/47,CASH,ACCESSORY,1,1433.9,1433.9,1533.9,2033.9,600,WIRELESS HEADSET
18-11-2018,2018-2019,3,P/M/A59,CASH,MOBILE,1,10627.68,10627.68,11627.68,12127.68,1500,BUDGET PHONE
19-11-2018,2018-2019,3,P/A/21,MOBILE PAYMENTS,ACCESSORY,1,408.48,408.48,508.48,1008.48,600,CHARGER 
19-11-2018,2018-2019,3,P/A/21,DEBIT,ACCESSORY,1,408.48,408.48,508.48,1008.48,600,CHARGER 
19-11-2018,2018-2019,3,P/M/A23,MOBILE PAYMENTS,MOBILE,1,650,650,750,1250,600,BUDGET PHONE
19-11-2018,2018-2019,3,P/M/A59,DEBIT,MOBILE,1,9651.78,9651.78,10651.78,11151.78,1500,BUDGET PHONE
20-11-2018,2018-2019,3,P/A/3,MOBILE PAYMENTS,ACCESSORY,1,23915.26,23915.26,24915.26,25415.26,1500,GALAXY WATCH
21-11-2018,2018-2019,3,P/A/47,CASH,ACCESSORY,1,1433.9,1433.9,1533.9,2033.9,600,WIRELESS HEADSET
21-11-2018,2018-2019,3,P/M/A37,MOBILE PAYMENTS,MOBILE,11,19482.14,214303.54,20482.14,230803.57,16500,MIDRANGE PHONE
21-11-2018,2018-2019,3,P/M/A75,CREDIT,MOBILE,1,59125,59125,60125,60625,1500,FLAGSHIP PHONE
22-11-2018,2018-2019,3,P/A/19,CREDIT,ACCESSORY,1,585.6,585.6,685.6,1185.6,600,BATTERY
22-11-2018,2018-2019,3,P/M/A23,CREDIT,MOBILE,1,650,650,750,1250,600,BUDGET PHONE
22-11-2018,2018-2019,3,P/M/A59,CASH,MOBILE,1,10627.68,10627.68,11627.68,12127.68,1500,BUDGET PHONE
23-11-2018,2018-2019,3,P/M/A55,MOBILE PAYMENTS,MOBILE,1,5687.5,5687.5,6187.5,6687.5,1000,BUDGET PHONE
23-11-2018,2018-2019,3,P/M/A55,CREDIT,MOBILE,1,5687.5,5687.5,6187.5,6687.5,1000,BUDGET PHONE
23-11-2018,2018-2019,3,P/M/A59,CASH,MOBILE,1,10627.68,10627.68,11627.68,12127.68,1500,BUDGET PHONE
23-11-2018,2018-2019,3,P/M/A59,CASH,MOBILE,1,9651.78,9651.78,10651.78,11151.78,1500,BUDGET PHONE
23-11-2018,2018-2019,3,P/M/A59,MOBILE PAYMENTS,MOBILE,1,9651.78,9651.78,10651.78,11151.78,1500,BUDGET PHONE
23-11-2018,2018-2019,3,P/M/A75,CREDIT,MOBILE,1,59125,59125,60125,60625,1500,FLAGSHIP PHONE
24-11-2018,2018-2019,3,P/A/29,DEBIT,ACCESSORY,1,585.6,585.6,685.6,1185.6,600,COVER
24-11-2018,2018-2019,3,P/A/34,DEBIT,ACCESSORY,1,4169.5,4169.5,4669.5,5169.5,1000,COVER
24-11-2018,2018-2019,3,P/A/47,DEBIT,ACCESSORY,1,1433.9,1433.9,1533.9,2033.9,600,WIRELESS HEADSET
24-11-2018,2018-2019,3,P/M/A23,CREDIT,MOBILE,1,650,650,750,1250,600,BUDGET PHONE
24-11-2018,2018-2019,3,P/M/A55,DEBIT,MOBILE,1,5875,5875,6375,6875,1000,BUDGET PHONE
24-11-2018,2018-2019,3,P/T/S10,MOBILE PAYMENTS,TABLET,1,47567.8,47567.8,48567.8,49067.8,1500,PREMIUM MIDRANGE TAB
25-11-2018,2018-2019,3,P/A/35,CREDIT,ACCESSORY,1,2111.86,2111.86,2211.86,2711.86,600,COVER
25-11-2018,2018-2019,3,P/M/A43,DEBIT,MOBILE,1,56446.42,56446.42,57446.42,57946.42,1500,FLAGSHIP PHONE
25-11-2018,2018-2019,3,P/M/A58,CREDIT,MOBILE,1,8812.5,8812.5,9312.5,9812.5,1000,BUDGET PHONE
26-11-2018,2018-2019,3,P/M/A59,MOBILE PAYMENTS,MOBILE,1,9258.92,9258.92,9758.92,10258.92,1000,BUDGET PHONE
26-11-2018,2018-2019,3,P/M/A64,DEBIT,MOBILE,1,12776.78,12776.78,13776.78,14276.78,1500,BUDGET PHONE
27-11-2018,2018-2019,3,P/M/A55,CASH,MOBILE,1,5687.5,5687.5,6187.5,6687.5,1000,BUDGET PHONE
28-11-2018,2018-2019,3,P/M/A24,DEBIT,MOBILE,1,882.14,882.14,982.14,1482.14,600,BUDGET PHONE
28-11-2018,2018-2019,3,P/M/A58,DEBIT,MOBILE,1,8812.5,8812.5,9312.5,9812.5,1000,BUDGET PHONE
29-11-2018,2018-2019,3,P/M/A60,CREDIT,MOBILE,1,11437.5,11437.5,12437.5,12937.5,1500,BUDGET PHONE
30-11-2018,2018-2019,3,P/M/A22,MOBILE PAYMENTS,MOBILE,1,31526.78,31526.78,32526.78,33026.78,1500,PREMIUM MIDRANGE PHONE
30-11-2018,2018-2019,3,P/M/A59,MOBILE PAYMENTS,MOBILE,1,9392.86,9392.86,10392.86,10892.86,1500,BUDGET PHONE
1/12/2018,2018-2019,3,P/M/A22,DEBIT,MOBILE,1,34205.36,34205.36,35205.36,35705.36,1500,PREMIUM MIDRANGE PHONE
1/12/2018,2018-2019,3,P/M/A24,CREDIT,MOBILE,1,873.22,873.22,973.22,1473.22,600,BUDGET PHONE
2/12/2018,2018-2019,3,P/A/15,CASH,ACCESSORY,1,416.94,416.94,516.94,1016.94,600,BATTERY
2/12/2018,2018-2019,3,P/A/35,DEBIT,ACCESSORY,1,1857.62,1857.62,1957.62,2457.62,600,COVER
2/12/2018,2018-2019,3,P/M/A42,MOBILE PAYMENTS,MOBILE,1,53767.86,53767.86,54767.86,55267.86,1500,FLAGSHIP PHONE
2/12/2018,2018-2019,3,P/M/A43,MOBILE PAYMENTS,MOBILE,1,49303.58,49303.58,50303.58,50803.58,1500,FLAGSHIP PHONE
2/12/2018,2018-2019,3,P/M/A59,CREDIT,MOBILE,1,9392.86,9392.86,10392.86,10892.86,1500,BUDGET PHONE
2/12/2018,2018-2019,3,P/M/A59,MOBILE PAYMENTS,MOBILE,1,9267.86,9267.86,9767.86,10267.86,1000,BUDGET PHONE
2/12/2018,2018-2019,3,P/M/A60,MOBILE PAYMENTS,MOBILE,1,10098.22,10098.22,11098.22,11598.22,1500,BUDGET PHONE
3/12/2018,2018-2019,3,P/A/35,DEBIT,ACCESSORY,1,1603.38,1603.38,1703.38,2203.38,600,COVER
3/12/2018,2018-2019,3,P/A/47,CREDIT,ACCESSORY,1,1433.9,1433.9,1533.9,2033.9,600,WIRELESS HEADSET
4/12/2018,2018-2019,3,P/M/A22,CASH,MOBILE,1,31526.78,31526.78,32526.78,33026.78,1500,PREMIUM MIDRANGE PHONE
4/12/2018,2018-2019,3,P/M/A24,CREDIT,MOBILE,1,882.14,882.14,982.14,1482.14,600,BUDGET PHONE
4/12/2018,2018-2019,3,P/M/A24,CREDIT,MOBILE,1,882.14,882.14,982.14,1482.14,600,BUDGET PHONE
4/12/2018,2018-2019,3,P/M/A39,CASH,MOBILE,1,30553.58,30553.58,31553.58,32053.58,1500,PREMIUM MIDRANGE PHONE
4/12/2018,2018-2019,3,P/M/A45,MOBILE PAYMENTS,MOBILE,1,58232.14,58232.14,59232.14,59732.14,1500,FLAGSHIP PHONE
6/12/2018,2018-2019,3,P/M/A22,CASH,MOBILE,1,31526.78,31526.78,32526.78,33026.78,1500,PREMIUM MIDRANGE PHONE
6/12/2018,2018-2019,3,P/M/A57,MOBILE PAYMENTS,MOBILE,1,7928.58,7928.58,8428.58,8928.58,1000,BUDGET PHONE
6/12/2018,2018-2019,3,P/M/A59,CREDIT,MOBILE,1,9258.92,9258.92,9758.92,10258.92,1000,BUDGET PHONE
7/12/2018,2018-2019,3,P/M/A58,MOBILE PAYMENTS,MOBILE,1,7919.64,7919.64,8419.64,8919.64,1000,BUDGET PHONE
7/12/2018,2018-2019,3,P/M/A58,DEBIT,MOBILE,1,7919.64,7919.64,8419.64,8919.64,1000,BUDGET PHONE
7/12/2018,2018-2019,3,P/M/A59,MOBILE PAYMENTS,MOBILE,1,9258.92,9258.92,9758.92,10258.92,1000,BUDGET PHONE
7/12/2018,2018-2019,3,P/M/A75,DEBIT,MOBILE,1,59125,59125,60125,60625,1500,FLAGSHIP PHONE
8/12/2018,2018-2019,3,P/A/19,MOBILE PAYMENTS,ACCESSORY,1,585.6,585.6,685.6,1185.6,600,BATTERY
8/12/2018,2018-2019,3,P/A/47,CREDIT,ACCESSORY,1,1518.64,1518.64,1618.64,2118.64,600,WIRELESS HEADSET
8/12/2018,2018-2019,3,P/M/A26,MOBILE PAYMENTS,MOBILE,1,2346.42,2346.42,2446.42,2946.42,600,BUDGET PHONE
9/12/2018,2018-2019,3,P/A/21,CREDIT,ACCESSORY,1,408.48,408.48,508.48,1008.48,600,CHARGER 
9/12/2018,2018-2019,3,P/M/A57,CASH,MOBILE,1,7026.78,7026.78,7526.78,8026.78,1000,BUDGET PHONE
9/12/2018,2018-2019,3,P/M/A57,CASH,MOBILE,1,6812.5,6812.5,7312.5,7812.5,1000,BUDGET PHONE
10/12/2018,2018-2019,3,P/A/13,CASH,ACCESSORY,1,416.94,416.94,516.94,1016.94,600,BATTERY
10/12/2018,2018-2019,3,P/A/3,DEBIT,ACCESSORY,1,23915.26,23915.26,24915.26,25415.26,1500,GALAXY WATCH
10/12/2018,2018-2019,3,P/A/36,MOBILE PAYMENTS,ACCESSORY,1,1942.38,1942.38,2042.38,2542.38,600,COVER
10/12/2018,2018-2019,3,P/M/A57,CASH,MOBILE,1,6812.5,6812.5,7312.5,7812.5,1000,BUDGET PHONE
10/12/2018,2018-2019,3,P/M/A64,DEBIT,MOBILE,1,12776.78,12776.78,13776.78,14276.78,1500,BUDGET PHONE
11/12/2018,2018-2019,3,P/A/26,CREDIT,ACCESSORY,1,1688.14,1688.14,1788.14,2288.14,600,CHARGER 
11/12/2018,2018-2019,3,P/M/A59,CASH,MOBILE,1,9651.78,9651.78,10651.78,11151.78,1500,BUDGET PHONE
13-12-2018,2018-2019,3,P/T/S1,CASH,TABLET,1,7050.84,7050.84,7550.84,8050.84,1000,BUDGET TABLET
14-12-2018,2018-2019,3,P/M/A60,CREDIT,MOBILE,1,10107.14,10107.14,11107.14,11607.14,1500,BUDGET PHONE
15-12-2018,2018-2019,3,P/A/19,CASH,ACCESSORY,1,585.6,585.6,685.6,1185.6,600,BATTERY
15-12-2018,2018-2019,3,P/A/47,CREDIT,ACCESSORY,1,1433.9,1433.9,1533.9,2033.9,600,WIRELESS HEADSET
15-12-2018,2018-2019,3,P/M/A24,DEBIT,MOBILE,1,873.22,873.22,973.22,1473.22,600,BUDGET PHONE
16-12-2018,2018-2019,3,P/A/15,CASH,ACCESSORY,1,315.26,315.26,415.26,915.26,600,BATTERY
16-12-2018,2018-2019,3,P/A/34,CASH,ACCESSORY,1,5355.08,5355.08,5855.08,6355.08,1000,COVER
16-12-2018,2018-2019,3,P/A/47,CREDIT,ACCESSORY,1,1349.16,1349.16,1449.16,1949.16,600,WIRELESS HEADSET
16-12-2018,2018-2019,3,P/A/49,CASH,ACCESSORY,1,671.18,671.18,771.18,1271.18,600,WIRELESS HEADSET
16-12-2018,2018-2019,3,P/M/A22,CREDIT,MOBILE,1,34205.36,34205.36,35205.36,35705.36,1500,PREMIUM MIDRANGE PHONE
16-12-2018,2018-2019,3,P/M/A24,CREDIT,MOBILE,1,873.22,873.22,973.22,1473.22,600,BUDGET PHONE
16-12-2018,2018-2019,3,P/M/A59,MOBILE PAYMENTS,MOBILE,1,9258.92,9258.92,9758.92,10258.92,1000,BUDGET PHONE
16-12-2018,2018-2019,3,P/T/S10,DEBIT,TABLET,1,47644.07,47644.07,48644.07,49144.07,1500,PREMIUM MIDRANGE TAB
17-12-2018,2018-2019,3,P/A/47,CREDIT,ACCESSORY,1,1433.9,1433.9,1533.9,2033.9,600,WIRELESS HEADSET
17-12-2018,2018-2019,3,P/M/A42,DEBIT,MOBILE,1,53767.86,53767.86,54767.86,55267.86,1500,FLAGSHIP PHONE
18-12-2018,2018-2019,3,P/A/35,DEBIT,ACCESSORY,1,1941.52,1941.52,2041.52,2541.52,600,COVER
18-12-2018,2018-2019,3,P/M/A22,CASH,MOBILE,1,31526.78,31526.78,32526.78,33026.78,1500,PREMIUM MIDRANGE PHONE
20-12-2018,2018-2019,3,P/A/19,DEBIT,ACCESSORY,1,585.6,585.6,685.6,1185.6,600,BATTERY
21-12-2018,2018-2019,3,P/A/3,MOBILE PAYMENTS,ACCESSORY,1,23915.26,23915.26,24915.26,25415.26,1500,GALAXY WATCH
21-12-2018,2018-2019,3,P/M/A23,CREDIT,MOBILE,1,605.36,605.36,705.36,1205.36,600,BUDGET PHONE
22-12-2018,2018-2019,3,P/A/1,MOBILE PAYMENTS,ACCESSORY,1,19677.96,19677.96,20677.96,21177.96,1500,GALAXY WATCH
22-12-2018,2018-2019,3,P/A/26,MOBILE PAYMENTS,ACCESSORY,1,1942.38,1942.38,2042.38,2542.38,600,CHARGER 
22-12-2018,2018-2019,3,P/A/39,DEBIT,ACCESSORY,1,459.32,459.32,559.32,1059.32,600,COVER
22-12-2018,2018-2019,3,P/A/41,MOBILE PAYMENTS,ACCESSORY,1,925.42,925.42,1025.42,1525.42,600,POWER BANK
22-12-2018,2018-2019,3,P/M/A75,DEBIT,MOBILE,1,59125,59125,60125,60625,1500,FLAGSHIP PHONE
23-12-2018,2018-2019,3,P/M/A58,CASH,MOBILE,1,8812.5,8812.5,9312.5,9812.5,1000,BUDGET PHONE
23-12-2018,2018-2019,3,P/M/A59,MOBILE PAYMENTS,MOBILE,1,9258.92,9258.92,9758.92,10258.92,1000,BUDGET PHONE
25-12-2018,2018-2019,3,P/A/22,DEBIT,ACCESSORY,2,374.58,749.16,474.58,1949.16,1200,CHARGER 
25-12-2018,2018-2019,3,P/A/47,CASH,ACCESSORY,1,1518.64,1518.64,1618.64,2118.64,600,WIRELESS HEADSET
25-12-2018,2018-2019,3,P/M/A22,CREDIT,MOBILE,1,34205.36,34205.36,35205.36,35705.36,1500,PREMIUM MIDRANGE PHONE
25-12-2018,2018-2019,3,P/M/A23,CASH,MOBILE,1,650,650,750,1250,600,BUDGET PHONE
25-12-2018,2018-2019,3,P/M/A58,DEBIT,MOBILE,1,6580.36,6580.36,7080.36,7580.36,1000,BUDGET PHONE
25-12-2018,2018-2019,3,P/M/A64,DEBIT,MOBILE,1,12776.78,12776.78,13776.78,14276.78,1500,BUDGET PHONE
26-12-2018,2018-2019,3,P/A/38,CASH,ACCESSORY,1,1900,1900,2000,2500,600,COVER
3/11/2018,2018-2019,3,P/M/A20,DEBIT,MOBILE,1,15455.36,15455.36,16455.36,16955.36,1500,MIDRANGE PHONE
28-12-2018,2018-2019,3,P/A/41,CASH,ACCESSORY,1,671.18,671.18,771.18,1271.18,600,POWER BANK
28-12-2018,2018-2019,3,P/M/A24,CREDIT,MOBILE,1,882.14,882.14,982.14,1482.14,600,BUDGET PHONE
28-12-2018,2018-2019,3,P/M/A64,MOBILE PAYMENTS,MOBILE,1,12776.78,12776.78,13776.78,14276.78,1500,BUDGET PHONE
29-12-2018,2018-2019,3,P/A/1,MOBILE PAYMENTS,ACCESSORY,1,19677.96,19677.96,20677.96,21177.96,1500,GALAXY WATCH
29-12-2018,2018-2019,3,P/A/35,CASH,ACCESSORY,1,1772.88,1772.88,1872.88,2372.88,600,COVER
29-12-2018,2018-2019,3,P/M/A22,CASH,MOBILE,1,28848.22,28848.22,29848.22,30348.22,1500,PREMIUM MIDRANGE PHONE
30-12-2018,2018-2019,3,P/A/49,MOBILE PAYMENTS,ACCESSORY,1,586.44,586.44,686.44,1186.44,600,WIRELESS HEADSET
1/12/2018,2018-2019,3,P/M/A14,CASH,MOBILE,1,15455.36,15455.36,16455.36,16955.36,1500,MIDRANGE PHONE
30-12-2018,2018-2019,3,P/M/A55,MOBILE PAYMENTS,MOBILE,1,5696.42,5696.42,6196.42,6696.42,1000,BUDGET PHONE
30-12-2018,2018-2019,3,P/M/A59,MOBILE PAYMENTS,MOBILE,1,9258.92,9258.92,9758.92,10258.92,1000,BUDGET PHONE
30-12-2018,2018-2019,3,P/M/A59,CASH,MOBILE,1,9258.92,9258.92,9758.92,10258.92,1000,BUDGET PHONE
31-12-2018,2018-2019,3,P/A/19,CASH,ACCESSORY,1,585.6,585.6,685.6,1185.6,600,BATTERY
31-12-2018,2018-2019,3,P/M/A1,CREDIT,MOBILE,1,6580.36,6580.36,7080.36,7580.36,1000,BUDGET PHONE
31-12-2018,2018-2019,3,P/M/A23,CREDIT,MOBILE,1,650,650,750,1250,600,BUDGET PHONE
31-12-2018,2018-2019,3,P/M/A59,DEBIT,MOBILE,1,10098.22,10098.22,11098.22,11598.22,1500,BUDGET PHONE
31-12-2018,2018-2019,3,P/M/A59,DEBIT,MOBILE,1,10098.22,10098.22,11098.22,11598.22,1500,BUDGET PHONE
16-12-2018,2018-2019,3,P/M/A14,DEBIT,MOBILE,1,15455.36,15455.36,16455.36,16955.36,1500,MIDRANGE PHONE
22-12-2018,2018-2019,3,P/M/A14,CASH,MOBILE,1,15455.36,15455.36,16455.36,16955.36,1500,MIDRANGE PHONE
6/10/2019,2019-2020,3,P/M/A10,DEBIT,MOBILE,1,16348.22,16348.22,17348.22,17848.22,1500,MIDRANGE PHONE
17-11-2019,2019-2020,3,P/M/A11,DEBIT,MOBILE,1,16356.24,16356.24,17356.24,17856.24,1500,MIDRANGE PHONE
27-11-2019,2019-2020,3,P/M/A11,MOBILE PAYMENTS,MOBILE,1,16356.24,16356.24,17356.24,17856.24,1500,MIDRANGE PHONE
1/12/2019,2019-2020,3,P/M/A11,CASH,MOBILE,1,16356.24,16356.24,17356.24,17856.24,1500,MIDRANGE PHONE
3/12/2019,2019-2020,3,P/M/A11,DEBIT,MOBILE,1,16356.24,16356.24,17356.24,17856.24,1500,MIDRANGE PHONE
4/12/2019,2019-2020,3,P/M/A11,MOBILE PAYMENTS,MOBILE,1,16356.24,16356.24,17356.24,17856.24,1500,MIDRANGE PHONE
5/12/2019,2019-2020,3,P/M/A11,DEBIT,MOBILE,1,16356.24,16356.24,17356.24,17856.24,1500,MIDRANGE PHONE
7/12/2019,2019-2020,3,P/M/A11,DEBIT,MOBILE,1,16356.24,16356.24,17356.24,17856.24,1500,MIDRANGE PHONE
17-12-2019,2019-2020,3,P/M/A11,CREDIT,MOBILE,1,16356.24,16356.24,17356.24,17856.24,1500,MIDRANGE PHONE
23-12-2019,2019-2020,3,P/M/A11,MOBILE PAYMENTS,MOBILE,1,16356.24,16356.24,17356.24,17856.24,1500,MIDRANGE PHONE
25-12-2019,2019-2020,3,P/M/A11,CREDIT,MOBILE,1,16356.24,16356.24,17356.24,17856.24,1500,MIDRANGE PHONE
31-12-2019,2019-2020,3,P/M/A11,CREDIT,MOBILE,1,16356.24,16356.24,17356.24,17856.24,1500,MIDRANGE PHONE
31-12-2019,2019-2020,3,P/M/A11,CREDIT,MOBILE,1,16356.24,16356.24,17356.24,17856.24,1500,MIDRANGE PHONE
10/11/2019,2019-2020,3,P/M/A11,DEBIT,MOBILE,1,16356.25,16356.25,17356.25,17856.25,1500,MIDRANGE PHONE
6/11/2020,2020-2021,3,P/T/S5,CASH,TABLET,1,19143.22,19143.22,20143.22,20643.22,1500,MIDRANGE TAB
10/11/2020,2020-2021,3,P/T/S5,DEBIT,TABLET,1,19143.22,19143.22,20143.22,20643.22,1500,MIDRANGE TAB
25-11-2020,2020-2021,3,P/T/S5,MOBILE PAYMENTS,TABLET,1,19143.22,19143.22,20143.22,20643.22,1500,MIDRANGE TAB
5/12/2020,2020-2021,3,P/T/S5,MOBILE PAYMENTS,TABLET,1,19143.22,19143.22,20143.22,20643.22,1500,MIDRANGE TAB
6/12/2020,2020-2021,3,P/T/S5,DEBIT,TABLET,1,19143.22,19143.22,20143.22,20643.22,1500,MIDRANGE TAB
8/12/2020,2020-2021,3,P/T/S5,CASH,TABLET,1,19143.22,19143.22,20143.22,20643.22,1500,MIDRANGE TAB
25-12-2020,2020-2021,3,P/T/S5,CREDIT,TABLET,1,19143.22,19143.22,20143.22,20643.22,1500,MIDRANGE TAB
2/10/2019,2019-2020,3,P/M/A10,MOBILE PAYMENTS,MOBILE,1,17687.5,17687.5,18687.5,19187.5,1500,MIDRANGE PHONE
3/10/2019,2019-2020,3,P/M/A10,MOBILE PAYMENTS,MOBILE,1,17687.5,17687.5,18687.5,19187.5,1500,MIDRANGE PHONE
9/10/2019,2019-2020,3,P/M/A10,CREDIT,MOBILE,1,17687.5,17687.5,18687.5,19187.5,1500,MIDRANGE PHONE
11/10/2019,2019-2020,3,P/M/A10,DEBIT,MOBILE,1,17687.5,17687.5,18687.5,19187.5,1500,MIDRANGE PHONE
29-10-2019,2019-2020,3,P/M/A10,CASH,MOBILE,1,17687.5,17687.5,18687.5,19187.5,1500,MIDRANGE PHONE
5/11/2019,2019-2020,3,P/M/A10,CASH,MOBILE,1,17687.5,17687.5,18687.5,19187.5,1500,MIDRANGE PHONE
13-11-2020,2020-2021,3,P/M/A12,CREDIT,MOBILE,1,17990.68,17990.68,18990.68,19490.68,1500,MIDRANGE PHONE
15-11-2020,2020-2021,3,P/M/A12,CREDIT,MOBILE,1,17990.68,17990.68,18990.68,19490.68,1500,MIDRANGE PHONE
28-11-2020,2020-2021,3,P/M/A12,CASH,MOBILE,1,17990.68,17990.68,18990.68,19490.68,1500,MIDRANGE PHONE
27-12-2020,2020-2021,3,P/M/A12,MOBILE PAYMENTS,MOBILE,1,17990.68,17990.68,18990.68,19490.68,1500,MIDRANGE PHONE
11/10/2018,2018-2019,3,P/M/A14,MOBILE PAYMENTS,MOBILE,1,18133.92,18133.92,19133.92,19633.92,1500,MIDRANGE PHONE
15-10-2018,2018-2019,3,P/M/A14,DEBIT,MOBILE,1,18133.92,18133.92,19133.92,19633.92,1500,MIDRANGE PHONE
21-10-2018,2018-2019,3,P/M/A14,MOBILE PAYMENTS,MOBILE,1,18133.92,18133.92,19133.92,19633.92,1500,MIDRANGE PHONE
27-10-2018,2018-2019,3,P/M/A14,DEBIT,MOBILE,1,18133.92,18133.92,19133.92,19633.92,1500,MIDRANGE PHONE
10/12/2018,2018-2019,3,P/M/A14,DEBIT,MOBILE,1,18133.92,18133.92,19133.92,19633.92,1500,MIDRANGE PHONE
11/12/2018,2018-2019,3,P/M/A20,DEBIT,MOBILE,1,18133.92,18133.92,19133.92,19633.92,1500,MIDRANGE PHONE
17-12-2018,2018-2019,3,P/M/A20,DEBIT,MOBILE,1,18133.92,18133.92,19133.92,19633.92,1500,MIDRANGE PHONE
21-12-2018,2018-2019,3,P/M/A20,CASH,MOBILE,1,18133.92,18133.92,19133.92,19633.92,1500,MIDRANGE PHONE
22-12-2018,2018-2019,3,P/M/A20,DEBIT,MOBILE,1,18133.92,18133.92,19133.92,19633.92,1500,MIDRANGE PHONE
23-12-2018,2018-2019,3,P/M/A20,DEBIT,MOBILE,1,18133.92,18133.92,19133.92,19633.92,1500,MIDRANGE PHONE
25-12-2018,2018-2019,3,P/M/A20,CASH,MOBILE,1,18133.92,18133.92,19133.92,19633.92,1500,MIDRANGE PHONE
26-12-2018,2018-2019,3,P/M/A20,DEBIT,MOBILE,1,18133.92,18133.92,19133.92,19633.92,1500,MIDRANGE PHONE
26-12-2018,2018-2019,3,P/M/A20,MOBILE PAYMENTS,MOBILE,1,18133.92,18133.92,19133.92,19633.92,1500,MIDRANGE PHONE
30-12-2018,2018-2019,3,P/M/A20,CASH,MOBILE,1,18133.92,18133.92,19133.92,19633.92,1500,MIDRANGE PHONE
28-11-2019,2019-2020,3,P/M/A11,CREDIT,MOBILE,1,18133.92,18133.92,19133.92,19633.92,1500,MIDRANGE PHONE
1/12/2019,2019-2020,3,P/M/A11,DEBIT,MOBILE,1,18133.92,18133.92,19133.92,19633.92,1500,MIDRANGE PHONE
14-11-2019,2019-2020,3,P/M/A11,CREDIT,MOBILE,1,18141.96,18141.96,19141.96,19641.96,1500,MIDRANGE PHONE
30-11-2019,2019-2020,3,P/M/A11,CREDIT,MOBILE,1,18141.96,18141.96,19141.96,19641.96,1500,MIDRANGE PHONE
1/12/2019,2019-2020,3,P/M/A11,CASH,MOBILE,1,18141.96,18141.96,19141.96,19641.96,1500,MIDRANGE PHONE
6/12/2019,2019-2020,3,P/M/A11,DEBIT,MOBILE,1,18141.96,18141.96,19141.96,19641.96,1500,MIDRANGE PHONE
15-12-2019,2019-2020,3,P/M/A11,MOBILE PAYMENTS,MOBILE,1,18141.96,18141.96,19141.96,19641.96,1500,MIDRANGE PHONE
18-12-2019,2019-2020,3,P/M/A11,DEBIT,MOBILE,1,18141.96,18141.96,19141.96,19641.96,1500,MIDRANGE PHONE
22-12-2019,2019-2020,3,P/M/A11,MOBILE PAYMENTS,MOBILE,1,18141.96,18141.96,19141.96,19641.96,1500,MIDRANGE PHONE
26-12-2019,2019-2020,3,P/M/A11,DEBIT,MOBILE,1,18141.96,18141.96,19141.96,19641.96,1500,MIDRANGE PHONE
26-12-2019,2019-2020,3,P/M/A11,CASH,MOBILE,1,18141.96,18141.96,19141.96,19641.96,1500,MIDRANGE PHONE
28-12-2019,2019-2020,3,P/M/A11,CASH,MOBILE,1,18141.96,18141.96,19141.96,19641.96,1500,MIDRANGE PHONE
29-12-2019,2019-2020,3,P/M/A11,MOBILE PAYMENTS,MOBILE,1,18141.96,18141.96,19141.96,19641.96,1500,MIDRANGE PHONE
29-12-2019,2019-2020,3,P/M/A11,MOBILE PAYMENTS,MOBILE,1,18141.96,18141.96,19141.96,19641.96,1500,MIDRANGE PHONE
17-10-2018,2018-2019,3,P/M/A13,CREDIT,MOBILE,1,18428.58,18428.58,19428.58,19928.58,1500,MIDRANGE PHONE
18-10-2018,2018-2019,3,P/M/A13,MOBILE PAYMENTS,MOBILE,1,18428.58,18428.58,19428.58,19928.58,1500,MIDRANGE PHONE
1/10/2019,2019-2020,3,P/M/A76,CREDIT,MOBILE,1,60999.11,60999.11,61999.11,62499.11,1500,FLAGSHIP PHONE
1/10/2019,2019-2020,3,P/T/S2,CREDIT,TABLET,1,9161.02,9161.02,9661.02,10161.02,1000,BUDGET TABLET
2/10/2019,2019-2020,3,P/A/30,CASH,ACCESSORY,1,883.06,883.06,983.06,1483.06,600,COVER
2/10/2019,2019-2020,3,P/A/35,DEBIT,ACCESSORY,1,1518.64,1518.64,1618.64,2118.64,600,COVER
2/10/2019,2019-2020,3,P/A/47,CREDIT,ACCESSORY,1,1349.16,1349.16,1449.16,1949.16,600,WIRELESS HEADSET
2/10/2019,2019-2020,3,P/M/A77,MOBILE PAYMENTS,MOBILE,1,69927.68,69927.68,70927.68,71427.68,1500,FLAGSHIP PHONE
2/10/2019,2019-2020,3,P/T/S9,MOBILE PAYMENTS,TABLET,1,32397.46,32397.46,33397.46,33897.46,1500,PREMIUM MIDRANGE TAB
3/10/2019,2019-2020,3,P/A/47,CREDIT,ACCESSORY,1,1433.9,1433.9,1533.9,2033.9,600,WIRELESS HEADSET
3/10/2019,2019-2020,3,P/T/S9,MOBILE PAYMENTS,TABLET,1,32397.46,32397.46,33397.46,33897.46,1500,PREMIUM MIDRANGE TAB
5/10/2019,2019-2020,3,P/M/A76,MOBILE PAYMENTS,MOBILE,1,60999.11,60999.11,61999.11,62499.11,1500,FLAGSHIP PHONE
6/10/2019,2019-2020,3,P/A/26,CASH,ACCESSORY,1,2195.76,2195.76,2295.76,2795.76,600,CHARGER 
6/10/2019,2019-2020,3,P/A/26,CASH,ACCESSORY,1,1772.88,1772.88,1872.88,2372.88,600,CHARGER 
6/10/2019,2019-2020,3,P/A/44,DEBIT,ACCESSORY,1,7296.62,7296.62,7796.62,8296.62,1000,WIRELESS EARPHONES
1/10/2019,2019-2020,3,P/M/A11,CASH,MOBILE,1,19034.82,19034.82,20034.82,20534.82,1500,MIDRANGE PHONE
6/10/2019,2019-2020,3,P/M/A2,MOBILE PAYMENTS,MOBILE,1,7481.24,7481.24,7981.24,8481.24,1000,BUDGET PHONE
6/10/2019,2019-2020,3,P/M/A76,MOBILE PAYMENTS,MOBILE,1,60999.1,60999.1,61999.1,62499.1,1500,FLAGSHIP PHONE
2/10/2019,2019-2020,3,P/M/A11,DEBIT,MOBILE,1,19034.82,19034.82,20034.82,20534.82,1500,MIDRANGE PHONE
2/10/2019,2019-2020,3,P/M/A11,DEBIT,MOBILE,1,19034.82,19034.82,20034.82,20534.82,1500,MIDRANGE PHONE
9/10/2019,2019-2020,3,P/M/A11,CREDIT,MOBILE,1,19034.82,19034.82,20034.82,20534.82,1500,MIDRANGE PHONE
8/10/2019,2019-2020,3,P/A/50,CREDIT,ACCESSORY,1,2154.24,2154.24,2254.24,2754.24,600,WIRELESS HEADSET
8/10/2019,2019-2020,3,P/A/50,DEBIT,ACCESSORY,1,2238.98,2238.98,2338.98,2838.98,600,WIRELESS HEADSET
16-10-2019,2019-2020,3,P/M/A11,DEBIT,MOBILE,1,19034.82,19034.82,20034.82,20534.82,1500,MIDRANGE PHONE
20-10-2019,2019-2020,3,P/M/A11,DEBIT,MOBILE,1,19034.82,19034.82,20034.82,20534.82,1500,MIDRANGE PHONE
9/10/2019,2019-2020,3,P/A/34,CREDIT,ACCESSORY,1,4932.2,4932.2,5432.2,5932.2,1000,COVER
9/10/2019,2019-2020,3,P/A/44,CREDIT,ACCESSORY,1,6796.62,6796.62,7296.62,7796.62,1000,WIRELESS EARPHONES
21-10-2019,2019-2020,3,P/M/A11,CASH,MOBILE,1,19034.82,19034.82,20034.82,20534.82,1500,MIDRANGE PHONE
22-10-2019,2019-2020,3,P/M/A11,MOBILE PAYMENTS,MOBILE,1,19034.82,19034.82,20034.82,20534.82,1500,MIDRANGE PHONE
25-10-2019,2019-2020,3,P/M/A11,CASH,MOBILE,1,19034.82,19034.82,20034.82,20534.82,1500,MIDRANGE PHONE
28-10-2019,2019-2020,3,P/M/A11,CASH,MOBILE,1,19034.82,19034.82,20034.82,20534.82,1500,MIDRANGE PHONE
9/10/2019,2019-2020,3,P/M/A77,CREDIT,MOBILE,1,78856.24,78856.24,79856.24,80356.24,1500,LUXURY PHONE
9/10/2019,2019-2020,3,P/M/A77,MOBILE PAYMENTS,MOBILE,1,69927.68,69927.68,70927.68,71427.68,1500,FLAGSHIP PHONE
10/10/2019,2019-2020,3,P/A/27,CASH,ACCESSORY,1,3237.28,3237.28,3737.28,4237.28,1000,CHARGER 
12/11/2019,2019-2020,3,P/M/A11,DEBIT,MOBILE,1,19034.82,19034.82,20034.82,20534.82,1500,MIDRANGE PHONE
14-11-2019,2019-2020,3,P/M/A11,CREDIT,MOBILE,1,19034.82,19034.82,20034.82,20534.82,1500,MIDRANGE PHONE
16-11-2019,2019-2020,3,P/M/A11,MOBILE PAYMENTS,MOBILE,1,19034.82,19034.82,20034.82,20534.82,1500,MIDRANGE PHONE
12/10/2019,2019-2020,3,P/M/A2,CREDIT,MOBILE,1,7481.24,7481.24,7981.24,8481.24,1000,BUDGET PHONE
12/10/2019,2019-2020,3,P/M/A23,MOBILE PAYMENTS,MOBILE,1,605.36,605.36,705.36,1205.36,600,BUDGET PHONE
12/10/2019,2019-2020,3,P/M/A6,MOBILE PAYMENTS,MOBILE,1,3723.22,3723.22,4223.22,4723.22,1000,BUDGET PHONE
13-10-2019,2019-2020,3,P/M/A2,DEBIT,MOBILE,1,7481.24,7481.24,7981.24,8481.24,1000,BUDGET PHONE
13-10-2019,2019-2020,3,P/M/A76,DEBIT,MOBILE,1,60999.1,60999.1,61999.1,62499.1,1500,FLAGSHIP PHONE
17-11-2019,2019-2020,3,P/M/A11,MOBILE PAYMENTS,MOBILE,1,19034.82,19034.82,20034.82,20534.82,1500,MIDRANGE PHONE
14-10-2019,2019-2020,3,P/M/A4,MOBILE PAYMENTS,MOBILE,1,9213.4,9213.4,10213.4,10713.4,1500,BUDGET PHONE
15-10-2019,2019-2020,3,P/A/5,MOBILE PAYMENTS,ACCESSORY,1,15448.3,15448.3,16448.3,16948.3,1500,GALAXY WATCH
15-10-2019,2019-2020,3,P/A/7,DEBIT,ACCESSORY,1,1594.92,1594.92,1694.92,2194.92,600,GALAXY WATCH
15-10-2019,2019-2020,3,P/M/A2,MOBILE PAYMENTS,MOBILE,1,8374.1,8374.1,8874.1,9374.1,1000,BUDGET PHONE
15-10-2019,2019-2020,3,P/M/A2,DEBIT,MOBILE,1,8374.1,8374.1,8874.1,9374.1,1000,BUDGET PHONE
16-10-2019,2019-2020,3,P/A/22,MOBILE PAYMENTS,ACCESSORY,1,408.48,408.48,508.48,1008.48,600,CHARGER 
16-10-2019,2019-2020,3,P/A/37,DEBIT,ACCESSORY,1,1857.62,1857.62,1957.62,2457.62,600,COVER
16-10-2019,2019-2020,3,P/M/A77,MOBILE PAYMENTS,MOBILE,1,69927.68,69927.68,70927.68,71427.68,1500,FLAGSHIP PHONE
17-10-2019,2019-2020,3,P/A/41,MOBILE PAYMENTS,ACCESSORY,1,2281.36,2281.36,2381.36,2881.36,600,POWER BANK
17-10-2019,2019-2020,3,P/M/A2,CASH,MOBILE,1,8374.1,8374.1,8874.1,9374.1,1000,BUDGET PHONE
17-10-2019,2019-2020,3,P/M/A45,MOBILE PAYMENTS,MOBILE,1,58232.14,58232.14,59232.14,59732.14,1500,FLAGSHIP PHONE
17-10-2019,2019-2020,3,P/M/A77,DEBIT,MOBILE,1,69927.68,69927.68,70927.68,71427.68,1500,FLAGSHIP PHONE
18-10-2019,2019-2020,3,P/A/47,MOBILE PAYMENTS,ACCESSORY,1,1433.9,1433.9,1533.9,2033.9,600,WIRELESS HEADSET
18-10-2019,2019-2020,3,P/M/A1,CREDIT,MOBILE,1,6133.92,6133.92,6633.92,7133.92,1000,BUDGET PHONE
17-11-2020,2020-2021,3,P/M/A12,DEBIT,MOBILE,1,19261.86,19261.86,20261.86,20761.86,1500,MIDRANGE PHONE
19-10-2019,2019-2020,3,P/A/22,MOBILE PAYMENTS,ACCESSORY,1,408.48,408.48,508.48,1008.48,600,CHARGER 
19-10-2019,2019-2020,3,P/A/41,CASH,ACCESSORY,1,2281.36,2281.36,2381.36,2881.36,600,POWER BANK
19-10-2019,2019-2020,3,P/A/7,CASH,ACCESSORY,1,1518.64,1518.64,1618.64,2118.64,600,GALAXY WATCH
19-10-2019,2019-2020,3,P/M/A2,CREDIT,MOBILE,1,7481.24,7481.24,7981.24,8481.24,1000,BUDGET PHONE
19-10-2019,2019-2020,3,P/M/A24,CREDIT,MOBILE,1,828.58,828.58,928.58,1428.58,600,BUDGET PHONE
20-10-2019,2019-2020,3,P/M/A2,CREDIT,MOBILE,1,7481.24,7481.24,7981.24,8481.24,1000,BUDGET PHONE
21-10-2019,2019-2020,3,P/A/22,DEBIT,ACCESSORY,1,408.48,408.48,508.48,1008.48,600,CHARGER 
21-10-2019,2019-2020,3,P/A/5,CREDIT,ACCESSORY,1,15448.3,15448.3,16448.3,16948.3,1500,GALAXY WATCH
21-10-2019,2019-2020,3,P/M/A45,MOBILE PAYMENTS,MOBILE,1,58232.14,58232.14,59232.14,59732.14,1500,FLAGSHIP PHONE
22-10-2019,2019-2020,3,P/A/35,MOBILE PAYMENTS,ACCESSORY,1,2026.28,2026.28,2126.28,2626.28,600,COVER
22-10-2019,2019-2020,3,P/A/35,MOBILE PAYMENTS,ACCESSORY,1,1942.38,1942.38,2042.38,2542.38,600,COVER
22-10-2019,2019-2020,3,P/A/47,MOBILE PAYMENTS,ACCESSORY,1,1349.16,1349.16,1449.16,1949.16,600,WIRELESS HEADSET
22-10-2019,2019-2020,3,P/M/A23,CREDIT,MOBILE,1,650,650,750,1250,600,BUDGET PHONE
22-10-2019,2019-2020,3,P/M/A76,CREDIT,MOBILE,1,60999.1,60999.1,61999.1,62499.1,1500,FLAGSHIP PHONE
23-10-2019,2019-2020,3,P/M/A77,MOBILE PAYMENTS,MOBILE,1,69927.68,69927.68,70927.68,71427.68,1500,FLAGSHIP PHONE
23-10-2019,2019-2020,3,P/M/A77,CREDIT,MOBILE,1,69927.68,69927.68,70927.68,71427.68,1500,FLAGSHIP PHONE
24-10-2019,2019-2020,3,P/A/5,MOBILE PAYMENTS,ACCESSORY,1,15448.3,15448.3,16448.3,16948.3,1500,GALAXY WATCH
24-10-2019,2019-2020,3,P/M/A2,MOBILE PAYMENTS,MOBILE,1,7481.24,7481.24,7981.24,8481.24,1000,BUDGET PHONE
24-10-2019,2019-2020,3,P/M/A2,CREDIT,MOBILE,1,7481.24,7481.24,7981.24,8481.24,1000,BUDGET PHONE
6/11/2018,2018-2019,3,P/M/A20,DEBIT,MOBILE,1,19303.58,19303.58,20303.58,20803.58,1500,MIDRANGE PHONE
25-10-2019,2019-2020,3,P/A/7,MOBILE PAYMENTS,ACCESSORY,1,1518.64,1518.64,1618.64,2118.64,600,GALAXY WATCH
25-10-2019,2019-2020,3,P/M/A46,CREDIT,MOBILE,1,64482.14,64482.14,65482.14,65982.14,1500,FLAGSHIP PHONE
25-10-2019,2019-2020,3,P/M/A77,MOBILE PAYMENTS,MOBILE,1,69927.68,69927.68,70927.68,71427.68,1500,FLAGSHIP PHONE
25-10-2019,2019-2020,3,P/T/S11,CREDIT,TABLET,1,49262.72,49262.72,50262.72,50762.72,1500,FLAGSHIP TAB
26-10-2019,2019-2020,3,P/A/7,DEBIT,ACCESSORY,1,1510.16,1510.16,1610.16,2110.16,600,GALAXY WATCH
26-10-2019,2019-2020,3,P/A/7,CASH,ACCESSORY,1,1510.16,1510.16,1610.16,2110.16,600,GALAXY WATCH
27-10-2019,2019-2020,3,P/M/A1,CREDIT,MOBILE,1,3910.72,3910.72,4410.72,4910.72,1000,BUDGET PHONE
28-10-2019,2019-2020,3,P/A/35,MOBILE PAYMENTS,ACCESSORY,1,1518.64,1518.64,1618.64,2118.64,600,COVER
28-10-2019,2019-2020,3,P/M/A24,CASH,MOBILE,1,850.9,850.9,950.9,1450.9,600,BUDGET PHONE
28-10-2019,2019-2020,3,P/M/A77,CREDIT,MOBILE,1,69927.68,69927.68,70927.68,71427.68,1500,FLAGSHIP PHONE
29-10-2019,2019-2020,3,P/M/A76,MOBILE PAYMENTS,MOBILE,1,60999.1,60999.1,61999.1,62499.1,1500,FLAGSHIP PHONE
31-10-2019,2019-2020,3,P/M/A2,CASH,MOBILE,1,8374.1,8374.1,8874.1,9374.1,1000,BUDGET PHONE
31-10-2019,2019-2020,3,P/M/A2,MOBILE PAYMENTS,MOBILE,1,8374.1,8374.1,8874.1,9374.1,1000,BUDGET PHONE
1/11/2019,2019-2020,3,P/A/22,CASH,ACCESSORY,1,408.48,408.48,508.48,1008.48,600,CHARGER 
1/11/2019,2019-2020,3,P/A/30,CASH,ACCESSORY,1,1263.56,1263.56,1363.56,1863.56,600,COVER
2/11/2019,2019-2020,3,P/A/21,CREDIT,ACCESSORY,1,332.2,332.2,432.2,932.2,600,CHARGER 
2/11/2019,2019-2020,3,P/A/21,DEBIT,ACCESSORY,1,408.48,408.48,508.48,1008.48,600,CHARGER 
2/11/2019,2019-2020,3,P/A/41,CASH,ACCESSORY,1,671.18,671.18,771.18,1271.18,600,POWER BANK
2/11/2019,2019-2020,3,P/A/6,MOBILE PAYMENTS,ACCESSORY,1,20525.42,20525.42,21525.42,22025.42,1500,GALAXY WATCH
2/11/2019,2019-2020,3,P/A/7,CASH,ACCESSORY,1,1518.64,1518.64,1618.64,2118.64,600,GALAXY WATCH
3/11/2019,2019-2020,3,P/A/44,CREDIT,ACCESSORY,1,7466.1,7466.1,7966.1,8466.1,1000,WIRELESS EARPHONES
3/11/2019,2019-2020,3,P/A/47,DEBIT,ACCESSORY,1,1349.16,1349.16,1449.16,1949.16,600,WIRELESS HEADSET
3/11/2019,2019-2020,3,P/A/6,DEBIT,ACCESSORY,1,20525.42,20525.42,21525.42,22025.42,1500,GALAXY WATCH
3/11/2019,2019-2020,3,P/M/A2,CASH,MOBILE,1,7481.24,7481.24,7981.24,8481.24,1000,BUDGET PHONE
3/11/2019,2019-2020,3,P/M/A44,CREDIT,MOBILE,1,48410.72,48410.72,49410.72,49910.72,1500,PREMIUM MIDRANGE PHONE
4/11/2019,2019-2020,3,P/A/41,CASH,ACCESSORY,1,671.18,671.18,771.18,1271.18,600,POWER BANK
4/11/2019,2019-2020,3,P/M/A24,MOBILE PAYMENTS,MOBILE,1,850.9,850.9,950.9,1450.9,600,BUDGET PHONE
5/11/2019,2019-2020,3,P/A/22,MOBILE PAYMENTS,ACCESSORY,1,408.48,408.48,508.48,1008.48,600,CHARGER 
6/11/2019,2019-2020,3,P/A/21,MOBILE PAYMENTS,ACCESSORY,1,408.48,408.48,508.48,1008.48,600,CHARGER 
6/11/2019,2019-2020,3,P/A/22,DEBIT,ACCESSORY,1,408.48,408.48,508.48,1008.48,600,CHARGER 
6/11/2019,2019-2020,3,P/A/35,CREDIT,ACCESSORY,1,1942.38,1942.38,2042.38,2542.38,600,COVER
7/11/2019,2019-2020,3,P/A/21,DEBIT,ACCESSORY,1,374.58,374.58,474.58,974.58,600,CHARGER 
7/11/2019,2019-2020,3,P/M/A77,DEBIT,MOBILE,1,69927.68,69927.68,70927.68,71427.68,1500,FLAGSHIP PHONE
8/11/2019,2019-2020,3,P/A/47,CREDIT,ACCESSORY,1,1433.9,1433.9,1533.9,2033.9,600,WIRELESS HEADSET
10/11/2019,2019-2020,3,P/A/37,DEBIT,ACCESSORY,1,1857.62,1857.62,1957.62,2457.62,600,COVER
10/11/2019,2019-2020,3,P/A/47,CASH,ACCESSORY,1,1518.64,1518.64,1618.64,2118.64,600,WIRELESS HEADSET
10/11/2019,2019-2020,3,P/A/6,DEBIT,ACCESSORY,1,20525.42,20525.42,21525.42,22025.42,1500,GALAXY WATCH
10/11/2019,2019-2020,3,P/M/A4,MOBILE PAYMENTS,MOBILE,1,9213.4,9213.4,10213.4,10713.4,1500,BUDGET PHONE
11/11/2019,2019-2020,3,P/A/21,DEBIT,ACCESSORY,1,408.48,408.48,508.48,1008.48,600,CHARGER 
11/11/2019,2019-2020,3,P/M/A2,MOBILE PAYMENTS,MOBILE,1,8374.1,8374.1,8874.1,9374.1,1000,BUDGET PHONE
12/11/2019,2019-2020,3,P/A/47,CASH,ACCESSORY,1,1349.16,1349.16,1449.16,1949.16,600,WIRELESS HEADSET
12/11/2019,2019-2020,3,P/A/50,MOBILE PAYMENTS,ACCESSORY,1,2238.98,2238.98,2338.98,2838.98,600,WIRELESS HEADSET
12/11/2019,2019-2020,3,P/A/6,CREDIT,ACCESSORY,1,20525.42,20525.42,21525.42,22025.42,1500,GALAXY WATCH
12/11/2019,2019-2020,3,P/A/7,CREDIT,ACCESSORY,1,1594.92,1594.92,1694.92,2194.92,600,GALAXY WATCH
12/11/2019,2019-2020,3,P/M/A76,DEBIT,MOBILE,1,60999.1,60999.1,61999.1,62499.1,1500,FLAGSHIP PHONE
13-11-2019,2019-2020,3,P/M/A2,CREDIT,MOBILE,1,7473.22,7473.22,7973.22,8473.22,1000,BUDGET PHONE
14-11-2019,2019-2020,3,P/T/S2,MOBILE PAYMENTS,TABLET,1,9161.02,9161.02,9661.02,10161.02,1000,BUDGET TABLET
15-11-2019,2019-2020,3,P/A/22,CREDIT,ACCESSORY,1,408.48,408.48,508.48,1008.48,600,CHARGER 
15-11-2019,2019-2020,3,P/A/22,CASH,ACCESSORY,1,374.58,374.58,474.58,974.58,600,CHARGER 
15-11-2019,2019-2020,3,P/A/34,DEBIT,ACCESSORY,1,4932.2,4932.2,5432.2,5932.2,1000,COVER
15-11-2019,2019-2020,3,P/A/6,DEBIT,ACCESSORY,1,20525.42,20525.42,21525.42,22025.42,1500,GALAXY WATCH
15-11-2019,2019-2020,3,P/T/S9,CASH,TABLET,1,32397.46,32397.46,33397.46,33897.46,1500,PREMIUM MIDRANGE TAB
16-11-2019,2019-2020,3,P/A/22,CASH,ACCESSORY,1,332.2,332.2,432.2,932.2,600,CHARGER 
16-11-2019,2019-2020,3,P/M/A8,MOBILE PAYMENTS,MOBILE,1,12784.82,12784.82,13784.82,14284.82,1500,BUDGET PHONE
16-11-2019,2019-2020,3,,MOBILE PAYMENTS,ACCESSORY,1,1433.9,1433.9,1533.9,2033.9,600,WIRELESS EARPHONES
17-11-2019,2019-2020,3,P/A/2,CREDIT,ACCESSORY,1,22644.06,22644.06,23644.06,24144.06,1500,GALAXY WATCH
17-11-2019,2019-2020,3,P/M/A45,DEBIT,MOBILE,1,58232.14,58232.14,59232.14,59732.14,1500,FLAGSHIP PHONE
17-11-2019,2019-2020,3,P/M/A76,MOBILE PAYMENTS,MOBILE,1,60999.1,60999.1,61999.1,62499.1,1500,FLAGSHIP PHONE
17-11-2019,2019-2020,3,P/M/A77,DEBIT,MOBILE,1,69927.68,69927.68,70927.68,71427.68,1500,FLAGSHIP PHONE
18-11-2019,2019-2020,3,P/A/35,DEBIT,ACCESSORY,1,1764.4,1764.4,1864.4,2364.4,600,COVER
18-11-2019,2019-2020,3,P/M/A4,DEBIT,MOBILE,1,9213.4,9213.4,10213.4,10713.4,1500,BUDGET PHONE
18-11-2019,2019-2020,3,P/M/A8,MOBILE PAYMENTS,MOBILE,1,12784.82,12784.82,13784.82,14284.82,1500,BUDGET PHONE
19-11-2019,2019-2020,3,P/A/22,MOBILE PAYMENTS,ACCESSORY,1,332.2,332.2,432.2,932.2,600,CHARGER 
23-11-2019,2019-2020,3,P/A/30,DEBIT,ACCESSORY,1,1348.3,1348.3,1448.3,1948.3,600,COVER
23-11-2019,2019-2020,3,P/M/A45,DEBIT,MOBILE,1,57339.28,57339.28,58339.28,58839.28,1500,FLAGSHIP PHONE
23-11-2019,2019-2020,3,P/M/A76,CREDIT,MOBILE,1,60999.1,60999.1,61999.1,62499.1,1500,FLAGSHIP PHONE
23-11-2019,2019-2020,3,P/M/A8,MOBILE PAYMENTS,MOBILE,1,12784.82,12784.82,13784.82,14284.82,1500,BUDGET PHONE
24-11-2019,2019-2020,3,P/A/47,CREDIT,ACCESSORY,1,1518.64,1518.64,1618.64,2118.64,600,WIRELESS HEADSET
24-11-2019,2019-2020,3,P/A/7,MOBILE PAYMENTS,ACCESSORY,1,1594.92,1594.92,1694.92,2194.92,600,GALAXY WATCH
24-11-2019,2019-2020,3,P/A/7,CREDIT,ACCESSORY,1,1594.92,1594.92,1694.92,2194.92,600,GALAXY WATCH
24-11-2019,2019-2020,3,P/M/A2,DEBIT,MOBILE,1,8374.1,8374.1,8874.1,9374.1,1000,BUDGET PHONE
24-11-2019,2019-2020,3,P/M/A2,CASH,MOBILE,1,7927.68,7927.68,8427.68,8927.68,1000,BUDGET PHONE
24-11-2019,2019-2020,3,P/M/A29,MOBILE PAYMENTS,MOBILE,1,471.42,471.42,571.42,1071.42,600,BUDGET PHONE
26-11-2019,2019-2020,3,P/M/A4,MOBILE PAYMENTS,MOBILE,1,9213.4,9213.4,10213.4,10713.4,1500,BUDGET PHONE
26-11-2019,2019-2020,3,P/M/A76,DEBIT,MOBILE,1,60999.1,60999.1,61999.1,62499.1,1500,FLAGSHIP PHONE
26-11-2019,2019-2020,3,P/M/A76,CREDIT,MOBILE,1,60999.1,60999.1,61999.1,62499.1,1500,FLAGSHIP PHONE
27-11-2019,2019-2020,3,P/A/47,DEBIT,ACCESSORY,1,1433.9,1433.9,1533.9,2033.9,600,WIRELESS HEADSET
27-11-2019,2019-2020,3,P/M/A2,CREDIT,MOBILE,1,7927.68,7927.68,8427.68,8927.68,1000,BUDGET PHONE
27-11-2019,2019-2020,3,P/M/A24,CREDIT,MOBILE,1,882.14,882.14,982.14,1482.14,600,BUDGET PHONE
27-11-2019,2019-2020,3,P/M/A8,CASH,MOBILE,1,12784.82,12784.82,13784.82,14284.82,1500,BUDGET PHONE
28-11-2019,2019-2020,3,P/A/37,CASH,ACCESSORY,1,1857.62,1857.62,1957.62,2457.62,600,COVER
28-11-2019,2019-2020,3,P/A/42,DEBIT,ACCESSORY,1,671.18,671.18,771.18,1271.18,600,WIRELESS EARPHONES
28-11-2019,2019-2020,3,P/M/A2,MOBILE PAYMENTS,MOBILE,1,7927.68,7927.68,8427.68,8927.68,1000,BUDGET PHONE
28-11-2019,2019-2020,3,P/M/A77,DEBIT,MOBILE,1,69927.68,69927.68,70927.68,71427.68,1500,FLAGSHIP PHONE
29-11-2019,2019-2020,3,P/M/A4,DEBIT,MOBILE,1,9213.4,9213.4,10213.4,10713.4,1500,BUDGET PHONE
29-11-2019,2019-2020,3,P/M/A8,CREDIT,MOBILE,1,12776.78,12776.78,13776.78,14276.78,1500,BUDGET PHONE
29-11-2019,2019-2020,3,P/M/A8,MOBILE PAYMENTS,MOBILE,1,12784.82,12784.82,13784.82,14284.82,1500,BUDGET PHONE
29-11-2019,2019-2020,3,P/M/A8,CREDIT,MOBILE,1,12784.82,12784.82,13784.82,14284.82,1500,BUDGET PHONE
29-11-2019,2019-2020,3,P/M/A8,DEBIT,MOBILE,1,12784.82,12784.82,13784.82,14284.82,1500,BUDGET PHONE
30-11-2019,2019-2020,3,P/A/50,CREDIT,ACCESSORY,1,2196.62,2196.62,2296.62,2796.62,600,WIRELESS HEADSET
30-11-2019,2019-2020,3,P/M/A4,MOBILE PAYMENTS,MOBILE,1,9213.4,9213.4,10213.4,10713.4,1500,BUDGET PHONE
1/12/2019,2019-2020,3,P/A/21,CREDIT,ACCESSORY,1,408.48,408.48,508.48,1008.48,600,CHARGER 
1/12/2019,2019-2020,3,P/M/A24,DEBIT,MOBILE,1,828.58,828.58,928.58,1428.58,600,BUDGET PHONE
1/12/2019,2019-2020,3,P/M/A8,CREDIT,MOBILE,1,12784.82,12784.82,13784.82,14284.82,1500,BUDGET PHONE
2/12/2019,2019-2020,3,P/M/A77,DEBIT,MOBILE,1,69927.68,69927.68,70927.68,71427.68,1500,FLAGSHIP PHONE
2/10/2018,2018-2019,3,P/M/A20,CASH,MOBILE,1,19919.64,19919.64,20919.64,21419.64,1500,MIDRANGE PHONE
3/12/2019,2019-2020,3,P/M/A29,DEBIT,MOBILE,1,382.14,382.14,482.14,982.14,600,BUDGET PHONE
3/12/2019,2019-2020,3,P/M/A8,DEBIT,MOBILE,1,11892.86,11892.86,12892.86,13392.86,1500,BUDGET PHONE
4/12/2019,2019-2020,3,P/A/4,DEBIT,ACCESSORY,1,24762.72,24762.72,25762.72,26262.72,1500,GALAXY WATCH
4/12/2019,2019-2020,3,P/A/47,DEBIT,ACCESSORY,1,1349.16,1349.16,1449.16,1949.16,600,WIRELESS HEADSET
5/10/2018,2018-2019,3,P/M/A20,CREDIT,MOBILE,1,19919.64,19919.64,20919.64,21419.64,1500,MIDRANGE PHONE
4/12/2019,2019-2020,3,P/M/A2,DEBIT,MOBILE,1,7473.22,7473.22,7973.22,8473.22,1000,BUDGET PHONE
4/12/2019,2019-2020,3,P/M/A2,MOBILE PAYMENTS,MOBILE,1,7481.24,7481.24,7981.24,8481.24,1000,BUDGET PHONE
5/12/2019,2019-2020,3,P/A/22,MOBILE PAYMENTS,ACCESSORY,1,408.48,408.48,508.48,1008.48,600,CHARGER 
10/10/2018,2018-2019,3,P/M/A20,DEBIT,MOBILE,1,19919.64,19919.64,20919.64,21419.64,1500,MIDRANGE PHONE
10/10/2018,2018-2019,3,P/M/A20,CREDIT,MOBILE,1,19919.64,19919.64,20919.64,21419.64,1500,MIDRANGE PHONE
12/10/2018,2018-2019,3,P/M/A20,MOBILE PAYMENTS,MOBILE,1,19919.64,19919.64,20919.64,21419.64,1500,MIDRANGE PHONE
6/12/2019,2019-2020,3,P/A/47,MOBILE PAYMENTS,ACCESSORY,1,1518.64,1518.64,1618.64,2118.64,600,WIRELESS HEADSET
12/10/2018,2018-2019,3,P/M/A20,MOBILE PAYMENTS,MOBILE,1,19919.64,19919.64,20919.64,21419.64,1500,MIDRANGE PHONE
14-10-2018,2018-2019,3,P/M/A20,DEBIT,MOBILE,1,19919.64,19919.64,20919.64,21419.64,1500,MIDRANGE PHONE
6/12/2019,2019-2020,3,P/M/A46,MOBILE PAYMENTS,MOBILE,1,64482.14,64482.14,65482.14,65982.14,1500,FLAGSHIP PHONE
15-10-2018,2018-2019,3,P/M/A20,DEBIT,MOBILE,1,19919.64,19919.64,20919.64,21419.64,1500,MIDRANGE PHONE
7/12/2019,2019-2020,3,P/M/A2,CREDIT,MOBILE,1,7927.68,7927.68,8427.68,8927.68,1000,BUDGET PHONE
8/12/2019,2019-2020,3,P/A/35,CASH,ACCESSORY,1,1942.37,1942.37,2042.37,2542.37,600,COVER
15-10-2018,2018-2019,3,P/M/A20,DEBIT,MOBILE,1,19919.64,19919.64,20919.64,21419.64,1500,MIDRANGE PHONE
8/12/2019,2019-2020,3,P/M/A76,MOBILE PAYMENTS,MOBILE,1,60999.1,60999.1,61999.1,62499.1,1500,FLAGSHIP PHONE
9/12/2019,2019-2020,3,P/M/A2,DEBIT,MOBILE,1,7927.68,7927.68,8427.68,8927.68,1000,BUDGET PHONE
9/12/2019,2019-2020,3,P/M/A8,MOBILE PAYMENTS,MOBILE,1,12784.82,12784.82,13784.82,14284.82,1500,BUDGET PHONE
10/12/2019,2019-2020,3,P/A/44,MOBILE PAYMENTS,ACCESSORY,1,7466.1,7466.1,7966.1,8466.1,1000,WIRELESS EARPHONES
21-10-2018,2018-2019,3,P/M/A20,CREDIT,MOBILE,1,19919.64,19919.64,20919.64,21419.64,1500,MIDRANGE PHONE
11/12/2019,2019-2020,3,P/A/35,MOBILE PAYMENTS,ACCESSORY,1,1815.26,1815.26,1915.26,2415.26,600,COVER
27-10-2018,2018-2019,3,P/M/A20,MOBILE PAYMENTS,MOBILE,1,19919.64,19919.64,20919.64,21419.64,1500,MIDRANGE PHONE
11/12/2019,2019-2020,3,P/M/A2,DEBIT,MOBILE,1,7034.82,7034.82,7534.82,8034.82,1000,BUDGET PHONE
11/12/2019,2019-2020,3,P/M/A24,CASH,MOBILE,1,850.9,850.9,950.9,1450.9,600,BUDGET PHONE
11/12/2019,2019-2020,3,P/M/A4,DEBIT,MOBILE,1,10999.1,10999.1,11999.1,12499.1,1500,BUDGET PHONE
11/12/2019,2019-2020,3,P/M/A4,MOBILE PAYMENTS,MOBILE,1,9213.4,9213.4,10213.4,10713.4,1500,BUDGET PHONE
12/12/2019,2019-2020,3,P/A/22,MOBILE PAYMENTS,ACCESSORY,1,408.48,408.48,508.48,1008.48,600,CHARGER 
12/12/2019,2019-2020,3,P/A/6,MOBILE PAYMENTS,ACCESSORY,1,20525.42,20525.42,21525.42,22025.42,1500,GALAXY WATCH
12/12/2019,2019-2020,3,P/M/A24,MOBILE PAYMENTS,MOBILE,1,882.14,882.14,982.14,1482.14,600,BUDGET PHONE
12/12/2019,2019-2020,3,P/M/A29,DEBIT,MOBILE,1,382.14,382.14,482.14,982.14,600,BUDGET PHONE
12/12/2019,2019-2020,3,P/M/A29,CREDIT,MOBILE,1,382.14,382.14,482.14,982.14,600,BUDGET PHONE
12/12/2019,2019-2020,3,P/M/A8,DEBIT,MOBILE,1,12784.82,12784.82,13784.82,14284.82,1500,BUDGET PHONE
13-12-2019,2019-2020,3,P/A/21,MOBILE PAYMENTS,ACCESSORY,1,408.48,408.48,508.48,1008.48,600,CHARGER 
13-12-2019,2019-2020,3,P/A/4,MOBILE PAYMENTS,ACCESSORY,1,24762.72,24762.72,25762.72,26262.72,1500,GALAXY WATCH
13-12-2019,2019-2020,3,P/M/A8,MOBILE PAYMENTS,MOBILE,1,12784.82,12784.82,13784.82,14284.82,1500,BUDGET PHONE
14-12-2019,2019-2020,3,P/A/44,DEBIT,ACCESSORY,1,7466.1,7466.1,7966.1,8466.1,1000,WIRELESS EARPHONES
27-10-2018,2018-2019,3,P/M/A20,MOBILE PAYMENTS,MOBILE,1,19919.64,19919.64,20919.64,21419.64,1500,MIDRANGE PHONE
15-12-2019,2019-2020,3,P/M/A1,MOBILE PAYMENTS,MOBILE,1,6580.36,6580.36,7080.36,7580.36,1000,BUDGET PHONE
1/11/2018,2018-2019,3,P/M/A20,CREDIT,MOBILE,1,19919.64,19919.64,20919.64,21419.64,1500,MIDRANGE PHONE
16-12-2019,2019-2020,3,P/M/A2,DEBIT,MOBILE,1,7034.82,7034.82,7534.82,8034.82,1000,BUDGET PHONE
16-12-2019,2019-2020,3,P/M/A4,CREDIT,MOBILE,1,10999.11,10999.11,11999.11,12499.11,1500,BUDGET PHONE
16-12-2019,2019-2020,3,P/M/A8,MOBILE PAYMENTS,MOBILE,1,12784.82,12784.82,13784.82,14284.82,1500,BUDGET PHONE
17-12-2019,2019-2020,3,P/A/4,MOBILE PAYMENTS,ACCESSORY,1,24762.72,24762.72,25762.72,26262.72,1500,GALAXY WATCH
1/11/2018,2018-2019,3,P/M/A20,DEBIT,MOBILE,1,19919.64,19919.64,20919.64,21419.64,1500,MIDRANGE PHONE
2/11/2018,2018-2019,3,P/M/A20,CASH,MOBILE,1,19919.64,19919.64,20919.64,21419.64,1500,MIDRANGE PHONE
19-12-2019,2019-2020,3,P/A/41,CREDIT,ACCESSORY,1,2111.86,2111.86,2211.86,2711.86,600,POWER BANK
19-12-2019,2019-2020,3,P/M/A2,CASH,MOBILE,1,7927.68,7927.68,8427.68,8927.68,1000,BUDGET PHONE
19-12-2019,2019-2020,3,P/M/A8,MOBILE PAYMENTS,MOBILE,1,12784.82,12784.82,13784.82,14284.82,1500,BUDGET PHONE
20-12-2019,2019-2020,3,P/M/A2,DEBIT,MOBILE,1,7927.68,7927.68,8427.68,8927.68,1000,BUDGET PHONE
20-12-2019,2019-2020,3,P/M/A2,CASH,MOBILE,1,7034.82,7034.82,7534.82,8034.82,1000,BUDGET PHONE
20-12-2019,2019-2020,3,P/M/A44,MOBILE PAYMENTS,MOBILE,1,48410.72,48410.72,49410.72,49910.72,1500,PREMIUM MIDRANGE PHONE
21-12-2019,2019-2020,3,P/M/A8,MOBILE PAYMENTS,MOBILE,1,12784.82,12784.82,13784.82,14284.82,1500,BUDGET PHONE
3/11/2018,2018-2019,3,P/M/A20,DEBIT,MOBILE,1,19919.64,19919.64,20919.64,21419.64,1500,MIDRANGE PHONE
22-12-2019,2019-2020,3,P/A/13,CASH,ACCESSORY,1,416.94,416.94,516.94,1016.94,600,BATTERY
4/11/2018,2018-2019,3,P/M/A20,DEBIT,MOBILE,1,19919.64,19919.64,20919.64,21419.64,1500,MIDRANGE PHONE
5/11/2018,2018-2019,3,P/M/A20,DEBIT,MOBILE,1,19919.64,19919.64,20919.64,21419.64,1500,MIDRANGE PHONE
5/11/2018,2018-2019,3,P/M/A20,CASH,MOBILE,1,19919.64,19919.64,20919.64,21419.64,1500,MIDRANGE PHONE
22-12-2019,2019-2020,3,P/M/A4,DEBIT,MOBILE,1,10999.1,10999.1,11999.1,12499.1,1500,BUDGET PHONE
22-12-2019,2019-2020,3,P/M/A4,DEBIT,MOBILE,1,10999.1,10999.1,11999.1,12499.1,1500,BUDGET PHONE
22-12-2019,2019-2020,3,P/M/A8,MOBILE PAYMENTS,MOBILE,1,11891.96,11891.96,12891.96,13391.96,1500,BUDGET PHONE
6/11/2018,2018-2019,3,P/M/A20,DEBIT,MOBILE,1,19919.64,19919.64,20919.64,21419.64,1500,MIDRANGE PHONE
23-12-2019,2019-2020,3,P/M/A4,CASH,MOBILE,1,9213.4,9213.4,10213.4,10713.4,1500,BUDGET PHONE
23-12-2019,2019-2020,3,P/T/S2,CASH,TABLET,1,9161.02,9161.02,9661.02,10161.02,1000,BUDGET TABLET
24-12-2019,2019-2020,3,P/A/22,CREDIT,ACCESSORY,1,408.48,408.48,508.48,1008.48,600,CHARGER 
24-12-2019,2019-2020,3,P/A/24,CASH,ACCESSORY,1,925.42,925.42,1025.42,1525.42,600,CHARGER 
24-12-2019,2019-2020,3,P/M/A2,MOBILE PAYMENTS,MOBILE,1,7927.68,7927.68,8427.68,8927.68,1000,BUDGET PHONE
24-12-2019,2019-2020,3,P/M/A2,CASH,MOBILE,1,7927.68,7927.68,8427.68,8927.68,1000,BUDGET PHONE
25-12-2019,2019-2020,3,P/A/22,CREDIT,ACCESSORY,1,408.48,408.48,508.48,1008.48,600,CHARGER 
25-12-2019,2019-2020,3,P/A/50,CASH,ACCESSORY,1,2281.36,2281.36,2381.36,2881.36,600,WIRELESS HEADSET
8/11/2018,2018-2019,3,P/M/A20,CREDIT,MOBILE,1,19919.64,19919.64,20919.64,21419.64,1500,MIDRANGE PHONE
8/11/2018,2018-2019,3,P/M/A20,MOBILE PAYMENTS,MOBILE,1,19919.64,19919.64,20919.64,21419.64,1500,MIDRANGE PHONE
25-12-2019,2019-2020,3,P/M/A2,CASH,MOBILE,1,7927.68,7927.68,8427.68,8927.68,1000,BUDGET PHONE
26-12-2019,2019-2020,3,P/A/22,DEBIT,ACCESSORY,1,408.48,408.48,508.48,1008.48,600,CHARGER 
8/11/2018,2018-2019,3,P/M/A20,CREDIT,MOBILE,1,19919.64,19919.64,20919.64,21419.64,1500,MIDRANGE PHONE
11/11/2018,2018-2019,3,P/M/A20,CREDIT,MOBILE,1,19919.64,19919.64,20919.64,21419.64,1500,MIDRANGE PHONE
26-12-2019,2019-2020,3,P/M/A4,MOBILE PAYMENTS,MOBILE,1,9401.78,9401.78,9901.78,10401.78,1000,BUDGET PHONE
26-12-2019,2019-2020,3,P/M/A77,MOBILE PAYMENTS,MOBILE,1,69927.68,69927.68,70927.68,71427.68,1500,FLAGSHIP PHONE
26-12-2019,2019-2020,3,P/M/A8,MOBILE PAYMENTS,MOBILE,1,11891.96,11891.96,12891.96,13391.96,1500,BUDGET PHONE
27-12-2019,2019-2020,3,P/M/A8,MOBILE PAYMENTS,MOBILE,1,11891.96,11891.96,12891.96,13391.96,1500,BUDGET PHONE
28-12-2019,2019-2020,3,P/A/22,CREDIT,ACCESSORY,1,408.48,408.48,508.48,1008.48,600,CHARGER 
11/11/2018,2018-2019,3,P/M/A20,DEBIT,MOBILE,1,19919.64,19919.64,20919.64,21419.64,1500,MIDRANGE PHONE
29-12-2019,2019-2020,3,P/A/6,CREDIT,ACCESSORY,1,20525.42,20525.42,21525.42,22025.42,1500,GALAXY WATCH
13-11-2018,2018-2019,3,P/M/A20,DEBIT,MOBILE,1,19919.64,19919.64,20919.64,21419.64,1500,MIDRANGE PHONE
13-11-2018,2018-2019,3,P/M/A20,MOBILE PAYMENTS,MOBILE,1,19919.64,19919.64,20919.64,21419.64,1500,MIDRANGE PHONE
29-12-2019,2019-2020,3,P/M/A2,MOBILE PAYMENTS,MOBILE,1,7927.68,7927.68,8427.68,8927.68,1000,BUDGET PHONE
29-12-2019,2019-2020,3,P/M/A4,DEBIT,MOBILE,1,10999.1,10999.1,11999.1,12499.1,1500,BUDGET PHONE
30-12-2019,2019-2020,3,P/M/A76,MOBILE PAYMENTS,MOBILE,1,60999.1,60999.1,61999.1,62499.1,1500,FLAGSHIP PHONE
30-12-2019,2019-2020,3,P/M/A77,DEBIT,MOBILE,1,69927.68,69927.68,70927.68,71427.68,1500,FLAGSHIP PHONE
31-12-2019,2019-2020,3,P/A/21,CASH,ACCESSORY,1,408.48,408.48,508.48,1008.48,600,CHARGER 
31-12-2019,2019-2020,3,P/A/41,MOBILE PAYMENTS,ACCESSORY,1,671.18,671.18,771.18,1271.18,600,POWER BANK
31-12-2019,2019-2020,3,P/A/47,CREDIT,ACCESSORY,1,1349.16,1349.16,1449.16,1949.16,600,WIRELESS HEADSET
17-11-2018,2018-2019,3,P/M/A20,CASH,MOBILE,1,19919.64,19919.64,20919.64,21419.64,1500,MIDRANGE PHONE
20-11-2018,2018-2019,3,P/M/A20,DEBIT,MOBILE,1,19919.64,19919.64,20919.64,21419.64,1500,MIDRANGE PHONE
31-12-2019,2019-2020,3,P/M/A24,CREDIT,MOBILE,1,873.22,873.22,973.22,1473.22,600,BUDGET PHONE
25-11-2018,2018-2019,3,P/M/A20,CREDIT,MOBILE,1,19919.64,19919.64,20919.64,21419.64,1500,MIDRANGE PHONE
26-11-2018,2018-2019,3,P/M/A20,MOBILE PAYMENTS,MOBILE,1,19919.64,19919.64,20919.64,21419.64,1500,MIDRANGE PHONE
2/12/2018,2018-2019,3,P/M/A20,MOBILE PAYMENTS,MOBILE,1,19919.64,19919.64,20919.64,21419.64,1500,MIDRANGE PHONE
8/11/2019,2019-2020,3,P/M/A12,CREDIT,MOBILE,1,19927.68,19927.68,20927.68,21427.68,1500,MIDRANGE PHONE
30-12-2020,2020-2021,3,P/M/A16,CREDIT,MOBILE,1,20449.16,20449.16,21449.16,21949.16,1500,MIDRANGE PHONE
2/10/2019,2019-2020,3,P/M/A11,DEBIT,MOBILE,1,20820.54,20820.54,21820.54,22320.54,1500,MIDRANGE PHONE
2/10/2019,2019-2020,3,P/M/A11,MOBILE PAYMENTS,MOBILE,1,20820.54,20820.54,21820.54,22320.54,1500,MIDRANGE PHONE
3/10/2019,2019-2020,3,P/M/A11,CREDIT,MOBILE,1,20820.54,20820.54,21820.54,22320.54,1500,MIDRANGE PHONE
3/10/2019,2019-2020,3,P/M/A11,DEBIT,MOBILE,1,20820.54,20820.54,21820.54,22320.54,1500,MIDRANGE PHONE
4/10/2019,2019-2020,3,P/M/A11,CASH,MOBILE,1,20820.54,20820.54,21820.54,22320.54,1500,MIDRANGE PHONE
4/10/2019,2019-2020,3,P/M/A11,CREDIT,MOBILE,1,20820.54,20820.54,21820.54,22320.54,1500,MIDRANGE PHONE
4/10/2019,2019-2020,3,P/M/A11,CREDIT,MOBILE,1,20820.54,20820.54,21820.54,22320.54,1500,MIDRANGE PHONE
6/10/2019,2019-2020,3,P/M/A11,DEBIT,MOBILE,1,20820.54,20820.54,21820.54,22320.54,1500,MIDRANGE PHONE
6/10/2019,2019-2020,3,P/M/A11,CASH,MOBILE,1,20820.54,20820.54,21820.54,22320.54,1500,MIDRANGE PHONE
6/10/2019,2019-2020,3,P/M/A11,DEBIT,MOBILE,1,20820.54,20820.54,21820.54,22320.54,1500,MIDRANGE PHONE
7/10/2019,2019-2020,3,P/M/A11,CREDIT,MOBILE,1,20820.54,20820.54,21820.54,22320.54,1500,MIDRANGE PHONE
8/10/2019,2019-2020,3,P/M/A11,CREDIT,MOBILE,1,20820.54,20820.54,21820.54,22320.54,1500,MIDRANGE PHONE
9/10/2019,2019-2020,3,P/M/A11,DEBIT,MOBILE,1,20820.54,20820.54,21820.54,22320.54,1500,MIDRANGE PHONE
16-10-2019,2019-2020,3,P/M/A11,DEBIT,MOBILE,1,20820.54,20820.54,21820.54,22320.54,1500,MIDRANGE PHONE
18-10-2019,2019-2020,3,P/M/A11,CASH,MOBILE,1,20820.54,20820.54,21820.54,22320.54,1500,MIDRANGE PHONE
19-10-2019,2019-2020,3,P/M/A11,CREDIT,MOBILE,1,20820.54,20820.54,21820.54,22320.54,1500,MIDRANGE PHONE
23-10-2019,2019-2020,3,P/M/A11,DEBIT,MOBILE,1,20820.54,20820.54,21820.54,22320.54,1500,MIDRANGE PHONE
23-10-2019,2019-2020,3,P/M/A11,CASH,MOBILE,1,20820.54,20820.54,21820.54,22320.54,1500,MIDRANGE PHONE
25-10-2019,2019-2020,3,P/M/A11,CREDIT,MOBILE,1,20820.54,20820.54,21820.54,22320.54,1500,MIDRANGE PHONE
1/11/2019,2019-2020,3,P/M/A11,MOBILE PAYMENTS,MOBILE,1,20820.54,20820.54,21820.54,22320.54,1500,MIDRANGE PHONE
15-11-2019,2019-2020,3,P/M/A11,MOBILE PAYMENTS,MOBILE,1,20820.54,20820.54,21820.54,22320.54,1500,MIDRANGE PHONE
25-10-2020,2020-2021,3,P/M/A72,CREDIT,MOBILE,1,21380.5,21380.5,22380.5,22880.5,1500,MIDRANGE PHONE
25-10-2020,2020-2021,3,P/M/A72,CREDIT,MOBILE,1,21380.5,21380.5,22380.5,22880.5,1500,MIDRANGE PHONE
6/11/2020,2020-2021,3,P/M/A72,DEBIT,MOBILE,1,21380.5,21380.5,22380.5,22880.5,1500,MIDRANGE PHONE
23-12-2018,2018-2019,3,P/M/A20,DEBIT,MOBILE,1,21705.36,21705.36,22705.36,23205.36,1500,MIDRANGE PHONE
25-12-2018,2018-2019,3,P/M/A20,CREDIT,MOBILE,1,21705.36,21705.36,22705.36,23205.36,1500,MIDRANGE PHONE
11/12/2019,2019-2020,3,P/M/A16,MOBILE PAYMENTS,MOBILE,1,21713.4,21713.4,22713.4,23213.4,1500,MIDRANGE PHONE
19-10-2018,2018-2019,3,P/M/A14,CREDIT,MOBILE,1,21714.28,21714.28,22714.28,23214.28,1500,MIDRANGE PHONE
9/11/2020,2020-2021,3,P/M/A17,DEBIT,MOBILE,1,22771.18,22771.18,23771.18,24271.18,1500,MIDRANGE PHONE
6/12/2019,2019-2020,3,P/M/A16,DEBIT,MOBILE,1,23499.11,23499.11,24499.11,24999.11,1500,MIDRANGE PHONE
14-10-2020,2020-2021,3,P/M/A17,DEBIT,MOBILE,1,26499.16,26499.16,27499.16,27999.16,1500,MIDRANGE PHONE
21-10-2020,2020-2021,3,P/M/A17,MOBILE PAYMENTS,MOBILE,1,26499.16,26499.16,27499.16,27999.16,1500,MIDRANGE PHONE
24-10-2020,2020-2021,3,P/M/A17,CASH,MOBILE,1,26499.16,26499.16,27499.16,27999.16,1500,MIDRANGE PHONE
30-10-2020,2020-2021,3,P/M/A17,CASH,MOBILE,1,26499.16,26499.16,27499.16,27999.16,1500,MIDRANGE PHONE
5/11/2020,2020-2021,3,P/M/A17,DEBIT,MOBILE,1,26499.16,26499.16,27499.16,27999.16,1500,MIDRANGE PHONE
7/11/2020,2020-2021,3,P/M/A17,DEBIT,MOBILE,1,26499.16,26499.16,27499.16,27999.16,1500,MIDRANGE PHONE
19-11-2020,2020-2021,3,P/M/A17,CREDIT,MOBILE,1,26499.16,26499.16,27499.16,27999.16,1500,MIDRANGE PHONE
23-11-2020,2020-2021,3,P/M/A17,CREDIT,MOBILE,1,26499.16,26499.16,27499.16,27999.16,1500,MIDRANGE PHONE
5/12/2020,2020-2021,3,P/M/A17,DEBIT,MOBILE,1,26499.16,26499.16,27499.16,27999.16,1500,MIDRANGE PHONE
20-12-2020,2020-2021,3,P/M/A17,DEBIT,MOBILE,1,26499.16,26499.16,27499.16,27999.16,1500,MIDRANGE PHONE
22-12-2020,2020-2021,3,P/M/A17,CASH,MOBILE,1,26499.16,26499.16,27499.16,27999.16,1500,MIDRANGE PHONE
1/11/2018,2018-2019,3,P/M/A20,CREDIT,MOBILE,1,23633.93,23633.93,24633.93,25133.93,1500,MIDRANGE PHONE
30-11-2018,2018-2019,3,P/M/A20,CASH,MOBILE,1,23678.58,23678.58,24678.58,25178.58,1500,MIDRANGE PHONE
2/12/2018,2018-2019,3,P/M/A20,MOBILE PAYMENTS,MOBILE,1,23678.58,23678.58,24678.58,25178.58,1500,MIDRANGE PHONE
15-11-2018,2018-2019,3,P/T/S7,CREDIT,TABLET,1,23915.26,23915.26,24915.26,25415.26,1500,MIDRANGE TAB
3/12/2018,2018-2019,3,P/T/S7,DEBIT,TABLET,1,23915.26,23915.26,24915.26,25415.26,1500,MIDRANGE TAB
25-12-2018,2018-2019,3,P/T/S7,CREDIT,TABLET,1,23915.26,23915.26,24915.26,25415.26,1500,MIDRANGE TAB
28-10-2018,2018-2019,3,P/M/A20,CREDIT,MOBILE,1,24383.92,24383.92,25383.92,25883.92,1500,MIDRANGE PHONE
5/11/2018,2018-2019,3,P/M/A20,CREDIT,MOBILE,1,24383.92,24383.92,25383.92,25883.92,1500,MIDRANGE PHONE
9/11/2018,2018-2019,3,P/M/A20,CASH,MOBILE,1,24383.92,24383.92,25383.92,25883.92,1500,MIDRANGE PHONE
13-11-2018,2018-2019,3,P/M/A20,DEBIT,MOBILE,1,24383.92,24383.92,25383.92,25883.92,1500,MIDRANGE PHONE
17-11-2018,2018-2019,3,P/M/A20,CREDIT,MOBILE,1,24383.92,24383.92,25383.92,25883.92,1500,MIDRANGE PHONE
1/12/2018,2018-2019,3,P/M/A20,DEBIT,MOBILE,1,24383.92,24383.92,25383.92,25883.92,1500,MIDRANGE PHONE
14-12-2018,2018-2019,3,P/M/A20,DEBIT,MOBILE,1,24383.92,24383.92,25383.92,25883.92,1500,MIDRANGE PHONE
9/10/2019,2019-2020,3,P/M/A15,MOBILE PAYMENTS,MOBILE,1,24383.92,24383.92,25383.92,25883.92,1500,MIDRANGE PHONE
20-10-2019,2019-2020,3,P/M/A15,DEBIT,MOBILE,1,24383.92,24383.92,25383.92,25883.92,1500,MIDRANGE PHONE
1/11/2019,2019-2020,3,P/M/A15,DEBIT,MOBILE,1,24383.92,24383.92,25383.92,25883.92,1500,MIDRANGE PHONE
2/10/2020,2020-2021,3,P/A/25,MOBILE PAYMENTS,ACCESSORY,1,1941.52,1941.52,2041.52,2541.52,600,CHARGER 
2/10/2020,2020-2021,3,P/M/A5,CASH,MOBILE,1,11211.02,11211.02,12211.02,12711.02,1500,BUDGET PHONE
2/10/2020,2020-2021,3,P/M/A79,CREDIT,MOBILE,1,101550,101550,102550,103050,1500,LUXURY PHONE
3/10/2020,2020-2021,3,P/M/A65,DEBIT,MOBILE,1,4083.9,4083.9,4583.9,5083.9,1000,BUDGET PHONE
3/10/2020,2020-2021,3,P/M/A65,CASH,MOBILE,1,3236.44,3236.44,3736.44,4236.44,1000,BUDGET PHONE
3/10/2020,2020-2021,3,P/M/A67,MOBILE PAYMENTS,MOBILE,1,9168.64,9168.64,9668.64,10168.64,1000,BUDGET PHONE
4/10/2020,2020-2021,3,P/A/41,CREDIT,ACCESSORY,1,671.18,671.18,771.18,1271.18,600,POWER BANK
4/10/2020,2020-2021,3,P/M/A5,MOBILE PAYMENTS,MOBILE,1,11211.02,11211.02,12211.02,12711.02,1500,BUDGET PHONE
7/10/2020,2020-2021,3,P/A/11,DEBIT,ACCESSORY,1,48152.54,48152.54,49152.54,49652.54,1500,GALAXY WATCH
7/10/2020,2020-2021,3,P/M/A5,DEBIT,MOBILE,1,48152.54,48152.54,49152.54,49652.54,1500,PREMIUM MIDRANGE PHONE
8/10/2020,2020-2021,3,P/M/A76,DEBIT,MOBILE,1,60105.94,60105.94,61105.94,61605.94,1500,FLAGSHIP PHONE
9/10/2020,2020-2021,3,P/M/A5,MOBILE PAYMENTS,MOBILE,1,11211.02,11211.02,12211.02,12711.02,1500,BUDGET PHONE
11/10/2020,2020-2021,3,P/M/A67,CREDIT,MOBILE,1,9168.64,9168.64,9668.64,10168.64,1000,BUDGET PHONE
11/10/2020,2020-2021,3,P/T/S2,DEBIT,TABLET,1,9161.02,9161.02,9661.02,10161.02,1000,BUDGET TABLET
12/10/2020,2020-2021,3,P/M/A65,DEBIT,MOBILE,1,4254.24,4254.24,4754.24,5254.24,1000,BUDGET PHONE
13-10-2020,2020-2021,3,P/M/A65,CREDIT,MOBILE,1,3236.44,3236.44,3736.44,4236.44,1000,BUDGET PHONE
5/10/2019,2019-2020,3,P/M/A16,MOBILE PAYMENTS,MOBILE,1,24391.96,24391.96,25391.96,25891.96,1500,MIDRANGE PHONE
12/10/2019,2019-2020,3,P/M/A16,MOBILE PAYMENTS,MOBILE,1,24391.96,24391.96,25391.96,25891.96,1500,MIDRANGE PHONE
15-10-2020,2020-2021,3,P/A/41,MOBILE PAYMENTS,ACCESSORY,1,586.44,586.44,686.44,1186.44,600,POWER BANK
15-10-2020,2020-2021,3,P/M/A67,CASH,MOBILE,1,9168.64,9168.64,9668.64,10168.64,1000,BUDGET PHONE
15-10-2020,2020-2021,3,P/M/A78,DEBIT,MOBILE,1,64600.84,64600.84,65600.84,66100.84,1500,FLAGSHIP PHONE
16-10-2020,2020-2021,3,P/M/A66,CREDIT,MOBILE,1,5778.82,5778.82,6278.82,6778.82,1000,BUDGET PHONE
17-10-2020,2020-2021,3,P/A/26,DEBIT,ACCESSORY,1,1942.38,1942.38,2042.38,2542.38,600,CHARGER 
17-10-2020,2020-2021,3,P/A/26,MOBILE PAYMENTS,ACCESSORY,1,1942.38,1942.38,2042.38,2542.38,600,CHARGER 
17-10-2020,2020-2021,3,P/M/A78,DEBIT,MOBILE,1,64600.84,64600.84,65600.84,66100.84,1500,FLAGSHIP PHONE
18-10-2020,2020-2021,3,P/M/A2,CREDIT,MOBILE,1,6800.84,6800.84,7300.84,7800.84,1000,BUDGET PHONE
18-10-2020,2020-2021,3,P/M/A5,CASH,MOBILE,1,13330.5,13330.5,14330.5,14830.5,1500,BUDGET PHONE
18-10-2020,2020-2021,3,P/M/A5,CASH,MOBILE,1,11211.02,11211.02,12211.02,12711.02,1500,BUDGET PHONE
19-10-2020,2020-2021,3,P/A/35,CREDIT,ACCESSORY,1,1857.62,1857.62,1957.62,2457.62,600,COVER
19-10-2020,2020-2021,3,P/M/A66,CREDIT,MOBILE,1,5778.82,5778.82,6278.82,6778.82,1000,BUDGET PHONE
22-10-2019,2019-2020,3,P/M/A16,CREDIT,MOBILE,1,24391.96,24391.96,25391.96,25891.96,1500,MIDRANGE PHONE
20-10-2020,2020-2021,3,P/A/22,CASH,ACCESSORY,1,408.48,408.48,508.48,1008.48,600,CHARGER 
20-10-2020,2020-2021,3,P/A/45,MOBILE PAYMENTS,ACCESSORY,1,9347.46,9347.46,10347.46,10847.46,1500,WIRELESS EARPHONES
20-10-2020,2020-2021,3,P/M/A36,MOBILE PAYMENTS,MOBILE,1,40872.04,40872.04,41872.04,42372.04,1500,PREMIUM MIDRANGE PHONE
25-10-2019,2019-2020,3,P/M/A16,MOBILE PAYMENTS,MOBILE,1,24391.96,24391.96,25391.96,25891.96,1500,MIDRANGE PHONE
28-10-2019,2019-2020,3,P/M/A16,DEBIT,MOBILE,1,24391.96,24391.96,25391.96,25891.96,1500,MIDRANGE PHONE
21-10-2020,2020-2021,3,P/A/24,CREDIT,ACCESSORY,1,925.42,925.42,1025.42,1525.42,600,CHARGER 
21-10-2020,2020-2021,3,P/A/35,DEBIT,ACCESSORY,1,1306.78,1306.78,1406.78,1906.78,600,COVER
28-10-2019,2019-2020,3,P/M/A16,MOBILE PAYMENTS,MOBILE,1,24391.96,24391.96,25391.96,25891.96,1500,MIDRANGE PHONE
22-10-2020,2020-2021,3,P/M/A65,MOBILE PAYMENTS,MOBILE,1,3236.44,3236.44,3736.44,4236.44,1000,BUDGET PHONE
22-10-2020,2020-2021,3,P/T/S12,DEBIT,TABLET,1,52736.44,52736.44,53736.44,54236.44,1500,FLAGSHIP TAB
23-10-2020,2020-2021,3,P/M/A24,CREDIT,MOBILE,1,806.78,806.78,906.78,1406.78,600,BUDGET PHONE
29-10-2019,2019-2020,3,P/M/A16,CASH,MOBILE,1,24391.96,24391.96,25391.96,25891.96,1500,MIDRANGE PHONE
24-10-2020,2020-2021,3,P/M/A48,MOBILE PAYMENTS,MOBILE,1,64600.84,64600.84,65600.84,66100.84,1500,FLAGSHIP PHONE
25-10-2020,2020-2021,3,P/A/24,CREDIT,ACCESSORY,1,925.42,925.42,1025.42,1525.42,600,CHARGER 
25-10-2020,2020-2021,3,P/M/A24,MOBILE PAYMENTS,MOBILE,1,849.16,849.16,949.16,1449.16,600,BUDGET PHONE
25-10-2020,2020-2021,3,P/M/A48,MOBILE PAYMENTS,MOBILE,1,64600.84,64600.84,65600.84,66100.84,1500,FLAGSHIP PHONE
25-10-2020,2020-2021,3,P/M/A5,MOBILE PAYMENTS,MOBILE,1,11211.02,11211.02,12211.02,12711.02,1500,BUDGET PHONE
5/12/2019,2019-2020,3,P/M/A16,CASH,MOBILE,1,24391.96,24391.96,25391.96,25891.96,1500,MIDRANGE PHONE
8/12/2019,2019-2020,3,P/M/A16,CREDIT,MOBILE,1,24391.96,24391.96,25391.96,25891.96,1500,MIDRANGE PHONE
10/12/2019,2019-2020,3,P/M/A16,CASH,MOBILE,1,24391.96,24391.96,25391.96,25891.96,1500,MIDRANGE PHONE
22-12-2019,2019-2020,3,P/M/A16,MOBILE PAYMENTS,MOBILE,1,24391.96,24391.96,25391.96,25891.96,1500,MIDRANGE PHONE
22-12-2019,2019-2020,3,P/M/A16,DEBIT,MOBILE,1,24391.96,24391.96,25391.96,25891.96,1500,MIDRANGE PHONE
27-10-2020,2020-2021,3,P/M/A23,CREDIT,MOBILE,1,628.82,628.82,728.82,1228.82,600,BUDGET PHONE
28-10-2020,2020-2021,3,P/M/A67,DEBIT,MOBILE,1,9168.64,9168.64,9668.64,10168.64,1000,BUDGET PHONE
30-10-2020,2020-2021,3,P/A/22,DEBIT,ACCESSORY,1,408.48,408.48,508.48,1008.48,600,CHARGER 
30-10-2020,2020-2021,3,P/M/A36,DEBIT,MOBILE,1,40872.04,40872.04,41872.04,42372.04,1500,PREMIUM MIDRANGE PHONE
30-10-2020,2020-2021,3,P/M/A5,CASH,MOBILE,1,11211.02,11211.02,12211.02,12711.02,1500,BUDGET PHONE
30-10-2020,2020-2021,3,P/M/A73,CREDIT,MOBILE,1,30702.54,30702.54,31702.54,32202.54,1500,PREMIUM MIDRANGE PHONE
30-10-2020,2020-2021,3,P/T/S2,MOBILE PAYMENTS,TABLET,1,9169.5,9169.5,9669.5,10169.5,1000,BUDGET TABLET
31-10-2020,2020-2021,3,P/A/22,CASH,ACCESSORY,1,408.48,408.48,508.48,1008.48,600,CHARGER 
3/11/2020,2020-2021,3,P/A/35,MOBILE PAYMENTS,ACCESSORY,1,2111.86,2111.86,2211.86,2711.86,600,COVER
3/11/2020,2020-2021,3,P/M/A65,CASH,MOBILE,1,4083.9,4083.9,4583.9,5083.9,1000,BUDGET PHONE
3/11/2020,2020-2021,3,P/M/A79,CREDIT,MOBILE,1,101550,101550,102550,103050,1500,LUXURY PHONE
4/11/2020,2020-2021,3,P/M/A24,CASH,MOBILE,1,849.16,849.16,949.16,1449.16,600,BUDGET PHONE
4/11/2020,2020-2021,3,P/M/A67,CASH,MOBILE,1,9168.64,9168.64,9668.64,10168.64,1000,BUDGET PHONE
5/11/2020,2020-2021,3,P/A/35,MOBILE PAYMENTS,ACCESSORY,1,1518.64,1518.64,1618.64,2118.64,600,COVER
5/11/2020,2020-2021,3,P/M/A36,MOBILE PAYMENTS,MOBILE,1,46872.04,46872.04,47872.04,48372.04,1500,PREMIUM MIDRANGE PHONE
5/11/2020,2020-2021,3,P/M/A48,DEBIT,MOBILE,1,64600.85,64600.85,65600.85,66100.85,1500,FLAGSHIP PHONE
5/11/2020,2020-2021,3,P/M/A65,DEBIT,MOBILE,1,4083.9,4083.9,4583.9,5083.9,1000,BUDGET PHONE
6/11/2020,2020-2021,3,P/A/47,DEBIT,ACCESSORY,1,1349.16,1349.16,1449.16,1949.16,600,WIRELESS HEADSET
6/11/2020,2020-2021,3,P/M/A78,DEBIT,MOBILE,1,64600.84,64600.84,65600.84,66100.84,1500,FLAGSHIP PHONE
8/11/2020,2020-2021,3,P/M/A5,MOBILE PAYMENTS,MOBILE,1,11211.02,11211.02,12211.02,12711.02,1500,BUDGET PHONE
8/11/2020,2020-2021,3,P/M/A65,CREDIT,MOBILE,1,4254.24,4254.24,4754.24,5254.24,1000,BUDGET PHONE
8/11/2020,2020-2021,3,P/M/A79,CREDIT,MOBILE,1,101550,101550,102550,103050,1500,LUXURY PHONE
16-10-2018,2018-2019,3,P/M/A40,CREDIT,MOBILE,1,25196.42,25196.42,26196.42,26696.42,1500,MIDRANGE PHONE
9/11/2020,2020-2021,3,P/M/A24,CASH,MOBILE,1,883.06,883.06,983.06,1483.06,600,BUDGET PHONE
9/11/2020,2020-2021,3,P/M/A48,DEBIT,MOBILE,1,64600.84,64600.84,65600.84,66100.84,1500,FLAGSHIP PHONE
10/11/2020,2020-2021,3,P/M/A66,CREDIT,MOBILE,1,5949.16,5949.16,6449.16,6949.16,1000,BUDGET PHONE
15-12-2018,2018-2019,3,P/M/A28,DEBIT,MOBILE,1,25196.42,25196.42,26196.42,26696.42,1500,MIDRANGE PHONE
11/11/2020,2020-2021,3,P/M/A5,MOBILE PAYMENTS,MOBILE,1,13330.5,13330.5,14330.5,14830.5,1500,BUDGET PHONE
7/11/2019,2019-2020,3,P/M/A17,MOBILE PAYMENTS,MOBILE,1,25284.82,25284.82,26284.82,26784.82,1500,MIDRANGE PHONE
12/11/2020,2020-2021,3,P/M/A67,DEBIT,MOBILE,1,9168.64,9168.64,9668.64,10168.64,1000,BUDGET PHONE
15-11-2020,2020-2021,3,P/M/A67,CASH,MOBILE,1,9168.64,9168.64,9668.64,10168.64,1000,BUDGET PHONE
15-11-2020,2020-2021,3,P/M/A67,CASH,MOBILE,1,9168.64,9168.64,9668.64,10168.64,1000,BUDGET PHONE
16-11-2020,2020-2021,3,P/M/A36,CREDIT,MOBILE,1,46872.04,46872.04,47872.04,48372.04,1500,PREMIUM MIDRANGE PHONE
17-11-2020,2020-2021,3,P/A/47,CREDIT,ACCESSORY,1,1518.64,1518.64,1618.64,2118.64,600,WIRELESS HEADSET
17-11-2020,2020-2021,3,P/M/A36,CREDIT,MOBILE,1,46872.04,46872.04,47872.04,48372.04,1500,PREMIUM MIDRANGE PHONE
17-11-2020,2020-2021,3,P/M/A65,DEBIT,MOBILE,1,4083.9,4083.9,4583.9,5083.9,1000,BUDGET PHONE
17-11-2020,2020-2021,3,P/M/A8,CASH,MOBILE,1,12779.66,12779.66,13779.66,14279.66,1500,BUDGET PHONE
18-11-2020,2020-2021,3,P/A/21,MOBILE PAYMENTS,ACCESSORY,1,408.48,408.48,508.48,1008.48,600,CHARGER 
18-11-2020,2020-2021,3,P/A/22,DEBIT,ACCESSORY,1,408.48,408.48,508.48,1008.48,600,CHARGER 
19-11-2020,2020-2021,3,P/A/47,MOBILE PAYMENTS,ACCESSORY,1,1603.38,1603.38,1703.38,2203.38,600,WIRELESS HEADSET
20-11-2020,2020-2021,3,P/A/35,MOBILE PAYMENTS,ACCESSORY,1,1942.38,1942.38,2042.38,2542.38,600,COVER
20-11-2020,2020-2021,3,P/M/A49,CREDIT,MOBILE,1,101550,101550,102550,103050,1500,LUXURY PHONE
21-11-2020,2020-2021,3,P/A/21,CASH,ACCESSORY,1,332.2,332.2,432.2,932.2,600,CHARGER 
22-11-2020,2020-2021,3,P/A/25,CASH,ACCESSORY,1,1941.52,1941.52,2041.52,2541.52,600,CHARGER 
25-10-2020,2020-2021,3,P/M/A80,DEBIT,MOBILE,1,27617.8,27617.8,28617.8,29117.8,1500,MIDRANGE PHONE
26-11-2020,2020-2021,3,P/M/A67,MOBILE PAYMENTS,MOBILE,1,9168.64,9168.64,9668.64,10168.64,1000,BUDGET PHONE
6/11/2020,2020-2021,3,P/M/A80,DEBIT,MOBILE,1,27617.8,27617.8,28617.8,29117.8,1500,MIDRANGE PHONE
28-11-2020,2020-2021,3,P/M/A67,MOBILE PAYMENTS,MOBILE,1,7897.46,7897.46,8397.46,8897.46,1000,BUDGET PHONE
29-11-2020,2020-2021,3,P/M/A36,MOBILE PAYMENTS,MOBILE,1,46872.04,46872.04,47872.04,48372.04,1500,PREMIUM MIDRANGE PHONE
29-11-2020,2020-2021,3,P/M/A47,DEBIT,MOBILE,2,57605.93,115211.86,58605.93,118211.86,3000,FLAGSHIP PHONE
29-11-2020,2020-2021,3,P/M/A65,CASH,MOBILE,1,4083.9,4083.9,4583.9,5083.9,1000,BUDGET PHONE
30-11-2020,2020-2021,3,P/M/A66,MOBILE PAYMENTS,MOBILE,1,5949.16,5949.16,6449.16,6949.16,1000,BUDGET PHONE
3/12/2020,2020-2021,3,P/M/A36,MOBILE PAYMENTS,MOBILE,1,46872.04,46872.04,47872.04,48372.04,1500,PREMIUM MIDRANGE PHONE
7/11/2020,2020-2021,3,P/M/A80,CASH,MOBILE,1,27617.8,27617.8,28617.8,29117.8,1500,MIDRANGE PHONE
8/11/2020,2020-2021,3,P/M/A80,CREDIT,MOBILE,1,27617.8,27617.8,28617.8,29117.8,1500,MIDRANGE PHONE
6/12/2020,2020-2021,3,P/A/25,MOBILE PAYMENTS,ACCESSORY,1,1772.88,1772.88,1872.88,2372.88,600,CHARGER 
6/12/2020,2020-2021,3,P/M/A23,CREDIT,MOBILE,1,628.82,628.82,728.82,1228.82,600,BUDGET PHONE
11/11/2020,2020-2021,3,P/M/A80,MOBILE PAYMENTS,MOBILE,1,27617.8,27617.8,28617.8,29117.8,1500,MIDRANGE PHONE
12/11/2020,2020-2021,3,P/M/A80,CASH,MOBILE,1,27617.8,27617.8,28617.8,29117.8,1500,MIDRANGE PHONE
13-11-2020,2020-2021,3,P/M/A80,DEBIT,MOBILE,1,27617.8,27617.8,28617.8,29117.8,1500,MIDRANGE PHONE
10/12/2020,2020-2021,3,P/A/22,DEBIT,ACCESSORY,1,408.48,408.48,508.48,1008.48,600,CHARGER 
10/12/2020,2020-2021,3,P/M/A67,CREDIT,MOBILE,1,9168.64,9168.64,9668.64,10168.64,1000,BUDGET PHONE
11/12/2020,2020-2021,3,P/A/45,DEBIT,ACCESSORY,1,9508.48,9508.48,10508.48,11008.48,1500,WIRELESS EARPHONES
7/12/2020,2020-2021,3,P/M/A80,DEBIT,MOBILE,1,27617.8,27617.8,28617.8,29117.8,1500,MIDRANGE PHONE
12/12/2020,2020-2021,3,P/M/A36,DEBIT,MOBILE,1,46872.04,46872.04,47872.04,48372.04,1500,PREMIUM MIDRANGE PHONE
12/12/2020,2020-2021,3,P/M/A36,CREDIT,MOBILE,1,46872.04,46872.04,47872.04,48372.04,1500,PREMIUM MIDRANGE PHONE
13-12-2020,2020-2021,3,P/M/A36,DEBIT,MOBILE,1,46872.04,46872.04,47872.04,48372.04,1500,PREMIUM MIDRANGE PHONE
13-12-2020,2020-2021,3,P/M/A66,DEBIT,MOBILE,1,5778.82,5778.82,6278.82,6778.82,1000,BUDGET PHONE
15-12-2020,2020-2021,3,P/M/A36,MOBILE PAYMENTS,MOBILE,1,46872.04,46872.04,47872.04,48372.04,1500,PREMIUM MIDRANGE PHONE
15-12-2020,2020-2021,3,P/M/A36,DEBIT,MOBILE,1,46872.04,46872.04,47872.04,48372.04,1500,PREMIUM MIDRANGE PHONE
11/12/2020,2020-2021,3,P/M/A17,CASH,MOBILE,1,25650.84,25650.84,26650.84,27150.84,1500,MIDRANGE PHONE
16-12-2020,2020-2021,3,P/A/45,CREDIT,ACCESSORY,1,9169.5,9169.5,9669.5,10169.5,1000,WIRELESS EARPHONES
16-12-2020,2020-2021,3,P/M/A67,DEBIT,MOBILE,1,9168.64,9168.64,9668.64,10168.64,1000,BUDGET PHONE
18-12-2020,2020-2021,3,P/M/A67,MOBILE PAYMENTS,MOBILE,1,9168.64,9168.64,9668.64,10168.64,1000,BUDGET PHONE
18-12-2020,2020-2021,3,P/M/A69,DEBIT,MOBILE,1,11892.38,11892.38,12892.38,13392.38,1500,BUDGET PHONE
22-12-2020,2020-2021,3,P/M/A24,MOBILE PAYMENTS,MOBILE,1,925.42,925.42,1025.42,1525.42,600,BUDGET PHONE
22-12-2020,2020-2021,3,P/M/A36,DEBIT,MOBILE,1,46872.04,46872.04,47872.04,48372.04,1500,PREMIUM MIDRANGE PHONE
22-12-2020,2020-2021,3,P/M/A67,MOBILE PAYMENTS,MOBILE,1,8322.04,8322.04,8822.04,9322.04,1000,BUDGET PHONE
22-12-2020,2020-2021,3,P/M/A69,MOBILE PAYMENTS,MOBILE,1,11892.38,11892.38,12892.38,13392.38,1500,BUDGET PHONE
24-12-2020,2020-2021,3,P/M/A36,MOBILE PAYMENTS,MOBILE,1,46872.04,46872.04,47872.04,48372.04,1500,PREMIUM MIDRANGE PHONE
24-12-2020,2020-2021,3,P/M/A78,CREDIT,MOBILE,1,64600.84,64600.84,65600.84,66100.84,1500,FLAGSHIP PHONE
25-12-2020,2020-2021,3,P/A/21,DEBIT,ACCESSORY,1,408.48,408.48,508.48,1008.48,600,CHARGER 
25-12-2020,2020-2021,3,P/A/26,CREDIT,ACCESSORY,1,3236.44,3236.44,3736.44,4236.44,1000,CHARGER 
26-12-2020,2020-2021,3,P/A/41,CASH,ACCESSORY,1,586.44,586.44,686.44,1186.44,600,POWER BANK
27-12-2020,2020-2021,3,P/M/A67,CREDIT,MOBILE,1,7897.46,7897.46,8397.46,8897.46,1000,BUDGET PHONE
29-12-2020,2020-2021,3,P/A/25,MOBILE PAYMENTS,ACCESSORY,1,1941.52,1941.52,2041.52,2541.52,600,CHARGER 
29-12-2020,2020-2021,3,P/A/35,CREDIT,ACCESSORY,1,1942.38,1942.38,2042.38,2542.38,600,COVER
29-12-2020,2020-2021,3,P/M/A35,CREDIT,MOBILE,1,39177.12,39177.12,40177.12,40677.12,1500,PREMIUM MIDRANGE PHONE
30-12-2020,2020-2021,3,P/M/A36,CREDIT,MOBILE,1,40872.03,40872.03,41872.03,42372.03,1500,PREMIUM MIDRANGE PHONE
12/10/2019,2019-2020,3,P/M/A16,MOBILE PAYMENTS,MOBILE,1,26177.68,26177.68,27177.68,27677.68,1500,MIDRANGE PHONE
14-10-2019,2019-2020,3,P/M/A16,DEBIT,MOBILE,1,26177.68,26177.68,27177.68,27677.68,1500,MIDRANGE PHONE
25-10-2019,2019-2020,3,P/M/A16,CREDIT,MOBILE,1,26177.68,26177.68,27177.68,27677.68,1500,MIDRANGE PHONE
30-11-2019,2019-2020,3,P/M/A16,CREDIT,MOBILE,1,26177.68,26177.68,27177.68,27677.68,1500,MIDRANGE PHONE
14-12-2019,2019-2020,3,P/M/A16,DEBIT,MOBILE,1,26177.68,26177.68,27177.68,27677.68,1500,MIDRANGE PHONE
25-12-2019,2019-2020,3,P/M/A16,MOBILE PAYMENTS,MOBILE,1,26177.68,26177.68,27177.68,27677.68,1500,MIDRANGE PHONE
29-01-2019,2018-2019,4,P/T/S4,CREDIT,TABLET,1,13669.5,13669.5,14669.5,15169.5,1500,MIDRANGE TAB
4/3/2019,2018-2019,4,P/T/S4,DEBIT,TABLET,1,13669.5,13669.5,14669.5,15169.5,1500,MIDRANGE TAB
2/3/2019,2018-2019,4,P/M/A7,CREDIT,MOBILE,1,13669.64,13669.64,14669.64,15169.64,1500,MIDRANGE PHONE
4/3/2019,2018-2019,4,P/M/A7,DEBIT,MOBILE,1,13669.64,13669.64,14669.64,15169.64,1500,MIDRANGE PHONE
1/1/2019,2018-2019,4,P/M/A46,CREDIT,MOBILE,1,103767.86,103767.86,104767.86,105267.86,1500,LUXURY PHONE
5/3/2019,2018-2019,4,P/M/A7,CREDIT,MOBILE,1,13669.64,13669.64,14669.64,15169.64,1500,MIDRANGE PHONE
25-01-2021,2020-2021,4,P/M/A52,CREDIT,MOBILE,1,101550,101550,102550,103050,1500,LUXURY PHONE
8/3/2019,2018-2019,4,P/M/A7,MOBILE PAYMENTS,MOBILE,1,13669.64,13669.64,14669.64,15169.64,1500,MIDRANGE PHONE
10/3/2019,2018-2019,4,P/M/A7,CREDIT,MOBILE,1,13669.64,13669.64,14669.64,15169.64,1500,MIDRANGE PHONE
10/3/2019,2018-2019,4,P/M/A7,DEBIT,MOBILE,1,13669.64,13669.64,14669.64,15169.64,1500,MIDRANGE PHONE
8/3/2020,2019-2020,4,P/M/A48,MOBILE PAYMENTS,MOBILE,1,64570.54,64570.54,65570.54,66070.54,1500,FLAGSHIP PHONE
6/3/2019,2018-2019,4,P/M/A46,MOBILE PAYMENTS,MOBILE,1,64482.14,64482.14,65482.14,65982.14,1500,FLAGSHIP PHONE
13-03-2019,2018-2019,4,P/M/A7,DEBIT,MOBILE,1,13669.64,13669.64,14669.64,15169.64,1500,MIDRANGE PHONE
6/3/2019,2018-2019,4,P/M/A46,MOBILE PAYMENTS,MOBILE,1,64482.14,64482.14,65482.14,65982.14,1500,FLAGSHIP PHONE
15-03-2019,2018-2019,4,P/M/A7,DEBIT,MOBILE,1,13669.64,13669.64,14669.64,15169.64,1500,MIDRANGE PHONE
16-03-2019,2018-2019,4,P/M/A7,DEBIT,MOBILE,1,13669.64,13669.64,14669.64,15169.64,1500,MIDRANGE PHONE
22-03-2019,2018-2019,4,P/M/A7,CREDIT,MOBILE,1,13669.64,13669.64,14669.64,15169.64,1500,MIDRANGE PHONE
22-03-2019,2018-2019,4,P/M/A7,MOBILE PAYMENTS,MOBILE,1,13669.64,13669.64,14669.64,15169.64,1500,MIDRANGE PHONE
24-03-2019,2018-2019,4,P/M/A7,CREDIT,MOBILE,1,13669.64,13669.64,14669.64,15169.64,1500,MIDRANGE PHONE
25-03-2019,2018-2019,4,P/M/A7,DEBIT,MOBILE,1,13669.64,13669.64,14669.64,15169.64,1500,MIDRANGE PHONE
26-03-2019,2018-2019,4,P/M/A7,DEBIT,MOBILE,1,13669.64,13669.64,14669.64,15169.64,1500,MIDRANGE PHONE
28-03-2019,2018-2019,4,P/M/A7,MOBILE PAYMENTS,MOBILE,1,13669.64,13669.64,14669.64,15169.64,1500,MIDRANGE PHONE
6/3/2019,2018-2019,4,P/M/A46,MOBILE PAYMENTS,MOBILE,1,64482.14,64482.14,65482.14,65982.14,1500,FLAGSHIP PHONE
31-03-2019,2018-2019,4,P/M/A7,MOBILE PAYMENTS,MOBILE,1,13669.64,13669.64,14669.64,15169.64,1500,MIDRANGE PHONE
15-03-2020,2019-2020,4,P/M/A7,DEBIT,MOBILE,1,13669.64,13669.64,14669.64,15169.64,1500,MIDRANGE PHONE
15-03-2020,2019-2020,4,P/M/A7,DEBIT,MOBILE,1,13669.64,13669.64,14669.64,15169.64,1500,MIDRANGE PHONE
8/3/2020,2019-2020,4,P/M/A70,CREDIT,MOBILE,1,13677.68,13677.68,14677.68,15177.68,1500,MIDRANGE PHONE
7/3/2019,2018-2019,4,P/M/A46,MOBILE PAYMENTS,MOBILE,1,64482.14,64482.14,65482.14,65982.14,1500,FLAGSHIP PHONE
7/3/2019,2018-2019,4,P/M/A46,MOBILE PAYMENTS,MOBILE,1,64482.14,64482.14,65482.14,65982.14,1500,FLAGSHIP PHONE
9/1/2021,2020-2021,4,P/M/A9,MOBILE PAYMENTS,MOBILE,1,23753.38,23753.38,24753.38,25253.38,1500,MIDRANGE PHONE
9/1/2021,2020-2021,4,P/M/A9,CREDIT,MOBILE,1,23753.38,23753.38,24753.38,25253.38,1500,MIDRANGE PHONE
10/1/2021,2020-2021,4,P/M/A9,CREDIT,MOBILE,1,23753.38,23753.38,24753.38,25253.38,1500,MIDRANGE PHONE
12/1/2021,2020-2021,4,P/M/A9,MOBILE PAYMENTS,MOBILE,1,23753.38,23753.38,24753.38,25253.38,1500,MIDRANGE PHONE
19-01-2021,2020-2021,4,P/M/A9,MOBILE PAYMENTS,MOBILE,1,23753.38,23753.38,24753.38,25253.38,1500,MIDRANGE PHONE
21-01-2021,2020-2021,4,P/M/A9,CREDIT,MOBILE,1,23753.38,23753.38,24753.38,25253.38,1500,MIDRANGE PHONE
9/3/2019,2018-2019,4,P/M/A46,CREDIT,MOBILE,1,64482.14,64482.14,65482.14,65982.14,1500,FLAGSHIP PHONE
24-01-2021,2020-2021,4,P/M/A9,CREDIT,MOBILE,1,23753.38,23753.38,24753.38,25253.38,1500,MIDRANGE PHONE
25-01-2021,2020-2021,4,P/M/A9,MOBILE PAYMENTS,MOBILE,1,23753.38,23753.38,24753.38,25253.38,1500,MIDRANGE PHONE
10/3/2019,2018-2019,4,P/M/A46,CREDIT,MOBILE,1,64482.14,64482.14,65482.14,65982.14,1500,FLAGSHIP PHONE
15-01-2019,2018-2019,4,P/T/S4,CASH,TABLET,1,13754.24,13754.24,14754.24,15254.24,1500,MIDRANGE TAB
25-01-2021,2020-2021,4,P/M/A70,MOBILE PAYMENTS,MOBILE,1,14177.96,14177.96,15177.96,15677.96,1500,MIDRANGE PHONE
25-01-2021,2020-2021,4,P/M/A16,MOBILE PAYMENTS,MOBILE,1,14601.7,14601.7,15601.7,16101.7,1500,MIDRANGE PHONE
11/3/2020,2019-2020,4,P/T/S6,MOBILE PAYMENTS,TABLET,1,15448.3,15448.3,16448.3,16948.3,1500,MIDRANGE TAB
19-03-2020,2019-2020,4,P/T/S6,DEBIT,TABLET,1,15448.3,15448.3,16448.3,16948.3,1500,MIDRANGE TAB
7/1/2021,2020-2021,4,P/M/A9,DEBIT,MOBILE,1,15448.3,15448.3,16448.3,16948.3,1500,MIDRANGE PHONE
1/1/2019,2018-2019,4,P/A/3,CREDIT,ACCESSORY,1,23915.26,23915.26,24915.26,25415.26,1500,GALAXY WATCH
1/1/2019,2018-2019,4,P/A/35,MOBILE PAYMENTS,ACCESSORY,1,1772.88,1772.88,1872.88,2372.88,600,COVER
1/1/2019,2018-2019,4,P/A/36,MOBILE PAYMENTS,ACCESSORY,1,1857.62,1857.62,1957.62,2457.62,600,COVER
1/1/2019,2018-2019,4,P/A/47,CREDIT,ACCESSORY,1,1941.52,1941.52,2041.52,2541.52,600,WIRELESS HEADSET
17-03-2019,2018-2019,4,P/M/A46,CREDIT,MOBILE,1,64482.14,64482.14,65482.14,65982.14,1500,FLAGSHIP PHONE
1/1/2019,2018-2019,4,P/M/A42,MOBILE PAYMENTS,MOBILE,1,49303.58,49303.58,50303.58,50803.58,1500,FLAGSHIP PHONE
20-03-2019,2018-2019,4,P/M/A46,MOBILE PAYMENTS,MOBILE,1,64482.14,64482.14,65482.14,65982.14,1500,FLAGSHIP PHONE
1/1/2019,2018-2019,4,P/M/A58,DEBIT,MOBILE,1,6580.36,6580.36,7080.36,7580.36,1000,BUDGET PHONE
1/1/2019,2018-2019,4,P/M/A59,CREDIT,MOBILE,1,10098.22,10098.22,11098.22,11598.22,1500,BUDGET PHONE
31-03-2019,2018-2019,4,P/M/A46,DEBIT,MOBILE,1,64482.14,64482.14,65482.14,65982.14,1500,FLAGSHIP PHONE
6/3/2019,2018-2019,4,P/M/A46,DEBIT,MOBILE,1,63589.28,63589.28,64589.28,65089.28,1500,FLAGSHIP PHONE
2/1/2019,2018-2019,4,P/A/13,MOBILE PAYMENTS,ACCESSORY,1,416.94,416.94,516.94,1016.94,600,BATTERY
1/1/2019,2018-2019,4,P/M/A75,DEBIT,MOBILE,1,59125,59125,60125,60625,1500,FLAGSHIP PHONE
3/1/2019,2018-2019,4,P/A/50,CREDIT,ACCESSORY,1,2281.36,2281.36,2381.36,2881.36,600,WIRELESS HEADSET
10/3/2019,2018-2019,4,P/M/A45,DEBIT,MOBILE,1,58232.14,58232.14,59232.14,59732.14,1500,FLAGSHIP PHONE
20-03-2019,2018-2019,4,P/M/A45,DEBIT,MOBILE,1,57339.28,57339.28,58339.28,58839.28,1500,FLAGSHIP PHONE
5/1/2019,2018-2019,4,P/A/19,DEBIT,ACCESSORY,1,585.6,585.6,685.6,1185.6,600,BATTERY
5/1/2019,2018-2019,4,P/A/19,MOBILE PAYMENTS,ACCESSORY,1,585.6,585.6,685.6,1185.6,600,BATTERY
5/1/2019,2018-2019,4,P/A/41,CREDIT,ACCESSORY,1,671.18,671.18,771.18,1271.18,600,POWER BANK
5/1/2019,2018-2019,4,P/A/50,DEBIT,ACCESSORY,1,2155.08,2155.08,2255.08,2755.08,600,WIRELESS HEADSET
5/1/2019,2018-2019,4,P/M/A22,MOBILE PAYMENTS,MOBILE,1,28848.22,28848.22,29848.22,30348.22,1500,PREMIUM MIDRANGE PHONE
5/1/2019,2018-2019,4,P/M/A57,CREDIT,MOBILE,1,6812.5,6812.5,7312.5,7812.5,1000,BUDGET PHONE
5/1/2019,2018-2019,4,P/M/A59,MOBILE PAYMENTS,MOBILE,1,9205.36,9205.36,10205.36,10705.36,1500,BUDGET PHONE
5/1/2019,2018-2019,4,P/M/A59,CREDIT,MOBILE,1,10098.22,10098.22,11098.22,11598.22,1500,BUDGET PHONE
5/1/2019,2018-2019,4,P/M/A60,MOBILE PAYMENTS,MOBILE,1,10098.22,10098.22,11098.22,11598.22,1500,BUDGET PHONE
1/1/2019,2018-2019,4,P/M/A42,DEBIT,MOBILE,1,53767.86,53767.86,54767.86,55267.86,1500,FLAGSHIP PHONE
2/1/2019,2018-2019,4,P/M/A20,CREDIT,MOBILE,1,15455.36,15455.36,16455.36,16955.36,1500,MIDRANGE PHONE
9/1/2019,2018-2019,4,P/M/A20,MOBILE PAYMENTS,MOBILE,1,15455.36,15455.36,16455.36,16955.36,1500,MIDRANGE PHONE
12/1/2019,2018-2019,4,P/M/A20,MOBILE PAYMENTS,MOBILE,1,15455.36,15455.36,16455.36,16955.36,1500,MIDRANGE PHONE
6/1/2019,2018-2019,4,P/M/A59,MOBILE PAYMENTS,MOBILE,1,9267.86,9267.86,9767.86,10267.86,1000,BUDGET PHONE
6/1/2019,2018-2019,4,P/M/A64,CREDIT,MOBILE,5,11133.93,55669.65,12133.93,63169.64,7500,BUDGET PHONE
21-02-2019,2018-2019,4,P/M/A42,MOBILE PAYMENTS,MOBILE,1,50196.42,50196.42,51196.42,51696.42,1500,FLAGSHIP PHONE
7/1/2019,2018-2019,4,P/M/A59,MOBILE PAYMENTS,MOBILE,1,9205.36,9205.36,10205.36,10705.36,1500,BUDGET PHONE
13-03-2020,2019-2020,4,P/M/A21,MOBILE PAYMENTS,MOBILE,1,41348.22,41348.22,42348.22,42848.22,1500,PREMIUM MIDRANGE PHONE
8/1/2019,2018-2019,4,P/A/47,MOBILE PAYMENTS,ACCESSORY,1,1349.16,1349.16,1449.16,1949.16,600,WIRELESS HEADSET
14-01-2019,2018-2019,4,P/M/A20,DEBIT,MOBILE,1,15455.36,15455.36,16455.36,16955.36,1500,MIDRANGE PHONE
15-01-2019,2018-2019,4,P/M/A20,CREDIT,MOBILE,1,15455.36,15455.36,16455.36,16955.36,1500,MIDRANGE PHONE
9/1/2019,2018-2019,4,P/M/A60,CREDIT,MOBILE,1,10098.22,10098.22,11098.22,11598.22,1500,BUDGET PHONE
10/1/2019,2018-2019,4,P/M/A24,MOBILE PAYMENTS,MOBILE,1,882.14,882.14,982.14,1482.14,600,BUDGET PHONE
10/1/2019,2018-2019,4,P/M/A42,MOBILE PAYMENTS,MOBILE,1,29750,29750,30750,31250,1500,PREMIUM MIDRANGE PHONE
18-01-2020,2019-2020,4,P/M/A44,MOBILE PAYMENTS,MOBILE,1,38589.28,38589.28,39589.28,40089.28,1500,PREMIUM MIDRANGE PHONE
5/2/2020,2019-2020,4,P/M/A73,MOBILE PAYMENTS,MOBILE,1,35106.24,35106.24,36106.24,36606.24,1500,PREMIUM MIDRANGE PHONE
11/1/2019,2018-2019,4,P/A/38,CREDIT,ACCESSORY,1,2026.28,2026.28,2126.28,2626.28,600,COVER
12/1/2019,2018-2019,4,P/A/38,DEBIT,ACCESSORY,1,2111.86,2111.86,2211.86,2711.86,600,COVER
12/1/2019,2018-2019,4,P/A/47,CREDIT,ACCESSORY,1,1518.64,1518.64,1618.64,2118.64,600,WIRELESS HEADSET
17-01-2019,2018-2019,4,P/M/A20,DEBIT,MOBILE,1,15455.36,15455.36,16455.36,16955.36,1500,MIDRANGE PHONE
14-02-2020,2019-2020,4,P/M/A73,MOBILE PAYMENTS,MOBILE,1,35106.24,35106.24,36106.24,36606.24,1500,PREMIUM MIDRANGE PHONE
13-01-2019,2018-2019,4,P/A/30,DEBIT,ACCESSORY,1,1518.64,1518.64,1618.64,2118.64,600,COVER
13-01-2019,2018-2019,4,P/A/35,CREDIT,ACCESSORY,1,1772.88,1772.88,1872.88,2372.88,600,COVER
13-01-2019,2018-2019,4,P/M/A56,CREDIT,MOBILE,1,4526.78,4526.78,5026.78,5526.78,1000,BUDGET PHONE
21-02-2020,2019-2020,4,P/M/A73,MOBILE PAYMENTS,MOBILE,1,35106.24,35106.24,36106.24,36606.24,1500,PREMIUM MIDRANGE PHONE
20-01-2019,2018-2019,4,P/M/A22,MOBILE PAYMENTS,MOBILE,1,31526.78,31526.78,32526.78,33026.78,1500,PREMIUM MIDRANGE PHONE
14-01-2019,2018-2019,4,P/A/38,MOBILE PAYMENTS,ACCESSORY,1,1942.38,1942.38,2042.38,2542.38,600,COVER
14-01-2019,2018-2019,4,P/A/47,DEBIT,ACCESSORY,1,1306.78,1306.78,1406.78,1906.78,600,WIRELESS HEADSET
18-01-2019,2018-2019,4,P/M/A20,DEBIT,MOBILE,1,15455.36,15455.36,16455.36,16955.36,1500,MIDRANGE PHONE
23-01-2019,2018-2019,4,P/M/A20,CREDIT,MOBILE,1,15455.36,15455.36,16455.36,16955.36,1500,MIDRANGE PHONE
15-01-2019,2018-2019,4,P/M/A58,CREDIT,MOBILE,1,6580.36,6580.36,7080.36,7580.36,1000,BUDGET PHONE
15-01-2019,2018-2019,4,P/M/A59,CREDIT,MOBILE,1,8366.08,8366.08,8866.08,9366.08,1000,BUDGET PHONE
23-01-2020,2019-2020,4,P/T/S8,MOBILE PAYMENTS,TABLET,1,29000,29000,30000,30500,1500,PREMIUM MIDRANGE TAB
3/2/2019,2018-2019,4,P/M/A14,CREDIT,MOBILE,1,15455.36,15455.36,16455.36,16955.36,1500,MIDRANGE PHONE
20-01-2019,2018-2019,4,P/M/A22,DEBIT,MOBILE,1,28848.22,28848.22,29848.22,30348.22,1500,PREMIUM MIDRANGE PHONE
20-01-2019,2018-2019,4,P/M/A22,DEBIT,MOBILE,1,28848.22,28848.22,29848.22,30348.22,1500,PREMIUM MIDRANGE PHONE
16-01-2019,2018-2019,4,P/M/A57,DEBIT,MOBILE,1,8812.5,8812.5,9312.5,9812.5,1000,BUDGET PHONE
16-01-2019,2018-2019,4,P/M/A59,DEBIT,MOBILE,1,9205.36,9205.36,10205.36,10705.36,1500,BUDGET PHONE
17-01-2019,2018-2019,4,P/A/19,MOBILE PAYMENTS,ACCESSORY,1,585.6,585.6,685.6,1185.6,600,BATTERY
14-02-2019,2018-2019,4,P/M/A22,DEBIT,MOBILE,1,28848.22,28848.22,29848.22,30348.22,1500,PREMIUM MIDRANGE PHONE
4/2/2019,2018-2019,4,P/M/A20,DEBIT,MOBILE,1,15455.36,15455.36,16455.36,16955.36,1500,MIDRANGE PHONE
17-01-2019,2018-2019,4,P/M/A60,DEBIT,MOBILE,1,10098.22,10098.22,11098.22,11598.22,1500,BUDGET PHONE
17-01-2019,2018-2019,4,P/T/S1,CASH,TABLET,4,6457.62,25830.48,6957.62,29830.5,4000,BUDGET TABLET
17-01-2019,2018-2019,4,P/T/S1,DEBIT,TABLET,8,6457.63,51661.04,6957.63,59661.02,8000,BUDGET TABLET
5/2/2019,2018-2019,4,P/M/A20,DEBIT,MOBILE,1,15455.36,15455.36,16455.36,16955.36,1500,MIDRANGE PHONE
5/2/2019,2018-2019,4,P/M/A20,DEBIT,MOBILE,1,15455.36,15455.36,16455.36,16955.36,1500,MIDRANGE PHONE
18-01-2019,2018-2019,4,P/M/A42,CREDIT,MOBILE,1,50196.43,50196.43,51196.43,51696.43,1500,FLAGSHIP PHONE
7/3/2020,2019-2020,4,P/M/A22,DEBIT,MOBILE,1,28848.22,28848.22,29848.22,30348.22,1500,PREMIUM MIDRANGE PHONE
19-01-2019,2018-2019,4,P/A/26,DEBIT,ACCESSORY,1,2195.76,2195.76,2295.76,2795.76,600,CHARGER 
19-01-2019,2018-2019,4,P/M/A22,DEBIT,MOBILE,1,28848.22,28848.22,29848.22,30348.22,1500,PREMIUM MIDRANGE PHONE
12/1/2020,2019-2020,4,P/M/A16,DEBIT,MOBILE,1,26177.68,26177.68,27177.68,27677.68,1500,MIDRANGE PHONE
20-01-2019,2018-2019,4,P/A/22,CREDIT,ACCESSORY,1,416.1,416.1,516.1,1016.1,600,CHARGER 
20-01-2019,2018-2019,4,P/A/47,DEBIT,ACCESSORY,1,1941.52,1941.52,2041.52,2541.52,600,WIRELESS HEADSET
2/3/2020,2019-2020,4,P/M/A17,CASH,MOBILE,1,25284.82,25284.82,26284.82,26784.82,1500,MIDRANGE PHONE
15-03-2020,2019-2020,4,P/A/4,MOBILE PAYMENTS,ACCESSORY,1,24762.71,24762.71,25762.71,26262.71,1500,GALAXY WATCH
5/1/2020,2019-2020,4,P/M/A16,MOBILE PAYMENTS,MOBILE,1,24391.96,24391.96,25391.96,25891.96,1500,MIDRANGE PHONE
20-01-2019,2018-2019,4,P/M/A59,MOBILE PAYMENTS,MOBILE,1,8366.08,8366.08,8866.08,9366.08,1000,BUDGET PHONE
21-01-2019,2018-2019,4,P/A/26,MOBILE PAYMENTS,ACCESSORY,1,1942.38,1942.38,2042.38,2542.38,600,CHARGER 
21-01-2019,2018-2019,4,P/M/A59,MOBILE PAYMENTS,MOBILE,1,8366.08,8366.08,8866.08,9366.08,1000,BUDGET PHONE
22-01-2019,2018-2019,4,P/M/A60,MOBILE PAYMENTS,MOBILE,1,10098.22,10098.22,11098.22,11598.22,1500,BUDGET PHONE
8/2/2019,2018-2019,4,P/M/A20,MOBILE PAYMENTS,MOBILE,1,15455.36,15455.36,16455.36,16955.36,1500,MIDRANGE PHONE
23-01-2019,2018-2019,4,P/M/A22,MOBILE PAYMENTS,MOBILE,1,28848.22,28848.22,29848.22,30348.22,1500,PREMIUM MIDRANGE PHONE
23-01-2019,2018-2019,4,P/M/A59,CREDIT,MOBILE,1,8366.08,8366.08,8866.08,9366.08,1000,BUDGET PHONE
23-01-2019,2018-2019,4,P/M/A59,DEBIT,MOBILE,1,9205.36,9205.36,10205.36,10705.36,1500,BUDGET PHONE
6/1/2020,2019-2020,4,P/M/A16,CASH,MOBILE,1,24391.96,24391.96,25391.96,25891.96,1500,MIDRANGE PHONE
24-01-2019,2018-2019,4,P/M/A60,DEBIT,MOBILE,1,10098.22,10098.22,11098.22,11598.22,1500,BUDGET PHONE
25-01-2019,2018-2019,4,P/A/30,DEBIT,ACCESSORY,1,1772.88,1772.88,1872.88,2372.88,600,COVER
25-01-2019,2018-2019,4,P/M/A23,MOBILE PAYMENTS,MOBILE,1,650,650,750,1250,600,BUDGET PHONE
25-01-2019,2018-2019,4,P/M/A23,CREDIT,MOBILE,1,650,650,750,1250,600,BUDGET PHONE
25-01-2019,2018-2019,4,P/M/A23,MOBILE PAYMENTS,MOBILE,1,650,650,750,1250,600,BUDGET PHONE
25-01-2019,2018-2019,4,P/M/A23,DEBIT,MOBILE,1,650,650,750,1250,600,BUDGET PHONE
9/2/2019,2018-2019,4,P/M/A20,DEBIT,MOBILE,1,15455.36,15455.36,16455.36,16955.36,1500,MIDRANGE PHONE
26-01-2019,2018-2019,4,P/A/21,MOBILE PAYMENTS,ACCESSORY,1,408.48,408.48,508.48,1008.48,600,CHARGER 
24-01-2021,2020-2021,4,P/M/A9,DEBIT,MOBILE,1,23753.38,23753.38,24753.38,25253.38,1500,MIDRANGE PHONE
26-01-2019,2018-2019,4,P/A/47,CREDIT,ACCESSORY,1,1433.9,1433.9,1533.9,2033.9,600,WIRELESS HEADSET
26-01-2019,2018-2019,4,P/M/A59,CREDIT,MOBILE,1,9205.36,9205.36,10205.36,10705.36,1500,BUDGET PHONE
26-01-2019,2018-2019,4,P/M/A60,DEBIT,MOBILE,2,8821.43,17642.86,9321.43,19642.86,2000,BUDGET PHONE
27-01-2019,2018-2019,4,P/A/41,MOBILE PAYMENTS,ACCESSORY,1,671.18,671.18,771.18,1271.18,600,POWER BANK
27-01-2019,2018-2019,4,P/A/47,DEBIT,ACCESSORY,1,1433.9,1433.9,1533.9,2033.9,600,WIRELESS HEADSET
26-01-2021,2020-2021,4,P/M/A12,MOBILE PAYMENTS,MOBILE,1,22898.3,22898.3,23898.3,24398.3,1500,MIDRANGE PHONE
13-02-2019,2018-2019,4,P/M/A20,MOBILE PAYMENTS,MOBILE,1,15455.36,15455.36,16455.36,16955.36,1500,MIDRANGE PHONE
27-01-2019,2018-2019,4,P/M/A22,MOBILE PAYMENTS,MOBILE,1,28848.22,28848.22,29848.22,30348.22,1500,PREMIUM MIDRANGE PHONE
27-01-2019,2018-2019,4,P/M/A58,MOBILE PAYMENTS,MOBILE,1,6580.36,6580.36,7080.36,7580.36,1000,BUDGET PHONE
28-01-2019,2018-2019,4,P/M/A58,MOBILE PAYMENTS,MOBILE,1,7919.64,7919.64,8419.64,8919.64,1000,BUDGET PHONE
28-01-2019,2018-2019,4,P/M/A59,MOBILE PAYMENTS,MOBILE,1,9205.36,9205.36,10205.36,10705.36,1500,BUDGET PHONE
20-02-2020,2019-2020,4,P/M/A16,MOBILE PAYMENTS,MOBILE,1,22606.24,22606.24,23606.24,24106.24,1500,MIDRANGE PHONE
29-01-2019,2018-2019,4,P/A/19,MOBILE PAYMENTS,ACCESSORY,1,585.6,585.6,685.6,1185.6,600,BATTERY
29-01-2019,2018-2019,4,P/M/A23,DEBIT,MOBILE,1,650,650,750,1250,600,BUDGET PHONE
13-02-2019,2018-2019,4,P/M/A20,CREDIT,MOBILE,1,15455.36,15455.36,16455.36,16955.36,1500,MIDRANGE PHONE
30-01-2019,2018-2019,4,P/A/22,DEBIT,ACCESSORY,1,408.48,408.48,508.48,1008.48,600,CHARGER 
31-01-2019,2018-2019,4,P/A/1,CREDIT,ACCESSORY,1,19677.96,19677.96,20677.96,21177.96,1500,GALAXY WATCH
31-01-2019,2018-2019,4,P/A/41,MOBILE PAYMENTS,ACCESSORY,1,671.18,671.18,771.18,1271.18,600,POWER BANK
24-02-2020,2019-2020,4,P/M/A11,CASH,MOBILE,1,20820.54,20820.54,21820.54,22320.54,1500,MIDRANGE PHONE
23-03-2019,2018-2019,4,P/M/A27,DEBIT,MOBILE,1,20732.14,20732.14,21732.14,22232.14,1500,MIDRANGE PHONE
11/3/2020,2019-2020,4,P/M/A12,MOBILE PAYMENTS,MOBILE,1,19927.68,19927.68,20927.68,21427.68,1500,MIDRANGE PHONE
1/2/2019,2018-2019,4,P/M/A59,MOBILE PAYMENTS,MOBILE,1,9205.36,9205.36,10205.36,10705.36,1500,BUDGET PHONE
1/2/2019,2018-2019,4,P/M/A60,MOBILE PAYMENTS,MOBILE,1,10098.22,10098.22,11098.22,11598.22,1500,BUDGET PHONE
6/1/2019,2018-2019,4,P/A/1,MOBILE PAYMENTS,ACCESSORY,1,19677.96,19677.96,20677.96,21177.96,1500,GALAXY WATCH
2/2/2019,2018-2019,4,P/M/A58,MOBILE PAYMENTS,MOBILE,1,6580.36,6580.36,7080.36,7580.36,1000,BUDGET PHONE
13-02-2019,2018-2019,4,P/M/A20,MOBILE PAYMENTS,MOBILE,1,15455.36,15455.36,16455.36,16955.36,1500,MIDRANGE PHONE
3/2/2019,2018-2019,4,P/M/A23,MOBILE PAYMENTS,MOBILE,1,650,650,750,1250,600,BUDGET PHONE
24-01-2021,2020-2021,4,P/M/A12,MOBILE PAYMENTS,MOBILE,1,19303.38,19303.38,20303.38,20803.38,1500,MIDRANGE PHONE
17-02-2019,2018-2019,4,P/M/A20,MOBILE PAYMENTS,MOBILE,1,15455.36,15455.36,16455.36,16955.36,1500,MIDRANGE PHONE
4/2/2019,2018-2019,4,P/M/A59,CREDIT,MOBILE,1,9205.36,9205.36,10205.36,10705.36,1500,BUDGET PHONE
7/1/2021,2020-2021,4,P/A/2,MOBILE PAYMENTS,ACCESSORY,1,19254.24,19254.24,20254.24,20754.24,1500,GALAXY WATCH
21-01-2021,2020-2021,4,P/T/S5,CREDIT,TABLET,1,19143.22,19143.22,20143.22,20643.22,1500,MIDRANGE TAB
5/2/2019,2018-2019,4,P/A/47,DEBIT,ACCESSORY,1,1349.16,1349.16,1449.16,1949.16,600,WIRELESS HEADSET
21-02-2019,2018-2019,4,P/M/A20,CASH,MOBILE,1,19026.78,19026.78,20026.78,20526.78,1500,MIDRANGE PHONE
19-02-2019,2018-2019,4,P/M/A20,CREDIT,MOBILE,1,15455.36,15455.36,16455.36,16955.36,1500,MIDRANGE PHONE
24-02-2019,2018-2019,4,P/M/A20,MOBILE PAYMENTS,MOBILE,1,19026.78,19026.78,20026.78,20526.78,1500,MIDRANGE PHONE
5/2/2019,2018-2019,4,P/M/A43,MOBILE PAYMENTS,MOBILE,1,60017.86,60017.86,61017.86,61517.86,1500,FLAGSHIP PHONE
5/2/2019,2018-2019,4,P/M/A57,MOBILE PAYMENTS,MOBILE,1,7928.58,7928.58,8428.58,8928.58,1000,BUDGET PHONE
6/2/2019,2018-2019,4,P/A/19,MOBILE PAYMENTS,ACCESSORY,1,585.6,585.6,685.6,1185.6,600,BATTERY
16-03-2019,2018-2019,4,P/M/A10,DEBIT,MOBILE,1,19026.78,19026.78,20026.78,20526.78,1500,MIDRANGE PHONE
21-02-2019,2018-2019,4,P/M/A20,CREDIT,MOBILE,1,15455.36,15455.36,16455.36,16955.36,1500,MIDRANGE PHONE
17-03-2019,2018-2019,4,P/M/A10,CASH,MOBILE,1,19026.78,19026.78,20026.78,20526.78,1500,MIDRANGE PHONE
9/2/2019,2018-2019,4,P/A/20,MOBILE PAYMENTS,ACCESSORY,1,585.6,585.6,685.6,1185.6,600,BATTERY
19-03-2019,2018-2019,4,P/M/A10,MOBILE PAYMENTS,MOBILE,1,19026.78,19026.78,20026.78,20526.78,1500,MIDRANGE PHONE
9/2/2019,2018-2019,4,P/A/3,MOBILE PAYMENTS,ACCESSORY,1,23915.26,23915.26,24915.26,25415.26,1500,GALAXY WATCH
21-02-2019,2018-2019,4,P/M/A20,MOBILE PAYMENTS,MOBILE,1,15455.36,15455.36,16455.36,16955.36,1500,MIDRANGE PHONE
6/1/2020,2019-2020,4,P/M/A11,CASH,MOBILE,1,18141.96,18141.96,19141.96,19641.96,1500,MIDRANGE PHONE
10/2/2019,2018-2019,4,P/M/A60,CREDIT,MOBILE,1,10098.22,10098.22,11098.22,11598.22,1500,BUDGET PHONE
11/2/2019,2018-2019,4,P/A/21,CREDIT,ACCESSORY,1,332.2,332.2,432.2,932.2,600,CHARGER 
11/2/2019,2018-2019,4,P/A/35,DEBIT,ACCESSORY,1,1772.88,1772.88,1872.88,2372.88,600,COVER
11/2/2019,2018-2019,4,P/A/39,DEBIT,ACCESSORY,1,374.58,374.58,474.58,974.58,600,COVER
22-02-2019,2018-2019,4,P/M/A20,CREDIT,MOBILE,1,15455.36,15455.36,16455.36,16955.36,1500,MIDRANGE PHONE
24-02-2019,2018-2019,4,P/M/A20,MOBILE PAYMENTS,MOBILE,1,15455.36,15455.36,16455.36,16955.36,1500,MIDRANGE PHONE
11/2/2019,2018-2019,4,P/M/A22,DEBIT,MOBILE,1,28848.22,28848.22,29848.22,30348.22,1500,PREMIUM MIDRANGE PHONE
11/2/2019,2018-2019,4,P/M/A43,MOBILE PAYMENTS,MOBILE,1,60017.86,60017.86,61017.86,61517.86,1500,FLAGSHIP PHONE
11/2/2019,2018-2019,4,P/M/A59,CREDIT,MOBILE,1,9205.36,9205.36,10205.36,10705.36,1500,BUDGET PHONE
13-02-2019,2018-2019,4,P/A/20,MOBILE PAYMENTS,ACCESSORY,1,585.6,585.6,685.6,1185.6,600,BATTERY
26-02-2020,2019-2020,4,P/M/A11,DEBIT,MOBILE,1,18141.96,18141.96,19141.96,19641.96,1500,MIDRANGE PHONE
2/3/2019,2018-2019,4,P/M/A20,MOBILE PAYMENTS,MOBILE,1,15455.36,15455.36,16455.36,16955.36,1500,MIDRANGE PHONE
3/1/2019,2018-2019,4,P/M/A14,MOBILE PAYMENTS,MOBILE,1,18133.92,18133.92,19133.92,19633.92,1500,MIDRANGE PHONE
1/3/2020,2019-2020,4,P/M/A11,MOBILE PAYMENTS,MOBILE,1,17571.42,17571.42,18571.42,19071.42,1500,MIDRANGE PHONE
2/3/2020,2019-2020,4,P/M/A71,MOBILE PAYMENTS,MOBILE,1,16803.58,16803.58,17803.58,18303.58,1500,MIDRANGE PHONE
15-02-2019,2018-2019,4,P/A/47,MOBILE PAYMENTS,ACCESSORY,1,1306.78,1306.78,1406.78,1906.78,600,WIRELESS HEADSET
8/3/2020,2019-2020,4,P/M/A37,DEBIT,MOBILE,1,16357.14,16357.14,17357.14,17857.14,1500,MIDRANGE PHONE
15-02-2019,2018-2019,4,P/M/A22,CREDIT,MOBILE,1,31526.78,31526.78,32526.78,33026.78,1500,PREMIUM MIDRANGE PHONE
15-02-2019,2018-2019,4,P/M/A59,DEBIT,MOBILE,1,10991.08,10991.08,11991.08,12491.08,1500,BUDGET PHONE
15-02-2019,2018-2019,4,P/M/A59,CREDIT,MOBILE,4,7526.78,30107.12,8026.78,34107.14,4000,BUDGET PHONE
15-02-2019,2018-2019,4,P/M/A59,DEBIT,MOBILE,1,9205.36,9205.36,10205.36,10705.36,1500,BUDGET PHONE
15-02-2019,2018-2019,4,P/M/A74,MOBILE PAYMENTS,MOBILE,1,59125,59125,60125,60625,1500,FLAGSHIP PHONE
15-02-2019,2018-2019,4,P/M/A75,DEBIT,MOBILE,1,74303.58,74303.58,75303.58,75803.58,1500,FLAGSHIP PHONE
16-02-2019,2018-2019,4,P/M/A40,MOBILE PAYMENTS,MOBILE,1,43142.86,43142.86,44142.86,44642.86,1500,PREMIUM MIDRANGE PHONE
17-02-2019,2018-2019,4,P/A/22,DEBIT,ACCESSORY,1,408.48,408.48,508.48,1008.48,600,CHARGER 
17-02-2019,2018-2019,4,P/A/3,MOBILE PAYMENTS,ACCESSORY,1,23915.26,23915.26,24915.26,25415.26,1500,GALAXY WATCH
3/3/2019,2018-2019,4,P/M/A64,MOBILE PAYMENTS,MOBILE,1,15455.36,15455.36,16455.36,16955.36,1500,MIDRANGE PHONE
17-02-2019,2018-2019,4,P/M/A44,CREDIT,MOBILE,1,48410.72,48410.72,49410.72,49910.72,1500,PREMIUM MIDRANGE PHONE
18-02-2019,2018-2019,4,P/A/21,MOBILE PAYMENTS,ACCESSORY,1,408.48,408.48,508.48,1008.48,600,CHARGER 
19-02-2019,2018-2019,4,P/A/47,DEBIT,ACCESSORY,1,1433.9,1433.9,1533.9,2033.9,600,WIRELESS HEADSET
2/1/2020,2019-2020,4,P/M/A11,DEBIT,MOBILE,1,16356.24,16356.24,17356.24,17856.24,1500,MIDRANGE PHONE
4/1/2020,2019-2020,4,P/M/A11,CASH,MOBILE,1,16356.24,16356.24,17356.24,17856.24,1500,MIDRANGE PHONE
19-02-2019,2018-2019,4,P/M/A58,MOBILE PAYMENTS,MOBILE,1,6580.36,6580.36,7080.36,7580.36,1000,BUDGET PHONE
20-02-2019,2018-2019,4,P/M/A22,DEBIT,MOBILE,1,28848.22,28848.22,29848.22,30348.22,1500,PREMIUM MIDRANGE PHONE
21-02-2019,2018-2019,4,P/A/47,MOBILE PAYMENTS,ACCESSORY,1,1349.16,1349.16,1449.16,1949.16,600,WIRELESS HEADSET
20-02-2020,2019-2020,4,P/M/A11,CASH,MOBILE,1,16356.24,16356.24,17356.24,17856.24,1500,MIDRANGE PHONE
31-01-2021,2020-2021,4,P/M/A11,CASH,MOBILE,1,16355.94,16355.94,17355.94,17855.94,1500,MIDRANGE PHONE
7/3/2019,2018-2019,4,P/M/A20,CREDIT,MOBILE,1,15455.36,15455.36,16455.36,16955.36,1500,MIDRANGE PHONE
10/3/2019,2018-2019,4,P/M/A10,DEBIT,MOBILE,5,16348.22,81741.1,17348.22,89241.08,7500,MIDRANGE PHONE
22-03-2019,2018-2019,4,P/M/A20,MOBILE PAYMENTS,MOBILE,1,15455.36,15455.36,16455.36,16955.36,1500,MIDRANGE PHONE
22-02-2019,2018-2019,4,P/M/A22,CREDIT,MOBILE,1,28848.22,28848.22,29848.22,30348.22,1500,PREMIUM MIDRANGE PHONE
22-02-2019,2018-2019,4,P/M/A33,CREDIT,MOBILE,3,7839.29,23517.87,8339.29,26517.86,3000,BUDGET PHONE
24-02-2019,2018-2019,4,P/A/3,CREDIT,ACCESSORY,1,23915.26,23915.26,24915.26,25415.26,1500,GALAXY WATCH
24-02-2019,2018-2019,4,P/A/50,MOBILE PAYMENTS,ACCESSORY,1,2111.86,2111.86,2211.86,2711.86,600,WIRELESS HEADSET
24-02-2019,2018-2019,4,P/M/A22,DEBIT,MOBILE,1,28848.22,28848.22,29848.22,30348.22,1500,PREMIUM MIDRANGE PHONE
24-02-2019,2018-2019,4,P/M/A59,DEBIT,MOBILE,1,9205.36,9205.36,10205.36,10705.36,1500,BUDGET PHONE
25-02-2019,2018-2019,4,P/A/22,DEBIT,ACCESSORY,1,408.48,408.48,508.48,1008.48,600,CHARGER 
25-02-2019,2018-2019,4,P/M/A55,DEBIT,MOBILE,1,6580.36,6580.36,7080.36,7580.36,1000,BUDGET PHONE
25-02-2019,2018-2019,4,P/M/A59,CREDIT,MOBILE,1,10991.08,10991.08,11991.08,12491.08,1500,BUDGET PHONE
10/3/2019,2018-2019,4,P/M/A10,DEBIT,MOBILE,1,16348.22,16348.22,17348.22,17848.22,1500,MIDRANGE PHONE
26-02-2019,2018-2019,4,P/A/21,MOBILE PAYMENTS,ACCESSORY,1,408.48,408.48,508.48,1008.48,600,CHARGER 
26-02-2019,2018-2019,4,P/M/A24,MOBILE PAYMENTS,MOBILE,1,806.24,806.24,906.24,1406.24,600,BUDGET PHONE
26-02-2019,2018-2019,4,P/M/A58,CREDIT,MOBILE,1,8812.5,8812.5,9312.5,9812.5,1000,BUDGET PHONE
27-02-2019,2018-2019,4,P/A/21,MOBILE PAYMENTS,ACCESSORY,1,408.48,408.48,508.48,1008.48,600,CHARGER 
27-02-2019,2018-2019,4,P/M/A19,MOBILE PAYMENTS,MOBILE,1,29741.08,29741.08,30741.08,31241.08,1500,PREMIUM MIDRANGE PHONE
27-02-2019,2018-2019,4,P/M/A60,DEBIT,MOBILE,1,12776.78,12776.78,13776.78,14276.78,1500,BUDGET PHONE
28-02-2019,2018-2019,4,P/A/50,MOBILE PAYMENTS,ACCESSORY,1,2069.5,2069.5,2169.5,2669.5,600,WIRELESS HEADSET
1/3/2019,2018-2019,4,P/A/21,MOBILE PAYMENTS,ACCESSORY,1,408.48,408.48,508.48,1008.48,600,CHARGER 
10/3/2019,2018-2019,4,P/M/A10,CASH,MOBILE,1,16348.22,16348.22,17348.22,17848.22,1500,MIDRANGE PHONE
2/3/2019,2018-2019,4,P/A/47,CREDIT,ACCESSORY,1,1306.78,1306.78,1406.78,1906.78,600,WIRELESS HEADSET
13-03-2019,2018-2019,4,P/M/A10,CASH,MOBILE,1,16348.22,16348.22,17348.22,17848.22,1500,MIDRANGE PHONE
12/3/2020,2019-2020,4,P/M/A20,MOBILE PAYMENTS,MOBILE,1,15455.36,15455.36,16455.36,16955.36,1500,MIDRANGE PHONE
2/3/2019,2018-2019,4,P/M/A24,MOBILE PAYMENTS,MOBILE,1,873.22,873.22,973.22,1473.22,600,BUDGET PHONE
19-03-2019,2018-2019,4,P/M/A10,DEBIT,MOBILE,1,16348.22,16348.22,17348.22,17848.22,1500,MIDRANGE PHONE
4/3/2019,2018-2019,4,P/M/A10,MOBILE PAYMENTS,MOBILE,1,15828.58,15828.58,16828.58,17328.58,1500,MIDRANGE PHONE
7/3/2019,2018-2019,4,P/M/A10,DEBIT,MOBILE,1,15828.58,15828.58,16828.58,17328.58,1500,MIDRANGE PHONE
19-03-2019,2018-2019,4,P/M/A10,CREDIT,MOBILE,1,15828.58,15828.58,16828.58,17328.58,1500,MIDRANGE PHONE
4/3/2019,2018-2019,4,P/A/12,DEBIT,ACCESSORY,1,374.58,374.58,474.58,974.58,600,BATTERY
4/3/2019,2018-2019,4,P/A/47,MOBILE PAYMENTS,ACCESSORY,1,1349.16,1349.16,1449.16,1949.16,600,WIRELESS HEADSET
5/3/2019,2018-2019,4,P/A/20,DEBIT,ACCESSORY,1,585.6,585.6,685.6,1185.6,600,BATTERY
6/3/2019,2018-2019,4,P/A/26,MOBILE PAYMENTS,ACCESSORY,1,2195.76,2195.76,2295.76,2795.76,600,CHARGER 
6/3/2019,2018-2019,4,P/A/47,CREDIT,ACCESSORY,1,1264.4,1264.4,1364.4,1864.4,600,WIRELESS HEADSET
6/3/2019,2018-2019,4,P/M/A45,DEBIT,MOBILE,1,74303.58,74303.58,75303.58,75803.58,1500,FLAGSHIP PHONE
6/3/2019,2018-2019,4,P/M/A45,CREDIT,MOBILE,1,58232.14,58232.14,59232.14,59732.14,1500,FLAGSHIP PHONE
6/3/2019,2018-2019,4,P/M/A46,DEBIT,MOBILE,1,64482.14,64482.14,65482.14,65982.14,1500,FLAGSHIP PHONE
6/3/2019,2018-2019,4,P/M/A46,CREDIT,MOBILE,1,64482.14,64482.14,65482.14,65982.14,1500,FLAGSHIP PHONE
6/3/2019,2018-2019,4,P/M/A46,DEBIT,MOBILE,1,80553.58,80553.58,81553.58,82053.58,1500,LUXURY PHONE
23-03-2019,2018-2019,4,P/M/A10,CASH,MOBILE,1,16348.22,16348.22,17348.22,17848.22,1500,MIDRANGE PHONE
29-03-2019,2018-2019,4,P/M/A10,DEBIT,MOBILE,1,16348.22,16348.22,17348.22,17848.22,1500,MIDRANGE PHONE
6/3/2019,2018-2019,4,P/M/A46,CREDIT,MOBILE,1,64482.14,64482.14,65482.14,65982.14,1500,FLAGSHIP PHONE
31-03-2019,2018-2019,4,P/M/A10,CASH,MOBILE,1,16348.22,16348.22,17348.22,17848.22,1500,MIDRANGE PHONE
18-01-2019,2018-2019,4,P/M/A14,CASH,MOBILE,1,15455.36,15455.36,16455.36,16955.36,1500,MIDRANGE PHONE
6/3/2019,2018-2019,4,P/M/A46,CREDIT,MOBILE,1,64482.14,64482.14,65482.14,65982.14,1500,FLAGSHIP PHONE
6/3/2019,2018-2019,4,P/M/A46,DEBIT,MOBILE,1,64482.14,64482.14,65482.14,65982.14,1500,FLAGSHIP PHONE
6/3/2019,2018-2019,4,P/M/A46,CREDIT,MOBILE,1,64482.14,64482.14,65482.14,65982.14,1500,FLAGSHIP PHONE
27-01-2019,2018-2019,4,P/M/A20,DEBIT,MOBILE,1,15455.36,15455.36,16455.36,16955.36,1500,MIDRANGE PHONE
7/3/2019,2018-2019,4,P/A/47,MOBILE PAYMENTS,ACCESSORY,1,1349.16,1349.16,1449.16,1949.16,600,WIRELESS HEADSET
7/3/2019,2018-2019,4,P/M/A45,MOBILE PAYMENTS,MOBILE,1,58232.14,58232.14,59232.14,59732.14,1500,FLAGSHIP PHONE
7/3/2019,2018-2019,4,P/M/A45,DEBIT,MOBILE,1,58232.14,58232.14,59232.14,59732.14,1500,FLAGSHIP PHONE
19-02-2019,2018-2019,4,P/M/A20,CASH,MOBILE,1,15455.36,15455.36,16455.36,16955.36,1500,MIDRANGE PHONE
27-02-2019,2018-2019,4,P/M/A20,DEBIT,MOBILE,1,15455.36,15455.36,16455.36,16955.36,1500,MIDRANGE PHONE
8/3/2019,2018-2019,4,P/M/A45,MOBILE PAYMENTS,MOBILE,1,58232.14,58232.14,59232.14,59732.14,1500,FLAGSHIP PHONE
8/3/2019,2018-2019,4,P/M/A45,MOBILE PAYMENTS,MOBILE,1,58232.14,58232.14,59232.14,59732.14,1500,FLAGSHIP PHONE
8/3/2019,2018-2019,4,P/M/A61,CREDIT,MOBILE,1,9205.36,9205.36,10205.36,10705.36,1500,BUDGET PHONE
9/3/2019,2018-2019,4,P/M/A1,CREDIT,MOBILE,1,6580.36,6580.36,7080.36,7580.36,1000,BUDGET PHONE
9/3/2019,2018-2019,4,P/M/A25,MOBILE PAYMENTS,MOBILE,1,1185.72,1185.72,1285.72,1785.72,600,BUDGET PHONE
9/3/2019,2018-2019,4,P/M/A45,MOBILE PAYMENTS,MOBILE,1,58232.14,58232.14,59232.14,59732.14,1500,FLAGSHIP PHONE
9/3/2019,2018-2019,4,P/M/A45,DEBIT,MOBILE,1,58232.14,58232.14,59232.14,59732.14,1500,FLAGSHIP PHONE
3/3/2019,2018-2019,4,P/M/A14,CASH,MOBILE,1,15455.36,15455.36,16455.36,16955.36,1500,MIDRANGE PHONE
10/3/2019,2018-2019,4,P/A/50,CREDIT,ACCESSORY,1,2154.24,2154.24,2254.24,2754.24,600,WIRELESS HEADSET
10/3/2019,2018-2019,4,P/A/50,DEBIT,ACCESSORY,1,2238.98,2238.98,2338.98,2838.98,600,WIRELESS HEADSET
3/3/2019,2018-2019,4,P/M/A20,DEBIT,MOBILE,1,15455.36,15455.36,16455.36,16955.36,1500,MIDRANGE PHONE
18-01-2021,2020-2021,4,P/M/A9,MOBILE PAYMENTS,MOBILE,1,16295.76,16295.76,17295.76,17795.76,1500,MIDRANGE PHONE
4/3/2019,2018-2019,4,P/M/A20,CASH,MOBILE,1,15455.36,15455.36,16455.36,16955.36,1500,MIDRANGE PHONE
10/3/2019,2018-2019,4,P/M/A46,MOBILE PAYMENTS,MOBILE,1,63589.28,63589.28,64589.28,65089.28,1500,FLAGSHIP PHONE
5/3/2019,2018-2019,4,P/M/A20,CASH,MOBILE,1,15455.36,15455.36,16455.36,16955.36,1500,MIDRANGE PHONE
22-03-2019,2018-2019,4,P/M/A10,CREDIT,MOBILE,1,16348.21,16348.21,17348.21,17848.21,1500,MIDRANGE PHONE
11/3/2019,2018-2019,4,P/A/35,MOBILE PAYMENTS,ACCESSORY,1,1942.38,1942.38,2042.38,2542.38,600,COVER
11/3/2019,2018-2019,4,P/M/A10,DEBIT,MOBILE,2,16348.21,32696.42,17348.21,35696.42,3000,MIDRANGE PHONE
11/3/2019,2018-2019,4,P/M/A46,MOBILE PAYMENTS,MOBILE,1,80553.58,80553.58,81553.58,82053.58,1500,LUXURY PHONE
5/3/2019,2018-2019,4,P/M/A20,DEBIT,MOBILE,1,15455.36,15455.36,16455.36,16955.36,1500,MIDRANGE PHONE
7/3/2019,2018-2019,4,P/M/A20,CASH,MOBILE,1,15455.36,15455.36,16455.36,16955.36,1500,MIDRANGE PHONE
13-03-2019,2018-2019,4,P/A/22,CREDIT,ACCESSORY,1,408.48,408.48,508.48,1008.48,600,CHARGER 
13-03-2019,2018-2019,4,P/A/50,CREDIT,ACCESSORY,1,2154.24,2154.24,2254.24,2754.24,600,WIRELESS HEADSET
2/3/2019,2018-2019,4,P/M/A10,DEBIT,MOBILE,1,16348.22,16348.22,17348.22,17848.22,1500,MIDRANGE PHONE
3/3/2019,2018-2019,4,P/M/A10,DEBIT,MOBILE,1,16348.22,16348.22,17348.22,17848.22,1500,MIDRANGE PHONE
3/3/2019,2018-2019,4,P/M/A10,DEBIT,MOBILE,1,16348.22,16348.22,17348.22,17848.22,1500,MIDRANGE PHONE
7/3/2019,2018-2019,4,P/M/A10,DEBIT,MOBILE,1,16348.22,16348.22,17348.22,17848.22,1500,MIDRANGE PHONE
13-03-2019,2018-2019,4,P/M/A43,DEBIT,MOBILE,1,60017.86,60017.86,61017.86,61517.86,1500,FLAGSHIP PHONE
13-03-2019,2018-2019,4,P/M/A46,DEBIT,MOBILE,1,64482.14,64482.14,65482.14,65982.14,1500,FLAGSHIP PHONE
13-03-2019,2018-2019,4,P/M/A59,CREDIT,MOBILE,1,9205.36,9205.36,10205.36,10705.36,1500,BUDGET PHONE
13-03-2019,2018-2019,4,P/M/A59,MOBILE PAYMENTS,MOBILE,1,10991.08,10991.08,11991.08,12491.08,1500,BUDGET PHONE
13-03-2019,2018-2019,4,P/M/A61,DEBIT,MOBILE,1,9214.28,9214.28,10214.28,10714.28,1500,BUDGET PHONE
7/3/2019,2018-2019,4,P/M/A10,DEBIT,MOBILE,1,16348.22,16348.22,17348.22,17848.22,1500,MIDRANGE PHONE
13-03-2019,2018-2019,4,P/T/S1,CASH,TABLET,1,7050.85,7050.85,7550.85,8050.85,1000,BUDGET TABLET
14-03-2019,2018-2019,4,P/A/13,CREDIT,ACCESSORY,1,374.58,374.58,474.58,974.58,600,BATTERY
14-03-2019,2018-2019,4,P/A/22,DEBIT,ACCESSORY,1,374.58,374.58,474.58,974.58,600,CHARGER 
15-03-2019,2018-2019,4,P/A/47,MOBILE PAYMENTS,ACCESSORY,1,1349.16,1349.16,1449.16,1949.16,600,WIRELESS HEADSET
15-03-2019,2018-2019,4,P/M/A60,DEBIT,MOBILE,1,12776.78,12776.78,13776.78,14276.78,1500,BUDGET PHONE
8/3/2019,2018-2019,4,P/M/A10,DEBIT,MOBILE,1,16348.22,16348.22,17348.22,17848.22,1500,MIDRANGE PHONE
8/3/2019,2018-2019,4,P/M/A10,CREDIT,MOBILE,1,16348.22,16348.22,17348.22,17848.22,1500,MIDRANGE PHONE
9/3/2019,2018-2019,4,P/M/A10,MOBILE PAYMENTS,MOBILE,1,16348.22,16348.22,17348.22,17848.22,1500,MIDRANGE PHONE
16-03-2019,2018-2019,4,P/M/A45,DEBIT,MOBILE,1,58232.14,58232.14,59232.14,59732.14,1500,FLAGSHIP PHONE
16-03-2019,2018-2019,4,P/M/A46,DEBIT,MOBILE,1,64482.14,64482.14,65482.14,65982.14,1500,FLAGSHIP PHONE
10/3/2019,2018-2019,4,P/M/A10,DEBIT,MOBILE,1,16348.22,16348.22,17348.22,17848.22,1500,MIDRANGE PHONE
15-01-2019,2018-2019,4,P/T/S4,DEBIT,TABLET,1,13754.24,13754.24,14754.24,15254.24,1500,MIDRANGE TAB
17-03-2019,2018-2019,4,P/M/A1,DEBIT,MOBILE,1,6580.36,6580.36,7080.36,7580.36,1000,BUDGET PHONE
17-03-2019,2018-2019,4,P/T/S4,MOBILE PAYMENTS,TABLET,1,13745.76,13745.76,14745.76,15245.76,1500,MIDRANGE TAB
8/3/2020,2019-2020,4,P/M/A70,CASH,MOBILE,1,13677.68,13677.68,14677.68,15177.68,1500,MIDRANGE PHONE
4/3/2019,2018-2019,4,P/M/A7,DEBIT,MOBILE,1,13669.64,13669.64,14669.64,15169.64,1500,MIDRANGE PHONE
12/3/2019,2018-2019,4,P/M/A10,CREDIT,MOBILE,1,16348.22,16348.22,17348.22,17848.22,1500,MIDRANGE PHONE
17-03-2019,2018-2019,4,P/M/A24,DEBIT,MOBILE,1,873.22,873.22,973.22,1473.22,600,BUDGET PHONE
17-03-2019,2018-2019,4,P/M/A39,MOBILE PAYMENTS,MOBILE,1,30553.58,30553.58,31553.58,32053.58,1500,PREMIUM MIDRANGE PHONE
17-03-2019,2018-2019,4,P/M/A43,DEBIT,MOBILE,1,60017.86,60017.86,61017.86,61517.86,1500,FLAGSHIP PHONE
17-03-2019,2018-2019,4,P/M/A45,DEBIT,MOBILE,1,58232.14,58232.14,59232.14,59732.14,1500,FLAGSHIP PHONE
17-03-2019,2018-2019,4,P/M/A45,MOBILE PAYMENTS,MOBILE,1,58232.14,58232.14,59232.14,59732.14,1500,FLAGSHIP PHONE
6/3/2019,2018-2019,4,P/M/A7,CASH,MOBILE,1,13669.64,13669.64,14669.64,15169.64,1500,MIDRANGE PHONE
13-03-2019,2018-2019,4,P/M/A10,DEBIT,MOBILE,1,16348.22,16348.22,17348.22,17848.22,1500,MIDRANGE PHONE
18-03-2019,2018-2019,4,P/A/50,DEBIT,ACCESSORY,1,2154.24,2154.24,2254.24,2754.24,600,WIRELESS HEADSET
11/3/2019,2018-2019,4,P/M/A7,DEBIT,MOBILE,1,13669.64,13669.64,14669.64,15169.64,1500,MIDRANGE PHONE
13-03-2019,2018-2019,4,P/M/A10,MOBILE PAYMENTS,MOBILE,1,16348.22,16348.22,17348.22,17848.22,1500,MIDRANGE PHONE
12/3/2019,2018-2019,4,P/M/A7,CASH,MOBILE,1,13669.64,13669.64,14669.64,15169.64,1500,MIDRANGE PHONE
19-03-2019,2018-2019,4,P/A/1,CREDIT,ACCESSORY,1,19677.96,19677.96,20677.96,21177.96,1500,GALAXY WATCH
15-03-2019,2018-2019,4,P/M/A7,DEBIT,MOBILE,1,13669.64,13669.64,14669.64,15169.64,1500,MIDRANGE PHONE
19-03-2019,2018-2019,4,P/A/47,CREDIT,ACCESSORY,3,1349.15,4047.45,1449.15,5847.46,1800,WIRELESS HEADSET
19-03-2019,2018-2019,4,P/A/47,CREDIT,ACCESSORY,1,1349.16,1349.16,1449.16,1949.16,600,WIRELESS HEADSET
13-03-2019,2018-2019,4,P/M/A10,MOBILE PAYMENTS,MOBILE,1,16348.22,16348.22,17348.22,17848.22,1500,MIDRANGE PHONE
17-03-2019,2018-2019,4,P/M/A10,CREDIT,MOBILE,1,16348.22,16348.22,17348.22,17848.22,1500,MIDRANGE PHONE
17-03-2019,2018-2019,4,P/M/A10,DEBIT,MOBILE,1,16348.22,16348.22,17348.22,17848.22,1500,MIDRANGE PHONE
19-03-2019,2018-2019,4,P/M/A37,DEBIT,MOBILE,2,19482.14,38964.28,20482.14,41964.29,3000,MIDRANGE PHONE
19-03-2019,2018-2019,4,P/M/A57,MOBILE PAYMENTS,MOBILE,1,7928.58,7928.58,8428.58,8928.58,1000,BUDGET PHONE
20-03-2019,2018-2019,4,P/A/21,MOBILE PAYMENTS,ACCESSORY,1,408.48,408.48,508.48,1008.48,600,CHARGER 
18-03-2019,2018-2019,4,P/M/A10,MOBILE PAYMENTS,MOBILE,1,16348.22,16348.22,17348.22,17848.22,1500,MIDRANGE PHONE
31-03-2019,2018-2019,4,P/M/A7,CASH,MOBILE,1,13669.64,13669.64,14669.64,15169.64,1500,MIDRANGE PHONE
27-01-2020,2019-2020,4,P/M/A8,CASH,MOBILE,1,12784.82,12784.82,13784.82,14284.82,1500,BUDGET PHONE
22-03-2019,2018-2019,4,P/M/A1,MOBILE PAYMENTS,MOBILE,1,6580.36,6580.36,7080.36,7580.36,1000,BUDGET PHONE
18-03-2019,2018-2019,4,P/M/A10,CREDIT,MOBILE,1,16348.22,16348.22,17348.22,17848.22,1500,MIDRANGE PHONE
16-02-2020,2019-2020,4,P/M/A8,CASH,MOBILE,1,12784.82,12784.82,13784.82,14284.82,1500,BUDGET PHONE
20-03-2019,2018-2019,4,P/M/A10,DEBIT,MOBILE,1,16348.22,16348.22,17348.22,17848.22,1500,MIDRANGE PHONE
22-03-2019,2018-2019,4,P/M/A10,CREDIT,MOBILE,1,16348.22,16348.22,17348.22,17848.22,1500,MIDRANGE PHONE
22-03-2019,2018-2019,4,P/M/A53,CREDIT,MOBILE,1,4892.86,4892.86,5392.86,5892.86,1000,BUDGET PHONE
22-03-2019,2018-2019,4,P/M/A10,CREDIT,MOBILE,1,16348.22,16348.22,17348.22,17848.22,1500,MIDRANGE PHONE
1/1/2019,2018-2019,4,P/M/A64,CASH,MOBILE,1,12776.78,12776.78,13776.78,14276.78,1500,BUDGET PHONE
23-03-2019,2018-2019,4,P/M/A10,CREDIT,MOBILE,1,16348.22,16348.22,17348.22,17848.22,1500,MIDRANGE PHONE
24-03-2019,2018-2019,4,P/M/A10,CREDIT,MOBILE,1,16348.22,16348.22,17348.22,17848.22,1500,MIDRANGE PHONE
25-03-2019,2018-2019,4,P/M/A10,DEBIT,MOBILE,1,16348.22,16348.22,17348.22,17848.22,1500,MIDRANGE PHONE
25-03-2019,2018-2019,4,P/M/A10,DEBIT,MOBILE,1,16348.22,16348.22,17348.22,17848.22,1500,MIDRANGE PHONE
27-03-2019,2018-2019,4,P/M/A10,DEBIT,MOBILE,1,16348.22,16348.22,17348.22,17848.22,1500,MIDRANGE PHONE
23-03-2019,2018-2019,4,P/M/A55,CREDIT,MOBILE,1,5875,5875,6375,6875,1000,BUDGET PHONE
24-03-2019,2018-2019,4,P/A/44,MOBILE PAYMENTS,ACCESSORY,1,7466.1,7466.1,7966.1,8466.1,1000,WIRELESS EARPHONES
10/1/2019,2018-2019,4,P/M/A64,MOBILE PAYMENTS,MOBILE,1,12776.78,12776.78,13776.78,14276.78,1500,BUDGET PHONE
24-03-2019,2018-2019,4,P/A/44,MOBILE PAYMENTS,ACCESSORY,1,7466.1,7466.1,7966.1,8466.1,1000,WIRELESS EARPHONES
24-03-2019,2018-2019,4,P/A/50,CREDIT,ACCESSORY,1,2111.86,2111.86,2211.86,2711.86,600,WIRELESS HEADSET
24-03-2019,2018-2019,4,P/M/A1,DEBIT,MOBILE,1,6580.36,6580.36,7080.36,7580.36,1000,BUDGET PHONE
27-03-2019,2018-2019,4,P/M/A10,DEBIT,MOBILE,1,16348.22,16348.22,17348.22,17848.22,1500,MIDRANGE PHONE
24-03-2019,2018-2019,4,P/M/A22,DEBIT,MOBILE,1,31526.78,31526.78,32526.78,33026.78,1500,PREMIUM MIDRANGE PHONE
1/1/2020,2019-2020,4,P/M/A8,CASH,MOBILE,1,11891.96,11891.96,12891.96,13391.96,1500,BUDGET PHONE
24-03-2019,2018-2019,4,P/T/S1,CASH,TABLET,1,7050.84,7050.84,7550.84,8050.84,1000,BUDGET TABLET
25-03-2019,2018-2019,4,P/M/A1,CREDIT,MOBILE,1,6580.36,6580.36,7080.36,7580.36,1000,BUDGET PHONE
25-03-2019,2018-2019,4,P/M/A1,MOBILE PAYMENTS,MOBILE,1,6580.36,6580.36,7080.36,7580.36,1000,BUDGET PHONE
29-03-2019,2018-2019,4,P/M/A10,DEBIT,MOBILE,1,16348.22,16348.22,17348.22,17848.22,1500,MIDRANGE PHONE
30-03-2019,2018-2019,4,P/M/A10,MOBILE PAYMENTS,MOBILE,1,16348.22,16348.22,17348.22,17848.22,1500,MIDRANGE PHONE
30-03-2019,2018-2019,4,P/M/A10,CREDIT,MOBILE,1,16348.22,16348.22,17348.22,17848.22,1500,MIDRANGE PHONE
19-01-2020,2019-2020,4,P/M/A8,CASH,MOBILE,1,11891.96,11891.96,12891.96,13391.96,1500,BUDGET PHONE
30-03-2019,2018-2019,4,P/M/A10,DEBIT,MOBILE,1,16348.22,16348.22,17348.22,17848.22,1500,MIDRANGE PHONE
6/2/2020,2019-2020,4,P/M/A8,CASH,MOBILE,1,11891.96,11891.96,12891.96,13391.96,1500,BUDGET PHONE
26-03-2019,2018-2019,4,P/A/34,DEBIT,ACCESSORY,1,4084.74,4084.74,4584.74,5084.74,1000,COVER
8/2/2020,2019-2020,4,P/M/A8,CASH,MOBILE,1,11891.96,11891.96,12891.96,13391.96,1500,BUDGET PHONE
26-03-2019,2018-2019,4,P/M/A1,DEBIT,MOBILE,1,6580.36,6580.36,7080.36,7580.36,1000,BUDGET PHONE
26-03-2019,2018-2019,4,P/M/A1,CREDIT,MOBILE,1,6580.36,6580.36,7080.36,7580.36,1000,BUDGET PHONE
26-03-2019,2018-2019,4,P/M/A1,DEBIT,MOBILE,1,6580.36,6580.36,7080.36,7580.36,1000,BUDGET PHONE
26-03-2019,2018-2019,4,P/M/A1,MOBILE PAYMENTS,MOBILE,1,6580.36,6580.36,7080.36,7580.36,1000,BUDGET PHONE
26-03-2019,2018-2019,4,P/M/A22,CREDIT,MOBILE,1,34205.36,34205.36,35205.36,35705.36,1500,PREMIUM MIDRANGE PHONE
31-03-2019,2018-2019,4,P/M/A10,CREDIT,MOBILE,1,16348.22,16348.22,17348.22,17848.22,1500,MIDRANGE PHONE
31-03-2019,2018-2019,4,P/M/A10,CREDIT,MOBILE,1,16348.22,16348.22,17348.22,17848.22,1500,MIDRANGE PHONE
31-03-2019,2018-2019,4,P/M/A10,DEBIT,MOBILE,1,16348.22,16348.22,17348.22,17848.22,1500,MIDRANGE PHONE
28-01-2019,2018-2019,4,P/M/A64,MOBILE PAYMENTS,MOBILE,3,11133.93,33401.79,12133.93,37901.79,4500,BUDGET PHONE
28-03-2019,2018-2019,4,P/A/1,MOBILE PAYMENTS,ACCESSORY,1,19677.96,19677.96,20677.96,21177.96,1500,GALAXY WATCH
29-03-2019,2018-2019,4,P/A/50,MOBILE PAYMENTS,ACCESSORY,1,2154.24,2154.24,2254.24,2754.24,600,WIRELESS HEADSET
2/1/2019,2018-2019,4,P/M/A60,CASH,MOBILE,1,10098.22,10098.22,11098.22,11598.22,1500,BUDGET PHONE
30-03-2019,2018-2019,4,P/A/21,DEBIT,ACCESSORY,1,408.48,408.48,508.48,1008.48,600,CHARGER 
30-03-2019,2018-2019,4,P/A/21,CREDIT,ACCESSORY,1,408.48,408.48,508.48,1008.48,600,CHARGER 
30-03-2019,2018-2019,4,P/A/47,DEBIT,ACCESSORY,1,1349.16,1349.16,1449.16,1949.16,600,WIRELESS HEADSET
30-03-2019,2018-2019,4,P/M/A43,CREDIT,MOBILE,1,56446.42,56446.42,57446.42,57946.42,1500,FLAGSHIP PHONE
30-03-2019,2018-2019,4,P/M/A45,MOBILE PAYMENTS,MOBILE,1,58232.14,58232.14,59232.14,59732.14,1500,FLAGSHIP PHONE
30-03-2019,2018-2019,4,P/M/A45,MOBILE PAYMENTS,MOBILE,1,58232.14,58232.14,59232.14,59732.14,1500,FLAGSHIP PHONE
31-03-2019,2018-2019,4,P/A/13,DEBIT,ACCESSORY,1,374.58,374.58,474.58,974.58,600,BATTERY
3/1/2019,2018-2019,4,P/M/A59,CASH,MOBILE,1,10098.22,10098.22,11098.22,11598.22,1500,BUDGET PHONE
31-03-2019,2018-2019,4,P/A/31,CREDIT,ACCESSORY,1,671.18,671.18,771.18,1271.18,600,COVER
10/1/2019,2018-2019,4,P/M/A60,CASH,MOBILE,1,10098.22,10098.22,11098.22,11598.22,1500,BUDGET PHONE
31-03-2019,2018-2019,4,P/A/47,CREDIT,ACCESSORY,1,1349.16,1349.16,1449.16,1949.16,600,WIRELESS HEADSET
31-03-2019,2018-2019,4,P/A/47,DEBIT,ACCESSORY,1,1306.78,1306.78,1406.78,1906.78,600,WIRELESS HEADSET
31-03-2019,2018-2019,4,P/A/50,CREDIT,ACCESSORY,1,2154.24,2154.24,2254.24,2754.24,600,WIRELESS HEADSET
31-03-2019,2018-2019,4,P/M/A1,MOBILE PAYMENTS,MOBILE,1,6580.36,6580.36,7080.36,7580.36,1000,BUDGET PHONE
31-03-2019,2018-2019,4,P/M/A23,MOBILE PAYMENTS,MOBILE,1,658.92,658.92,758.92,1258.92,600,BUDGET PHONE
17-01-2020,2019-2020,4,P/M/A4,CASH,MOBILE,1,9213.4,9213.4,10213.4,10713.4,1500,BUDGET PHONE
31-03-2019,2018-2019,4,P/M/A45,MOBILE PAYMENTS,MOBILE,1,58232.14,58232.14,59232.14,59732.14,1500,FLAGSHIP PHONE
31-03-2019,2018-2019,4,P/M/A46,CREDIT,MOBILE,1,64482.14,64482.14,65482.14,65982.14,1500,FLAGSHIP PHONE
19-01-2020,2019-2020,4,P/M/A4,CASH,MOBILE,1,9213.4,9213.4,10213.4,10713.4,1500,BUDGET PHONE
9/2/2020,2019-2020,4,P/M/A10,DEBIT,MOBILE,1,16348.22,16348.22,17348.22,17848.22,1500,MIDRANGE PHONE
21-03-2020,2019-2020,4,P/M/A10,CREDIT,MOBILE,1,16348.22,16348.22,17348.22,17848.22,1500,MIDRANGE PHONE
4/2/2019,2018-2019,4,P/M/A59,MOBILE PAYMENTS,MOBILE,1,9205.36,9205.36,10205.36,10705.36,1500,BUDGET PHONE
11/3/2019,2018-2019,4,P/M/A59,CASH,MOBILE,3,9205.36,27616.08,10205.36,32116.08,4500,BUDGET PHONE
8/3/2020,2019-2020,4,P/M/A4,CASH,MOBILE,1,9401.78,9401.78,9901.78,10401.78,1000,BUDGET PHONE
11/1/2020,2019-2020,4,P/M/A11,CREDIT,MOBILE,1,16356.24,16356.24,17356.24,17856.24,1500,MIDRANGE PHONE
11/1/2020,2019-2020,4,P/M/A11,CREDIT,MOBILE,1,16356.24,16356.24,17356.24,17856.24,1500,MIDRANGE PHONE
12/1/2020,2019-2020,4,P/M/A11,MOBILE PAYMENTS,MOBILE,1,16356.24,16356.24,17356.24,17856.24,1500,MIDRANGE PHONE
12/1/2020,2019-2020,4,P/M/A11,DEBIT,MOBILE,1,16356.24,16356.24,17356.24,17856.24,1500,MIDRANGE PHONE
14-01-2020,2019-2020,4,P/M/A11,CREDIT,MOBILE,1,16356.24,16356.24,17356.24,17856.24,1500,MIDRANGE PHONE
17-01-2020,2019-2020,4,P/M/A11,MOBILE PAYMENTS,MOBILE,1,16356.24,16356.24,17356.24,17856.24,1500,MIDRANGE PHONE
7/2/2020,2019-2020,4,P/M/A11,MOBILE PAYMENTS,MOBILE,1,16356.24,16356.24,17356.24,17856.24,1500,MIDRANGE PHONE
27-01-2020,2019-2020,4,P/T/S2,DEBIT,TABLET,1,9161.02,9161.02,9661.02,10161.02,1000,BUDGET TABLET
1/3/2020,2019-2020,4,P/M/A11,CREDIT,MOBILE,1,16356.24,16356.24,17356.24,17856.24,1500,MIDRANGE PHONE
2/3/2020,2019-2020,4,P/T/S2,MOBILE PAYMENTS,TABLET,1,9161.02,9161.02,9661.02,10161.02,1000,BUDGET TABLET
6/3/2020,2019-2020,4,P/M/A71,MOBILE PAYMENTS,MOBILE,1,16794.64,16794.64,17794.64,18294.64,1500,MIDRANGE PHONE
6/3/2019,2018-2019,4,P/M/A60,CASH,MOBILE,2,8821.43,17642.86,9321.43,19642.86,2000,BUDGET PHONE
3/2/2020,2019-2020,4,P/M/A2,CASH,MOBILE,1,7927.68,7927.68,8427.68,8927.68,1000,BUDGET PHONE
11/2/2019,2018-2019,4,P/M/A13,MOBILE PAYMENTS,MOBILE,1,17562.5,17562.5,18562.5,19062.5,1500,MIDRANGE PHONE
24-03-2019,2018-2019,4,P/A/44,CASH,ACCESSORY,1,7466.1,7466.1,7966.1,8466.1,1000,WIRELESS EARPHONES
5/2/2020,2019-2020,4,P/A/44,CASH,ACCESSORY,1,7466.1,7466.1,7966.1,8466.1,1000,WIRELESS EARPHONES
6/1/2019,2018-2019,4,P/M/A20,CREDIT,MOBILE,1,18133.92,18133.92,19133.92,19633.92,1500,MIDRANGE PHONE
6/1/2019,2018-2019,4,P/M/A20,MOBILE PAYMENTS,MOBILE,1,18133.92,18133.92,19133.92,19633.92,1500,MIDRANGE PHONE
8/1/2019,2018-2019,4,P/M/A20,MOBILE PAYMENTS,MOBILE,1,18133.92,18133.92,19133.92,19633.92,1500,MIDRANGE PHONE
3/1/2019,2018-2019,4,P/M/A1,CASH,MOBILE,1,6580.36,6580.36,7080.36,7580.36,1000,BUDGET PHONE
8/1/2020,2019-2020,4,P/M/A11,MOBILE PAYMENTS,MOBILE,1,18141.96,18141.96,19141.96,19641.96,1500,MIDRANGE PHONE
9/1/2020,2019-2020,4,P/M/A11,DEBIT,MOBILE,1,18141.96,18141.96,19141.96,19641.96,1500,MIDRANGE PHONE
15-01-2020,2019-2020,4,P/M/A11,MOBILE PAYMENTS,MOBILE,1,18141.96,18141.96,19141.96,19641.96,1500,MIDRANGE PHONE
15-01-2020,2019-2020,4,P/M/A11,DEBIT,MOBILE,1,18141.96,18141.96,19141.96,19641.96,1500,MIDRANGE PHONE
19-01-2020,2019-2020,4,P/M/A11,CREDIT,MOBILE,1,18141.96,18141.96,19141.96,19641.96,1500,MIDRANGE PHONE
26-01-2020,2019-2020,4,P/M/A11,CREDIT,MOBILE,1,18141.96,18141.96,19141.96,19641.96,1500,MIDRANGE PHONE
12/1/2019,2018-2019,4,P/M/A58,MOBILE PAYMENTS,MOBILE,1,6580.36,6580.36,7080.36,7580.36,1000,BUDGET PHONE
31-03-2019,2018-2019,4,P/M/A13,CREDIT,MOBILE,1,18142.86,18142.86,19142.86,19642.86,1500,MIDRANGE PHONE
10/3/2019,2018-2019,4,P/M/A10,CREDIT,MOBILE,1,18428.58,18428.58,19428.58,19928.58,1500,MIDRANGE PHONE
31-03-2019,2018-2019,4,P/M/A13,CREDIT,MOBILE,1,18500,18500,19500,20000,1500,MIDRANGE PHONE
11/2/2019,2018-2019,4,P/M/A20,MOBILE PAYMENTS,MOBILE,1,19026.78,19026.78,20026.78,20526.78,1500,MIDRANGE PHONE
15-02-2019,2018-2019,4,P/M/A20,CREDIT,MOBILE,1,19026.78,19026.78,20026.78,20526.78,1500,MIDRANGE PHONE
31-01-2019,2018-2019,4,P/M/A58,CASH,MOBILE,1,6580.36,6580.36,7080.36,7580.36,1000,BUDGET PHONE
1/2/2019,2018-2019,4,P/M/A58,CASH,MOBILE,1,6580.36,6580.36,7080.36,7580.36,1000,BUDGET PHONE
2/3/2019,2018-2019,4,P/M/A20,CREDIT,MOBILE,1,19026.78,19026.78,20026.78,20526.78,1500,MIDRANGE PHONE
9/3/2019,2018-2019,4,P/M/A10,CREDIT,MOBILE,1,19026.78,19026.78,20026.78,20526.78,1500,MIDRANGE PHONE
8/2/2019,2018-2019,4,P/M/A58,CASH,MOBILE,1,6580.36,6580.36,7080.36,7580.36,1000,BUDGET PHONE
13-02-2019,2018-2019,4,P/M/A58,CASH,MOBILE,1,6580.36,6580.36,7080.36,7580.36,1000,BUDGET PHONE
17-03-2019,2018-2019,4,P/M/A1,CASH,MOBILE,1,6580.36,6580.36,7080.36,7580.36,1000,BUDGET PHONE
23-03-2019,2018-2019,4,P/M/A10,DEBIT,MOBILE,1,19026.78,19026.78,20026.78,20526.78,1500,MIDRANGE PHONE
25-03-2019,2018-2019,4,P/M/A10,CREDIT,MOBILE,1,19026.78,19026.78,20026.78,20526.78,1500,MIDRANGE PHONE
28-03-2019,2018-2019,4,P/M/A10,CREDIT,MOBILE,1,19026.78,19026.78,20026.78,20526.78,1500,MIDRANGE PHONE
30-03-2019,2018-2019,4,P/M/A10,MOBILE PAYMENTS,MOBILE,1,19026.78,19026.78,20026.78,20526.78,1500,MIDRANGE PHONE
16-03-2020,2019-2020,4,P/M/A20,MOBILE PAYMENTS,MOBILE,1,19026.78,19026.78,20026.78,20526.78,1500,MIDRANGE PHONE
11/1/2021,2020-2021,4,P/M/A12,CREDIT,MOBILE,1,19261.86,19261.86,20261.86,20761.86,1500,MIDRANGE PHONE
18-03-2019,2018-2019,4,P/M/A1,MOBILE PAYMENTS,MOBILE,1,6580.36,6580.36,7080.36,7580.36,1000,BUDGET PHONE
26-03-2019,2018-2019,4,P/M/A1,CASH,MOBILE,1,6580.36,6580.36,7080.36,7580.36,1000,BUDGET PHONE
1/1/2020,2019-2020,4,P/M/A24,MOBILE PAYMENTS,MOBILE,1,873.22,873.22,973.22,1473.22,600,BUDGET PHONE
31-01-2019,2018-2019,4,P/M/A58,CASH,MOBILE,15,6098.21,91473.15,6598.21,106473.21,15000,BUDGET PHONE
2/3/2019,2018-2019,4,P/M/A56,CASH,MOBILE,1,4526.79,4526.79,5026.79,5526.79,1000,BUDGET PHONE
15-01-2021,2020-2021,4,P/M/A65,CASH,MOBILE,1,4507.62,4507.62,5007.62,5507.62,1000,BUDGET PHONE
3/1/2020,2019-2020,4,P/A/35,MOBILE PAYMENTS,ACCESSORY,1,2026.28,2026.28,2126.28,2626.28,600,COVER
3/1/2020,2019-2020,4,P/M/A2,DEBIT,MOBILE,1,7927.68,7927.68,8427.68,8927.68,1000,BUDGET PHONE
3/1/2020,2019-2020,4,P/M/A8,CREDIT,MOBILE,1,11891.96,11891.96,12891.96,13391.96,1500,BUDGET PHONE
4/1/2020,2019-2020,4,P/A/35,DEBIT,ACCESSORY,1,1942.38,1942.38,2042.38,2542.38,600,COVER
23-03-2019,2018-2019,4,P/M/A20,DEBIT,MOBILE,1,19919.64,19919.64,20919.64,21419.64,1500,MIDRANGE PHONE
5/1/2020,2019-2020,4,P/A/47,CREDIT,ACCESSORY,1,1518.64,1518.64,1618.64,2118.64,600,WIRELESS HEADSET
6/1/2020,2019-2020,4,P/A/5,DEBIT,ACCESSORY,1,15448.3,15448.3,16448.3,16948.3,1500,GALAXY WATCH
20-01-2020,2019-2020,4,P/M/A12,CREDIT,MOBILE,1,19927.68,19927.68,20927.68,21427.68,1500,MIDRANGE PHONE
31-01-2020,2019-2020,4,P/M/A12,CREDIT,MOBILE,1,19927.68,19927.68,20927.68,21427.68,1500,MIDRANGE PHONE
6/1/2020,2019-2020,4,P/M/A29,CREDIT,MOBILE,1,382.14,382.14,482.14,982.14,600,BUDGET PHONE
6/1/2020,2019-2020,4,P/M/A29,MOBILE PAYMENTS,MOBILE,1,382.14,382.14,482.14,982.14,600,BUDGET PHONE
6/1/2020,2019-2020,4,P/M/A29,DEBIT,MOBILE,1,382.14,382.14,482.14,982.14,600,BUDGET PHONE
6/1/2020,2019-2020,4,P/M/A8,CREDIT,MOBILE,1,12784.82,12784.82,13784.82,14284.82,1500,BUDGET PHONE
31-01-2020,2019-2020,4,P/M/A12,CREDIT,MOBILE,1,19927.68,19927.68,20927.68,21427.68,1500,MIDRANGE PHONE
14-02-2020,2019-2020,4,P/M/A12,MOBILE PAYMENTS,MOBILE,1,19927.68,19927.68,20927.68,21427.68,1500,MIDRANGE PHONE
21-02-2020,2019-2020,4,P/M/A12,MOBILE PAYMENTS,MOBILE,1,19927.68,19927.68,20927.68,21427.68,1500,MIDRANGE PHONE
9/1/2020,2019-2020,4,P/M/A2,DEBIT,MOBILE,1,7927.68,7927.68,8427.68,8927.68,1000,BUDGET PHONE
9/1/2020,2019-2020,4,P/M/A35,DEBIT,MOBILE,1,38677.68,38677.68,39677.68,40177.68,1500,PREMIUM MIDRANGE PHONE
9/1/2020,2019-2020,4,P/M/A8,MOBILE PAYMENTS,MOBILE,1,12784.82,12784.82,13784.82,14284.82,1500,BUDGET PHONE
10/1/2020,2019-2020,4,P/A/44,DEBIT,ACCESSORY,1,7466.1,7466.1,7966.1,8466.1,1000,WIRELESS EARPHONES
10/1/2020,2019-2020,4,P/M/A8,CREDIT,MOBILE,1,11891.96,11891.96,12891.96,13391.96,1500,BUDGET PHONE
11/1/2020,2019-2020,4,P/A/25,DEBIT,ACCESSORY,1,1518.64,1518.64,1618.64,2118.64,600,CHARGER 
25-01-2021,2020-2021,4,P/A/27,CASH,ACCESSORY,1,3237.28,3237.28,3737.28,4237.28,1000,CHARGER 
11/1/2020,2019-2020,4,P/A/41,CASH,ACCESSORY,1,2281.36,2281.36,2381.36,2881.36,600,POWER BANK
11/1/2020,2019-2020,4,P/A/44,CREDIT,ACCESSORY,1,7296.62,7296.62,7796.62,8296.62,1000,WIRELESS EARPHONES
5/3/2020,2019-2020,4,P/M/A12,MOBILE PAYMENTS,MOBILE,1,19927.68,19927.68,20927.68,21427.68,1500,MIDRANGE PHONE
7/3/2020,2019-2020,4,P/M/A12,CREDIT,MOBILE,1,19927.68,19927.68,20927.68,21427.68,1500,MIDRANGE PHONE
11/1/2020,2019-2020,4,P/M/A77,MOBILE PAYMENTS,MOBILE,1,69927.68,69927.68,70927.68,71427.68,1500,FLAGSHIP PHONE
12/1/2020,2019-2020,4,P/A/35,MOBILE PAYMENTS,ACCESSORY,1,2026.28,2026.28,2126.28,2626.28,600,COVER
12/3/2019,2018-2019,4,P/A/35,CASH,ACCESSORY,1,2196.62,2196.62,2296.62,2796.62,600,COVER
18-03-2020,2019-2020,4,P/M/A12,DEBIT,MOBILE,1,19927.68,19927.68,20927.68,21427.68,1500,MIDRANGE PHONE
27-03-2019,2018-2019,4,P/M/A10,CREDIT,MOBILE,1,19928.58,19928.58,20928.58,21428.58,1500,MIDRANGE PHONE
12/1/2020,2019-2020,4,P/M/A23,MOBILE PAYMENTS,MOBILE,1,627.68,627.68,727.68,1227.68,600,BUDGET PHONE
12/1/2020,2019-2020,4,P/M/A24,DEBIT,MOBILE,1,873.22,873.22,973.22,1473.22,600,BUDGET PHONE
12/1/2020,2019-2020,4,P/T/S2,MOBILE PAYMENTS,TABLET,1,9161.02,9161.02,9661.02,10161.02,1000,BUDGET TABLET
2/1/2020,2019-2020,4,P/A/50,CASH,ACCESSORY,1,2196.62,2196.62,2296.62,2796.62,600,WIRELESS HEADSET
14-01-2020,2019-2020,4,P/M/A2,CREDIT,MOBILE,1,7034.82,7034.82,7534.82,8034.82,1000,BUDGET PHONE
14-01-2020,2019-2020,4,P/M/A24,MOBILE PAYMENTS,MOBILE,1,783.92,783.92,883.92,1383.92,600,BUDGET PHONE
16-01-2020,2019-2020,4,P/M/A2,MOBILE PAYMENTS,MOBILE,1,7927.68,7927.68,8427.68,8927.68,1000,BUDGET PHONE
16-01-2020,2019-2020,4,P/M/A29,MOBILE PAYMENTS,MOBILE,1,382.14,382.14,482.14,982.14,600,BUDGET PHONE
7/2/2020,2019-2020,4,P/A/41,CASH,ACCESSORY,1,2196.62,2196.62,2296.62,2796.62,600,POWER BANK
18-01-2020,2019-2020,4,P/A/35,CREDIT,ACCESSORY,1,2069.5,2069.5,2169.5,2669.5,600,COVER
2/3/2019,2018-2019,4,P/A/50,CASH,ACCESSORY,1,2154.24,2154.24,2254.24,2754.24,600,WIRELESS HEADSET
18-01-2020,2019-2020,4,P/M/A4,CREDIT,MOBILE,1,10999.1,10999.1,11999.1,12499.1,1500,BUDGET PHONE
17-03-2020,2019-2020,4,P/A/41,CASH,ACCESSORY,1,2111.86,2111.86,2211.86,2711.86,600,POWER BANK
8/3/2020,2019-2020,4,P/A/35,CASH,ACCESSORY,1,2026.28,2026.28,2126.28,2626.28,600,COVER
17-03-2019,2018-2019,4,P/A/38,CASH,ACCESSORY,1,1857.62,1857.62,1957.62,2457.62,600,COVER
20-01-2020,2019-2020,4,P/M/A2,MOBILE PAYMENTS,MOBILE,1,7927.68,7927.68,8427.68,8927.68,1000,BUDGET PHONE
22-01-2020,2019-2020,4,P/M/A4,MOBILE PAYMENTS,MOBILE,1,9213.4,9213.4,10213.4,10713.4,1500,BUDGET PHONE
22-01-2020,2019-2020,4,P/M/A8,CREDIT,MOBILE,1,12784.82,12784.82,13784.82,14284.82,1500,BUDGET PHONE
23-01-2020,2019-2020,4,P/A/34,CREDIT,ACCESSORY,1,5778.82,5778.82,6278.82,6778.82,1000,COVER
11/1/2020,2019-2020,4,P/A/35,CASH,ACCESSORY,1,1772.88,1772.88,1872.88,2372.88,600,COVER
31-03-2019,2018-2019,4,P/A/26,CASH,ACCESSORY,1,1688.14,1688.14,1788.14,2288.14,600,CHARGER 
18-02-2020,2019-2020,4,P/A/7,CASH,ACCESSORY,1,1594.92,1594.92,1694.92,2194.92,600,GALAXY WATCH
25-01-2020,2019-2020,4,P/M/A46,CREDIT,MOBILE,1,64482.14,64482.14,65482.14,65982.14,1500,FLAGSHIP PHONE
27-01-2020,2019-2020,4,P/A/41,MOBILE PAYMENTS,ACCESSORY,1,628.82,628.82,728.82,1228.82,600,POWER BANK
27-01-2020,2019-2020,4,P/M/A35,DEBIT,MOBILE,1,34213.4,34213.4,35213.4,35713.4,1500,PREMIUM MIDRANGE PHONE
5/2/2019,2018-2019,4,P/A/47,CASH,ACCESSORY,1,1518.64,1518.64,1618.64,2118.64,600,WIRELESS HEADSET
13-02-2020,2019-2020,4,P/A/47,CASH,ACCESSORY,1,1518.64,1518.64,1618.64,2118.64,600,WIRELESS HEADSET
28-01-2020,2019-2020,4,P/M/A24,DEBIT,MOBILE,1,882.14,882.14,982.14,1482.14,600,BUDGET PHONE
29-01-2020,2019-2020,4,P/M/A8,DEBIT,MOBILE,1,11891.96,11891.96,12891.96,13391.96,1500,BUDGET PHONE
24-02-2020,2019-2020,4,P/A/47,CASH,ACCESSORY,1,1518.64,1518.64,1618.64,2118.64,600,WIRELESS HEADSET
1/2/2020,2019-2020,4,P/A/22,MOBILE PAYMENTS,ACCESSORY,1,408.48,408.48,508.48,1008.48,600,CHARGER 
2/2/2020,2019-2020,4,P/A/21,MOBILE PAYMENTS,ACCESSORY,1,408.48,408.48,508.48,1008.48,600,CHARGER 
2/2/2020,2019-2020,4,P/M/A2,DEBIT,MOBILE,1,7927.68,7927.68,8427.68,8927.68,1000,BUDGET PHONE
3/2/2020,2019-2020,4,P/A/35,MOBILE PAYMENTS,ACCESSORY,1,2026.28,2026.28,2126.28,2626.28,600,COVER
4/3/2020,2019-2020,4,P/A/47,CASH,ACCESSORY,1,1518.64,1518.64,1618.64,2118.64,600,WIRELESS HEADSET
3/2/2020,2019-2020,4,P/M/A2,DEBIT,MOBILE,1,7927.68,7927.68,8427.68,8927.68,1000,BUDGET PHONE
4/2/2020,2019-2020,4,P/A/21,CREDIT,ACCESSORY,1,408.48,408.48,508.48,1008.48,600,CHARGER 
27-01-2019,2018-2019,4,P/A/47,CASH,ACCESSORY,1,1433.9,1433.9,1533.9,2033.9,600,WIRELESS HEADSET
5/2/2020,2019-2020,4,P/M/A6,MOBILE PAYMENTS,MOBILE,1,3723.22,3723.22,4223.22,4723.22,1000,BUDGET PHONE
7/1/2019,2018-2019,4,P/A/47,CASH,ACCESSORY,1,1349.16,1349.16,1449.16,1949.16,600,WIRELESS HEADSET
8/1/2019,2018-2019,4,P/A/47,CASH,ACCESSORY,1,1349.16,1349.16,1449.16,1949.16,600,WIRELESS HEADSET
16-01-2019,2018-2019,4,P/A/47,CASH,ACCESSORY,1,1349.16,1349.16,1449.16,1949.16,600,WIRELESS HEADSET
31-03-2019,2018-2019,4,P/A/47,CASH,ACCESSORY,1,1349.16,1349.16,1449.16,1949.16,600,WIRELESS HEADSET
7/2/2020,2019-2020,4,P/A/44,DEBIT,ACCESSORY,1,7042.38,7042.38,7542.38,8042.38,1000,WIRELESS EARPHONES
7/2/2020,2019-2020,4,P/M/A2,CREDIT,MOBILE,1,7034.82,7034.82,7534.82,8034.82,1000,BUDGET PHONE
25-03-2019,2018-2019,4,P/M/A25,MOBILE PAYMENTS,MOBILE,1,1266.08,1266.08,1366.08,1866.08,600,BUDGET PHONE
9/2/2020,2019-2020,4,P/M/A73,CREDIT,MOBILE,1,35106.24,35106.24,36106.24,36606.24,1500,PREMIUM MIDRANGE PHONE
12/2/2020,2019-2020,4,P/M/A35,MOBILE PAYMENTS,MOBILE,1,38677.68,38677.68,39677.68,40177.68,1500,PREMIUM MIDRANGE PHONE
13-02-2020,2019-2020,4,P/A/22,MOBILE PAYMENTS,ACCESSORY,1,408.48,408.48,508.48,1008.48,600,CHARGER 
13-02-2020,2019-2020,4,P/A/41,CREDIT,ACCESSORY,1,2281.36,2281.36,2381.36,2881.36,600,POWER BANK
31-03-2019,2018-2019,4,P/M/A25,CASH,MOBILE,1,1185.72,1185.72,1285.72,1785.72,600,BUDGET PHONE
14-02-2020,2019-2020,4,P/A/47,CREDIT,ACCESSORY,1,1518.64,1518.64,1618.64,2118.64,600,WIRELESS HEADSET
14-02-2020,2019-2020,4,P/M/A23,CREDIT,MOBILE,1,650,650,750,1250,600,BUDGET PHONE
2/3/2020,2019-2020,4,P/M/A24,CASH,MOBILE,1,917.86,917.86,1017.86,1517.86,600,BUDGET PHONE
14-02-2020,2019-2020,4,P/M/A8,MOBILE PAYMENTS,MOBILE,1,11891.96,11891.96,12891.96,13391.96,1500,BUDGET PHONE
9/2/2019,2018-2019,4,P/M/A24,CASH,MOBILE,1,873.22,873.22,973.22,1473.22,600,BUDGET PHONE
15-02-2020,2019-2020,4,P/M/A4,MOBILE PAYMENTS,MOBILE,1,9213.4,9213.4,10213.4,10713.4,1500,BUDGET PHONE
16-02-2020,2019-2020,4,P/M/A23,DEBIT,MOBILE,1,650,650,750,1250,600,BUDGET PHONE
30-01-2020,2019-2020,4,P/M/A24,CASH,MOBILE,1,850.9,850.9,950.9,1450.9,600,BUDGET PHONE
18-02-2020,2019-2020,4,P/A/21,CREDIT,ACCESSORY,1,408.48,408.48,508.48,1008.48,600,CHARGER 
17-01-2021,2020-2021,4,P/M/A24,MOBILE PAYMENTS,MOBILE,1,849.16,849.16,949.16,1449.16,600,BUDGET PHONE
18-02-2020,2019-2020,4,P/M/A2,MOBILE PAYMENTS,MOBILE,1,7034.82,7034.82,7534.82,8034.82,1000,BUDGET PHONE
18-02-2020,2019-2020,4,P/M/A8,MOBILE PAYMENTS,MOBILE,1,12784.82,12784.82,13784.82,14284.82,1500,BUDGET PHONE
19-02-2020,2019-2020,4,P/A/21,MOBILE PAYMENTS,ACCESSORY,1,408.48,408.48,508.48,1008.48,600,CHARGER 
19-02-2020,2019-2020,4,P/A/35,MOBILE PAYMENTS,ACCESSORY,1,1772.04,1772.04,1872.04,2372.04,600,COVER
19-02-2020,2019-2020,4,P/M/A2,DEBIT,MOBILE,1,7034.82,7034.82,7534.82,8034.82,1000,BUDGET PHONE
19-02-2020,2019-2020,4,P/M/A73,DEBIT,MOBILE,1,35106.24,35106.24,36106.24,36606.24,1500,PREMIUM MIDRANGE PHONE
19-02-2020,2019-2020,4,P/M/A8,MOBILE PAYMENTS,MOBILE,1,11891.96,11891.96,12891.96,13391.96,1500,BUDGET PHONE
20-02-2020,2019-2020,4,P/A/30,MOBILE PAYMENTS,ACCESSORY,1,5440.68,5440.68,5940.68,6440.68,1000,COVER
20-02-2020,2019-2020,4,P/A/4,CREDIT,ACCESSORY,1,22652.54,22652.54,23652.54,24152.54,1500,GALAXY WATCH
20-02-2020,2019-2020,4,P/M/A4,CREDIT,MOBILE,1,9401.78,9401.78,9901.78,10401.78,1000,BUDGET PHONE
20-02-2020,2019-2020,4,P/T/S11,CASH,TABLET,1,49262.72,49262.72,50262.72,50762.72,1500,FLAGSHIP TAB
18-01-2020,2019-2020,4,P/A/41,CASH,ACCESSORY,1,671.18,671.18,771.18,1271.18,600,POWER BANK
23-02-2020,2019-2020,4,P/M/A25,DEBIT,MOBILE,1,1230.36,1230.36,1330.36,1830.36,600,BUDGET PHONE
23-02-2020,2019-2020,4,P/M/A73,CREDIT,MOBILE,1,33320.54,33320.54,34320.54,34820.54,1500,PREMIUM MIDRANGE PHONE
24-02-2020,2019-2020,4,P/A/30,DEBIT,ACCESSORY,1,8321.19,8321.19,8821.19,9321.19,1000,COVER
29-03-2019,2018-2019,4,P/M/A23,CASH,MOBILE,1,658.92,658.92,758.92,1258.92,600,BUDGET PHONE
27-02-2020,2019-2020,4,P/A/41,CREDIT,ACCESSORY,1,2238.98,2238.98,2338.98,2838.98,600,POWER BANK
28-02-2020,2019-2020,4,P/A/41,DEBIT,ACCESSORY,1,671.18,671.18,771.18,1271.18,600,POWER BANK
28-02-2020,2019-2020,4,P/M/A45,DEBIT,MOBILE,1,58232.14,58232.14,59232.14,59732.14,1500,FLAGSHIP PHONE
29-02-2020,2019-2020,4,P/M/A76,DEBIT,MOBILE,1,60999.1,60999.1,61999.1,62499.1,1500,FLAGSHIP PHONE
1/3/2020,2019-2020,4,P/M/A24,CREDIT,MOBILE,1,882.14,882.14,982.14,1482.14,600,BUDGET PHONE
6/2/2019,2018-2019,4,P/M/A23,CASH,MOBILE,1,650,650,750,1250,600,BUDGET PHONE
6/2/2020,2019-2020,4,P/M/A23,CASH,MOBILE,1,627.68,627.68,727.68,1227.68,600,BUDGET PHONE
3/3/2020,2019-2020,4,P/A/35,DEBIT,ACCESSORY,1,2195.76,2195.76,2295.76,2795.76,600,COVER
17-01-2019,2018-2019,4,P/A/41,CASH,ACCESSORY,1,586.44,586.44,686.44,1186.44,600,POWER BANK
4/3/2020,2019-2020,4,P/M/A3,DEBIT,MOBILE,1,9651.78,9651.78,10651.78,11151.78,1500,BUDGET PHONE
5/3/2020,2019-2020,4,P/A/44,MOBILE PAYMENTS,ACCESSORY,1,6627.12,6627.12,7127.12,7627.12,1000,WIRELESS EARPHONES
5/3/2020,2019-2020,4,P/M/A25,MOBILE PAYMENTS,MOBILE,1,1208.04,1208.04,1308.04,1808.04,600,BUDGET PHONE
5/3/2020,2019-2020,4,P/M/A8,CREDIT,MOBILE,1,11891.96,11891.96,12891.96,13391.96,1500,BUDGET PHONE
5/3/2020,2019-2020,4,P/M/A8,MOBILE PAYMENTS,MOBILE,1,12784.82,12784.82,13784.82,14284.82,1500,BUDGET PHONE
6/3/2020,2019-2020,4,P/M/A47,DEBIT,MOBILE,1,58320.54,58320.54,59320.54,59820.54,1500,FLAGSHIP PHONE
6/3/2020,2019-2020,4,P/M/A48,CREDIT,MOBILE,1,64570.54,64570.54,65570.54,66070.54,1500,FLAGSHIP PHONE
6/3/2020,2019-2020,4,P/M/A48,DEBIT,MOBILE,1,64570.54,64570.54,65570.54,66070.54,1500,FLAGSHIP PHONE
6/3/2020,2019-2020,4,P/M/A48,CREDIT,MOBILE,1,64570.54,64570.54,65570.54,66070.54,1500,FLAGSHIP PHONE
16-01-2019,2018-2019,4,P/A/19,CASH,ACCESSORY,1,585.6,585.6,685.6,1185.6,600,BATTERY
20-01-2019,2018-2019,4,P/A/19,CASH,ACCESSORY,1,585.6,585.6,685.6,1185.6,600,BATTERY
7/3/2020,2019-2020,4,P/M/A70,MOBILE PAYMENTS,MOBILE,1,12784.82,12784.82,13784.82,14284.82,1500,BUDGET PHONE
2/2/2019,2018-2019,4,P/A/19,CASH,ACCESSORY,1,585.6,585.6,685.6,1185.6,600,BATTERY
5/2/2019,2018-2019,4,P/A/19,CASH,ACCESSORY,1,585.6,585.6,685.6,1185.6,600,BATTERY
9/2/2019,2018-2019,4,P/A/20,CASH,ACCESSORY,1,585.6,585.6,685.6,1185.6,600,BATTERY
9/3/2020,2019-2020,4,P/M/A2,DEBIT,MOBILE,1,7927.68,7927.68,8427.68,8927.68,1000,BUDGET PHONE
9/3/2020,2019-2020,4,P/M/A4,CREDIT,MOBILE,1,10106.24,10106.24,11106.24,11606.24,1500,BUDGET PHONE
11/3/2020,2019-2020,4,P/A/47,DEBIT,ACCESSORY,1,1772.88,1772.88,1872.88,2372.88,600,WIRELESS HEADSET
12/3/2020,2019-2020,4,P/A/41,CREDIT,ACCESSORY,1,2154.24,2154.24,2254.24,2754.24,600,POWER BANK
12/3/2020,2019-2020,4,P/A/43,CREDIT,ACCESSORY,1,416.94,416.94,516.94,1016.94,600,WIRELESS EARPHONES
12/3/2020,2019-2020,4,P/M/A49,CREDIT,MOBILE,1,81534.82,81534.82,82534.82,83034.82,1500,LUXURY PHONE
26-02-2019,2018-2019,4,P/A/20,CASH,ACCESSORY,1,585.6,585.6,685.6,1185.6,600,BATTERY
14-03-2020,2019-2020,4,P/M/A69,CREDIT,MOBILE,1,12784.82,12784.82,13784.82,14284.82,1500,BUDGET PHONE
14-03-2020,2019-2020,4,P/M/A77,DEBIT,MOBILE,1,69927.68,69927.68,70927.68,71427.68,1500,FLAGSHIP PHONE
19-03-2019,2018-2019,4,P/A/20,CASH,ACCESSORY,1,585.6,585.6,685.6,1185.6,600,BATTERY
15-03-2020,2019-2020,4,P/M/A23,CREDIT,MOBILE,1,650,650,750,1250,600,BUDGET PHONE
15-03-2020,2019-2020,4,P/M/A45,MOBILE PAYMENTS,MOBILE,1,58232.14,58232.14,59232.14,59732.14,1500,FLAGSHIP PHONE
15-03-2020,2019-2020,4,P/M/A75,MOBILE PAYMENTS,MOBILE,1,59125,59125,60125,60625,1500,FLAGSHIP PHONE
15-03-2020,2019-2020,4,P/M/A8,DEBIT,MOBILE,1,12784.82,12784.82,13784.82,14284.82,1500,BUDGET PHONE
16-03-2020,2019-2020,4,P/M/A3,CREDIT,MOBILE,1,9651.78,9651.78,10651.78,11151.78,1500,BUDGET PHONE
16-03-2020,2019-2020,4,P/M/A3,MOBILE PAYMENTS,MOBILE,1,9651.78,9651.78,10651.78,11151.78,1500,BUDGET PHONE
16-03-2020,2019-2020,4,P/M/A4,CREDIT,MOBILE,1,9213.4,9213.4,10213.4,10713.4,1500,BUDGET PHONE
16-03-2020,2019-2020,4,P/M/A8,DEBIT,MOBILE,1,11891.96,11891.96,12891.96,13391.96,1500,BUDGET PHONE
24-01-2020,2019-2020,4,P/A/41,CASH,ACCESSORY,1,459.32,459.32,559.32,1059.32,600,POWER BANK
17-03-2020,2019-2020,4,P/M/A47,CREDIT,MOBILE,1,58320.54,58320.54,59320.54,59820.54,1500,FLAGSHIP PHONE
18-03-2020,2019-2020,4,P/A/2,MOBILE PAYMENTS,ACCESSORY,1,22644.06,22644.06,23644.06,24144.06,1500,GALAXY WATCH
6/1/2019,2018-2019,4,P/M/A20,MOBILE PAYMENTS,MOBILE,1,21705.36,21705.36,22705.36,23205.36,1500,MIDRANGE PHONE
18-03-2020,2019-2020,4,P/M/A24,MOBILE PAYMENTS,MOBILE,1,873.22,873.22,973.22,1473.22,600,BUDGET PHONE
18-03-2020,2019-2020,4,P/M/A75,DEBIT,MOBILE,1,59125,59125,60125,60625,1500,FLAGSHIP PHONE
19-03-2020,2019-2020,4,P/M/A24,DEBIT,MOBILE,1,828.58,828.58,928.58,1428.58,600,BUDGET PHONE
20-03-2020,2019-2020,4,P/A/6,DEBIT,ACCESSORY,1,29000,29000,30000,30500,1500,GALAXY WATCH
14-01-2019,2018-2019,4,P/A/21,CASH,ACCESSORY,1,416.1,416.1,516.1,1016.1,600,CHARGER 
13-01-2019,2018-2019,4,P/T/S7,MOBILE PAYMENTS,TABLET,1,23915.26,23915.26,24915.26,25415.26,1500,MIDRANGE TAB
25-01-2019,2018-2019,4,P/T/S7,CASH,TABLET,1,23915.26,23915.26,24915.26,25415.26,1500,MIDRANGE TAB
9/2/2020,2019-2020,4,P/M/A15,CREDIT,MOBILE,1,24383.92,24383.92,25383.92,25883.92,1500,MIDRANGE PHONE
1/3/2020,2019-2020,4,P/M/A15,CREDIT,MOBILE,1,24383.92,24383.92,25383.92,25883.92,1500,MIDRANGE PHONE
15-03-2020,2019-2020,4,P/M/A15,CREDIT,MOBILE,1,24383.92,24383.92,25383.92,25883.92,1500,MIDRANGE PHONE
2/1/2020,2019-2020,4,P/M/A16,MOBILE PAYMENTS,MOBILE,1,24391.96,24391.96,25391.96,25891.96,1500,MIDRANGE PHONE
19-01-2019,2018-2019,4,P/A/21,CASH,ACCESSORY,1,408.48,408.48,508.48,1008.48,600,CHARGER 
26-01-2019,2018-2019,4,P/A/21,CASH,ACCESSORY,1,408.48,408.48,508.48,1008.48,600,CHARGER 
9/1/2020,2019-2020,4,P/M/A16,MOBILE PAYMENTS,MOBILE,1,24391.96,24391.96,25391.96,25891.96,1500,MIDRANGE PHONE
1/2/2020,2019-2020,4,P/M/A17,DEBIT,MOBILE,1,25284.82,25284.82,26284.82,26784.82,1500,MIDRANGE PHONE
26-02-2020,2019-2020,4,P/M/A17,CREDIT,MOBILE,1,25284.82,25284.82,26284.82,26784.82,1500,MIDRANGE PHONE
1/3/2020,2019-2020,4,P/M/A17,DEBIT,MOBILE,1,25284.82,25284.82,26284.82,26784.82,1500,MIDRANGE PHONE
4/2/2019,2018-2019,4,P/A/22,CASH,ACCESSORY,1,408.48,408.48,508.48,1008.48,600,CHARGER 
5/3/2020,2019-2020,4,P/M/A17,CREDIT,MOBILE,1,25284.82,25284.82,26284.82,26784.82,1500,MIDRANGE PHONE
9/3/2020,2019-2020,4,P/M/A17,DEBIT,MOBILE,1,25284.82,25284.82,26284.82,26784.82,1500,MIDRANGE PHONE
15-03-2020,2019-2020,4,P/M/A17,MOBILE PAYMENTS,MOBILE,1,25284.82,25284.82,26284.82,26784.82,1500,MIDRANGE PHONE
16-03-2020,2019-2020,4,P/M/A17,MOBILE PAYMENTS,MOBILE,1,25284.82,25284.82,26284.82,26784.82,1500,MIDRANGE PHONE
2/1/2021,2020-2021,4,P/M/A66,MOBILE PAYMENTS,MOBILE,1,5525.42,5525.42,6025.42,6525.42,1000,BUDGET PHONE
3/1/2021,2020-2021,4,P/M/A65,DEBIT,MOBILE,1,4507.62,4507.62,5007.62,5507.62,1000,BUDGET PHONE
6/1/2021,2020-2021,4,P/M/A68,DEBIT,MOBILE,1,12058.48,12058.48,13058.48,13558.48,1500,BUDGET PHONE
1/3/2019,2018-2019,4,P/A/22,CASH,ACCESSORY,1,408.48,408.48,508.48,1008.48,600,CHARGER 
7/1/2021,2020-2021,4,P/A/22,MOBILE PAYMENTS,ACCESSORY,1,408.48,408.48,508.48,1008.48,600,CHARGER 
7/1/2021,2020-2021,4,P/A/7,DEBIT,ACCESSORY,1,1306.78,1306.78,1406.78,1906.78,600,GALAXY WATCH
7/1/2021,2020-2021,4,P/M/A36,DEBIT,MOBILE,1,40872.04,40872.04,41872.04,42372.04,1500,PREMIUM MIDRANGE PHONE
7/1/2021,2020-2021,4,P/M/A48,DEBIT,MOBILE,1,63939.84,63939.84,64939.84,65439.84,1500,FLAGSHIP PHONE
10/1/2021,2020-2021,4,P/M/A8,MOBILE PAYMENTS,MOBILE,1,11892.38,11892.38,12892.38,13392.38,1500,BUDGET PHONE
12/1/2021,2020-2021,4,P/M/A67,MOBILE PAYMENTS,MOBILE,1,8321.18,8321.18,8821.18,9321.18,1000,BUDGET PHONE
13-01-2021,2020-2021,4,P/M/A36,DEBIT,MOBILE,1,40872.04,40872.04,41872.04,42372.04,1500,PREMIUM MIDRANGE PHONE
15-01-2021,2020-2021,4,P/M/A17,MOBILE PAYMENTS,MOBILE,3,25650.85,76952.55,26650.85,81452.54,4500,MIDRANGE PHONE
26-03-2019,2018-2019,4,P/A/22,CASH,ACCESSORY,1,408.48,408.48,508.48,1008.48,600,CHARGER 
16-01-2021,2020-2021,4,P/A/22,CREDIT,ACCESSORY,1,408.48,408.48,508.48,1008.48,600,CHARGER 
17-01-2021,2020-2021,4,P/M/A23,CREDIT,MOBILE,1,594.92,594.92,694.92,1194.92,600,BUDGET PHONE
14-01-2020,2019-2020,4,P/A/22,CASH,ACCESSORY,1,408.48,408.48,508.48,1008.48,600,CHARGER 
17-01-2021,2020-2021,4,P/M/A67,MOBILE PAYMENTS,MOBILE,1,9338.98,9338.98,9838.98,10338.98,1000,BUDGET PHONE
17-01-2021,2020-2021,4,P/M/A79,MOBILE PAYMENTS,MOBILE,1,101550,101550,102550,103050,1500,LUXURY PHONE
1/1/2020,2019-2020,4,P/M/A16,DEBIT,MOBILE,1,26177.68,26177.68,27177.68,27677.68,1500,MIDRANGE PHONE
19-01-2021,2020-2021,4,P/A/22,DEBIT,ACCESSORY,1,408.48,408.48,508.48,1008.48,600,CHARGER 
15-02-2020,2019-2020,4,P/A/21,CASH,ACCESSORY,1,408.48,408.48,508.48,1008.48,600,CHARGER 
20-01-2021,2020-2021,4,P/T/S12,DEBIT,TABLET,1,52736.44,52736.44,53736.44,54236.44,1500,FLAGSHIP TAB
21-01-2021,2020-2021,4,P/A/22,DEBIT,ACCESSORY,1,408.48,408.48,508.48,1008.48,600,CHARGER 
24-01-2020,2019-2020,4,P/M/A16,DEBIT,MOBILE,1,26177.68,26177.68,27177.68,27677.68,1500,MIDRANGE PHONE
25-01-2020,2019-2020,4,P/M/A16,MOBILE PAYMENTS,MOBILE,1,26177.68,26177.68,27177.68,27677.68,1500,MIDRANGE PHONE
22-01-2021,2020-2021,4,P/M/A52,MOBILE PAYMENTS,MOBILE,1,101550,101550,102550,103050,1500,LUXURY PHONE
22-01-2021,2020-2021,4,P/M/A68,DEBIT,MOBILE,1,12482.2,12482.2,13482.2,13982.2,1500,BUDGET PHONE
24-01-2021,2020-2021,4,P/A/7,CREDIT,ACCESSORY,1,1518.64,1518.64,1618.64,2118.64,600,GALAXY WATCH
1/2/2020,2019-2020,4,P/M/A16,CREDIT,MOBILE,1,26177.68,26177.68,27177.68,27677.68,1500,MIDRANGE PHONE
24-01-2021,2020-2021,4,P/M/A51,CREDIT,MOBILE,1,71380.5,71380.5,72380.5,72880.5,1500,FLAGSHIP PHONE
24-01-2021,2020-2021,4,P/M/A65,CREDIT,MOBILE,1,3236.44,3236.44,3736.44,4236.44,1000,BUDGET PHONE
3/2/2020,2019-2020,4,P/M/A16,MOBILE PAYMENTS,MOBILE,1,26177.68,26177.68,27177.68,27677.68,1500,MIDRANGE PHONE
3/1/2020,2019-2020,4,P/A/22,CASH,ACCESSORY,1,374.58,374.58,474.58,974.58,600,CHARGER 
25-01-2021,2020-2021,4,P/A/27,CREDIT,ACCESSORY,2,671.19,1342.38,771.19,2542.38,1200,CHARGER 
24-01-2019,2018-2019,4,P/A/39,CASH,ACCESSORY,1,332.2,332.2,432.2,932.2,600,COVER
25-01-2021,2020-2021,4,P/M/A52,CREDIT,MOBILE,1,101550,101550,102550,103050,1500,LUXURY PHONE
25-01-2021,2020-2021,4,P/M/A52,MOBILE PAYMENTS,MOBILE,1,101550,101550,102550,103050,1500,LUXURY PHONE
25-01-2021,2020-2021,4,P/M/A52,DEBIT,MOBILE,1,101550,101550,102550,103050,1500,LUXURY PHONE
25-01-2021,2020-2021,4,P/M/A65,CREDIT,MOBILE,1,3661.02,3661.02,4161.02,4661.02,1000,BUDGET PHONE
26-01-2021,2020-2021,4,P/M/A5,CREDIT,MOBILE,1,12482.2,12482.2,13482.2,13982.2,1500,BUDGET PHONE
27-01-2021,2020-2021,4,P/M/A52,MOBILE PAYMENTS,MOBILE,1,101550,101550,102550,103050,1500,LUXURY PHONE
27-01-2021,2020-2021,4,P/M/A52,MOBILE PAYMENTS,MOBILE,1,101550,101550,102550,103050,1500,LUXURY PHONE
29-01-2021,2020-2021,4,P/A/27,DEBIT,ACCESSORY,1,671.18,671.18,771.18,1271.18,600,CHARGER 
29-01-2021,2020-2021,4,P/M/A50,CREDIT,MOBILE,1,61211.02,61211.02,62211.02,62711.02,1500,FLAGSHIP PHONE
29-01-2021,2020-2021,4,P/M/A67,MOBILE PAYMENTS,MOBILE,1,8321.18,8321.18,8821.18,9321.18,1000,BUDGET PHONE
30-01-2021,2020-2021,4,P/M/A36,CREDIT,MOBILE,1,40872.03,40872.03,41872.03,42372.03,1500,PREMIUM MIDRANGE PHONE
30-01-2021,2020-2021,4,P/M/A5,MOBILE PAYMENTS,MOBILE,1,13330.5,13330.5,14330.5,14830.5,1500,BUDGET PHONE
30-01-2021,2020-2021,4,P/M/A67,DEBIT,MOBILE,1,9338.98,9338.98,9838.98,10338.98,1000,BUDGET PHONE
31-01-2021,2020-2021,4,P/A/21,DEBIT,ACCESSORY,1,408.48,408.48,508.48,1008.48,600,CHARGER 
31-01-2021,2020-2021,4,P/A/30,CREDIT,ACCESSORY,1,1603.38,1603.38,1703.38,2203.38,600,COVER
31-01-2021,2020-2021,4,P/A/35,MOBILE PAYMENTS,ACCESSORY,1,1942.38,1942.38,2042.38,2542.38,600,COVER
1/4/2022,2022-2023,1,P/A/36,CASH,ACCESSORY,1,1942.38,1942.38,2042.38,2542.38,600,COVER
1/4/2022,2022-2023,1,P/A/47,CASH,ACCESSORY,1,1518.64,1518.64,1618.64,2118.64,600,WIRELESS HEADSET
1/4/2021,2021-2022,1,P/M/A34,CREDIT,MOBILE,1,11803.58,11803.58,12803.58,13303.58,1500,BUDGET PHONE
1/4/2021,2021-2022,1,P/M/A42,CREDIT,MOBILE,1,50196.43,50196.43,51196.43,51696.43,1500,FLAGSHIP PHONE
1/4/2021,2021-2022,1,P/M/A42,DEBIT,MOBILE,1,50196.42,50196.42,51196.42,51696.42,1500,FLAGSHIP PHONE
1/4/2021,2021-2022,1,P/M/A43,MOBILE PAYMENTS,MOBILE,1,56446.42,56446.42,57446.42,57946.42,1500,FLAGSHIP PHONE
2/4/2021,2021-2022,1,P/M/A19,MOBILE PAYMENTS,MOBILE,1,29741.08,29741.08,30741.08,31241.08,1500,PREMIUM MIDRANGE PHONE
2/4/2021,2021-2022,1,P/M/A34,DEBIT,MOBILE,1,11803.58,11803.58,12803.58,13303.58,1500,BUDGET PHONE
2/4/2021,2021-2022,1,P/M/A43,CREDIT,MOBILE,1,56446.42,56446.42,57446.42,57946.42,1500,FLAGSHIP PHONE
3/4/2022,2022-2023,1,P/A/47,CASH,ACCESSORY,1,1603.38,1603.38,1703.38,2203.38,600,WIRELESS HEADSET
3/4/2021,2021-2022,1,P/M/A19,MOBILE PAYMENTS,MOBILE,1,29741.08,29741.08,30741.08,31241.08,1500,PREMIUM MIDRANGE PHONE
3/4/2021,2021-2022,1,P/M/A42,CREDIT,MOBILE,1,50196.42,50196.42,51196.42,51696.42,1500,FLAGSHIP PHONE
3/4/2021,2021-2022,1,P/M/A42,DEBIT,MOBILE,1,50196.43,50196.43,51196.43,51696.43,1500,FLAGSHIP PHONE
3/4/2021,2021-2022,1,P/M/A43,CREDIT,MOBILE,1,56446.42,56446.42,57446.42,57946.42,1500,FLAGSHIP PHONE
3/4/2022,2022-2023,1,P/T/S1,MOBILE PAYMENTS,TABLET,1,9084.74,9084.74,9584.74,10084.74,1000,BUDGET TABLET
4/4/2022,2022-2023,1,P/A/47,DEBIT,ACCESSORY,1,1306.78,1306.78,1406.78,1906.78,600,WIRELESS HEADSET
4/4/2021,2021-2022,1,P/M/A40,CREDIT,MOBILE,1,43133.93,43133.93,44133.93,44633.93,1500,PREMIUM MIDRANGE PHONE
5/4/2021,2021-2022,1,P/M/A23,DEBIT,MOBILE,1,658.92,658.92,758.92,1258.92,600,BUDGET PHONE
5/4/2021,2021-2022,1,P/M/A32,CREDIT,MOBILE,1,10910.72,10910.72,11910.72,12410.72,1500,BUDGET PHONE
5/4/2021,2021-2022,1,P/M/A41,CREDIT,MOBILE,1,44919.64,44919.64,45919.64,46419.64,1500,PREMIUM MIDRANGE PHONE
6/4/2022,2022-2023,1,P/A/47,CASH,ACCESSORY,1,1433.9,1433.9,1533.9,2033.9,600,WIRELESS HEADSET
6/4/2021,2021-2022,1,P/M/A29,CASH,MOBILE,1,471.42,471.42,571.42,1071.42,600,BUDGET PHONE
6/4/2021,2021-2022,1,P/M/A43,MOBILE PAYMENTS,MOBILE,1,56446.42,56446.42,57446.42,57946.42,1500,FLAGSHIP PHONE
6/4/2021,2021-2022,1,P/M/A74,MOBILE PAYMENTS,MOBILE,1,59125,59125,60125,60625,1500,FLAGSHIP PHONE
7/4/2022,2022-2023,1,P/A/22,CASH,ACCESSORY,1,416.1,416.1,516.1,1016.1,600,CHARGER 
7/4/2022,2022-2023,1,P/A/22,CASH,ACCESSORY,1,416.1,416.1,516.1,1016.1,600,CHARGER 
7/4/2022,2022-2023,1,P/A/30,CASH,ACCESSORY,1,1263.56,1263.56,1363.56,1863.56,600,COVER
7/4/2022,2022-2023,1,P/A/35,CASH,ACCESSORY,1,2195.76,2195.76,2295.76,2795.76,600,COVER
7/4/2021,2021-2022,1,P/M/A34,CREDIT,MOBILE,1,11803.58,11803.58,12803.58,13303.58,1500,BUDGET PHONE
7/4/2021,2021-2022,1,P/M/A54,CREDIT,MOBILE,1,5875,5875,6375,6875,1000,BUDGET PHONE
7/4/2021,2021-2022,1,P/M/A61,MOBILE PAYMENTS,MOBILE,1,7473.22,7473.22,7973.22,8473.22,1000,BUDGET PHONE
7/4/2021,2021-2022,1,P/M/A74,DEBIT,MOBILE,1,59125,59125,60125,60625,1500,FLAGSHIP PHONE
8/4/2022,2022-2023,1,P/A/22,CASH,ACCESSORY,1,416.1,416.1,516.1,1016.1,600,CHARGER 
8/4/2022,2022-2023,1,P/A/35,CASH,ACCESSORY,1,2195.76,2195.76,2295.76,2795.76,600,COVER
8/4/2022,2022-2023,1,P/A/47,CASH,ACCESSORY,1,1264.4,1264.4,1364.4,1864.4,600,WIRELESS HEADSET
8/4/2022,2022-2023,1,P/A/47,CASH,ACCESSORY,1,1306.78,1306.78,1406.78,1906.78,600,WIRELESS HEADSET
8/4/2022,2022-2023,1,P/A/47,CASH,ACCESSORY,1,1476.28,1476.28,1576.28,2076.28,600,WIRELESS HEADSET
8/4/2021,2021-2022,1,P/M/A24,CASH,MOBILE,1,882.14,882.14,982.14,1482.14,600,BUDGET PHONE
8/4/2021,2021-2022,1,P/M/A25,CREDIT,MOBILE,1,1230.36,1230.36,1330.36,1830.36,600,BUDGET PHONE
8/4/2021,2021-2022,1,P/M/A32,MOBILE PAYMENTS,MOBILE,1,10910.72,10910.72,11910.72,12410.72,1500,BUDGET PHONE
8/4/2021,2021-2022,1,P/M/A34,MOBILE PAYMENTS,MOBILE,1,11803.58,11803.58,12803.58,13303.58,1500,BUDGET PHONE
8/4/2021,2021-2022,1,P/M/A34,DEBIT,MOBILE,1,11803.58,11803.58,12803.58,13303.58,1500,BUDGET PHONE
8/4/2021,2021-2022,1,P/M/A42,DEBIT,MOBILE,1,50196.42,50196.42,51196.42,51696.42,1500,FLAGSHIP PHONE
8/4/2021,2021-2022,1,P/M/A42,DEBIT,MOBILE,1,50196.42,50196.42,51196.42,51696.42,1500,FLAGSHIP PHONE
8/4/2021,2021-2022,1,P/M/A42,CREDIT,MOBILE,1,50196.42,50196.42,51196.42,51696.42,1500,FLAGSHIP PHONE
8/4/2021,2021-2022,1,P/M/A43,DEBIT,MOBILE,1,60017.86,60017.86,61017.86,61517.86,1500,FLAGSHIP PHONE
8/4/2021,2021-2022,1,P/M/A43,CREDIT,MOBILE,1,60017.86,60017.86,61017.86,61517.86,1500,FLAGSHIP PHONE
8/4/2021,2021-2022,1,P/M/A74,DEBIT,MOBILE,1,59125,59125,60125,60625,1500,FLAGSHIP PHONE
9/4/2022,2022-2023,1,P/A/47,CASH,ACCESSORY,4,1306.78,5227.12,1406.78,7627.12,2400,WIRELESS HEADSET
21-04-2021,2021-2022,1,P/M/A62,MOBILE PAYMENTS,MOBILE,1,13669.64,13669.64,14669.64,15169.64,1500,MIDRANGE PHONE
9/4/2021,2021-2022,1,P/M/A42,CREDIT,MOBILE,1,50196.42,50196.42,51196.42,51696.42,1500,FLAGSHIP PHONE
22-04-2021,2021-2022,1,P/M/A62,CREDIT,MOBILE,1,13669.64,13669.64,14669.64,15169.64,1500,MIDRANGE PHONE
10/4/2022,2022-2023,1,P/A/22,CREDIT,ACCESSORY,1,416.1,416.1,516.1,1016.1,600,CHARGER 
10/4/2022,2022-2023,1,P/A/47,DEBIT,ACCESSORY,1,1518.64,1518.64,1618.64,2118.64,600,WIRELESS HEADSET
10/4/2021,2021-2022,1,P/M/A34,CREDIT,MOBILE,1,11803.58,11803.58,12803.58,13303.58,1500,BUDGET PHONE
10/4/2021,2021-2022,1,P/M/A42,DEBIT,MOBILE,1,57339.28,57339.28,58339.28,58839.28,1500,FLAGSHIP PHONE
10/4/2021,2021-2022,1,P/M/A54,CASH,MOBILE,1,5875,5875,6375,6875,1000,BUDGET PHONE
11/4/2022,2022-2023,1,P/A/47,MOBILE PAYMENTS,ACCESSORY,2,1433.9,2867.8,1533.9,4067.8,1200,WIRELESS HEADSET
11/4/2022,2022-2023,1,P/A/51,CASH,ACCESSORY,1,331.36,331.36,431.36,931.36,600,WIRELESS HEADSET
11/4/2021,2021-2022,1,P/M/A42,MOBILE PAYMENTS,MOBILE,1,50196.42,50196.42,51196.42,51696.42,1500,FLAGSHIP PHONE
11/4/2021,2021-2022,1,P/M/A43,MOBILE PAYMENTS,MOBILE,1,60017.86,60017.86,61017.86,61517.86,1500,FLAGSHIP PHONE
12/4/2021,2021-2022,1,P/M/A34,MOBILE PAYMENTS,MOBILE,1,11446.42,11446.42,12446.42,12946.42,1500,BUDGET PHONE
12/4/2021,2021-2022,1,P/M/A43,CREDIT,MOBILE,1,56446.43,56446.43,57446.43,57946.43,1500,FLAGSHIP PHONE
12/4/2021,2021-2022,1,P/M/A61,DEBIT,MOBILE,1,7660.72,7660.72,8160.72,8660.72,1000,BUDGET PHONE
13-04-2022,2022-2023,1,P/A/21,CASH,ACCESSORY,1,408.48,408.48,508.48,1008.48,600,CHARGER 
13-04-2021,2021-2022,1,P/M/A24,MOBILE PAYMENTS,MOBILE,1,873.22,873.22,973.22,1473.22,600,BUDGET PHONE
13-04-2021,2021-2022,1,P/M/A25,MOBILE PAYMENTS,MOBILE,1,1185.72,1185.72,1285.72,1785.72,600,BUDGET PHONE
2/5/2021,2021-2022,1,P/M/A62,CREDIT,MOBILE,1,13669.64,13669.64,14669.64,15169.64,1500,MIDRANGE PHONE
13-04-2021,2021-2022,1,P/M/A34,MOBILE PAYMENTS,MOBILE,1,11446.42,11446.42,12446.42,12946.42,1500,BUDGET PHONE
13-04-2021,2021-2022,1,P/M/A54,DEBIT,MOBILE,1,5875,5875,6375,6875,1000,BUDGET PHONE
14-04-2022,2022-2023,1,P/A/48,DEBIT,ACCESSORY,1,670.34,670.34,770.34,1270.34,600,WIRELESS HEADSET
14-04-2021,2021-2022,1,P/M/A23,CASH,MOBILE,1,627.68,627.68,727.68,1227.68,600,BUDGET PHONE
14-04-2021,2021-2022,1,P/M/A24,CASH,MOBILE,1,882.14,882.14,982.14,1482.14,600,BUDGET PHONE
14-04-2021,2021-2022,1,P/M/A24,CASH,MOBILE,1,873.22,873.22,973.22,1473.22,600,BUDGET PHONE
14-04-2021,2021-2022,1,P/M/A25,CASH,MOBILE,1,1185.72,1185.72,1285.72,1785.72,600,BUDGET PHONE
14-04-2021,2021-2022,1,P/M/A43,MOBILE PAYMENTS,MOBILE,1,56446.42,56446.42,57446.42,57946.42,1500,FLAGSHIP PHONE
14-04-2021,2021-2022,1,P/M/A54,MOBILE PAYMENTS,MOBILE,1,5875,5875,6375,6875,1000,BUDGET PHONE
3/5/2021,2021-2022,1,P/M/A62,CREDIT,MOBILE,1,13669.64,13669.64,14669.64,15169.64,1500,MIDRANGE PHONE
17-06-2021,2021-2022,1,P/M/A62,CREDIT,MOBILE,1,13669.64,13669.64,14669.64,15169.64,1500,MIDRANGE PHONE
15-04-2021,2021-2022,1,P/M/A19,CASH,MOBILE,1,29741.08,29741.08,30741.08,31241.08,1500,PREMIUM MIDRANGE PHONE
15-04-2021,2021-2022,1,P/M/A24,MOBILE PAYMENTS,MOBILE,1,850.9,850.9,950.9,1450.9,600,BUDGET PHONE
15-04-2021,2021-2022,1,P/M/A26,CASH,MOBILE,1,2257.14,2257.14,2357.14,2857.14,600,BUDGET PHONE
29-06-2021,2021-2022,1,P/M/A63,DEBIT,MOBILE,1,13669.64,13669.64,14669.64,15169.64,1500,MIDRANGE PHONE
15-04-2021,2021-2022,1,P/M/A42,DEBIT,MOBILE,1,50196.42,50196.42,51196.42,51696.42,1500,FLAGSHIP PHONE
15-04-2021,2021-2022,1,P/M/A42,CREDIT,MOBILE,1,50196.42,50196.42,51196.42,51696.42,1500,FLAGSHIP PHONE
15-04-2021,2021-2022,1,P/M/A43,MOBILE PAYMENTS,MOBILE,1,56446.42,56446.42,57446.42,57946.42,1500,FLAGSHIP PHONE
16-04-2022,2022-2023,1,P/A/22,CASH,ACCESSORY,1,416.1,416.1,516.1,1016.1,600,CHARGER 
16-04-2022,2022-2023,1,P/A/35,CASH,ACCESSORY,1,2195.76,2195.76,2295.76,2795.76,600,COVER
16-04-2021,2021-2022,1,P/M/A24,DEBIT,MOBILE,1,850.9,850.9,950.9,1450.9,600,BUDGET PHONE
16-04-2021,2021-2022,1,P/M/A42,DEBIT,MOBILE,1,50196.43,50196.43,51196.43,51696.43,1500,FLAGSHIP PHONE
16-04-2021,2021-2022,1,P/M/A43,CREDIT,MOBILE,1,60017.86,60017.86,61017.86,61517.86,1500,FLAGSHIP PHONE
16-04-2021,2021-2022,1,P/M/A61,DEBIT,MOBILE,1,7660.72,7660.72,8160.72,8660.72,1000,BUDGET PHONE
17-04-2022,2022-2023,1,P/A/47,DEBIT,ACCESSORY,1,1941.52,1941.52,2041.52,2541.52,600,WIRELESS HEADSET
17-04-2022,2022-2023,1,P/A/48,MOBILE PAYMENTS,ACCESSORY,1,670.34,670.34,770.34,1270.34,600,WIRELESS HEADSET
17-04-2021,2021-2022,1,P/M/A53,CASH,MOBILE,1,4892.86,4892.86,5392.86,5892.86,1000,BUDGET PHONE
17-04-2021,2021-2022,1,P/M/A54,MOBILE PAYMENTS,MOBILE,1,5875,5875,6375,6875,1000,BUDGET PHONE
17-04-2021,2021-2022,1,P/M/A74,MOBILE PAYMENTS,MOBILE,1,58232.14,58232.14,59232.14,59732.14,1500,FLAGSHIP PHONE
18-04-2021,2021-2022,1,P/M/A34,CREDIT,MOBILE,1,11446.42,11446.42,12446.42,12946.42,1500,BUDGET PHONE
18-04-2021,2021-2022,1,P/M/A34,MOBILE PAYMENTS,MOBILE,1,11446.42,11446.42,12446.42,12946.42,1500,BUDGET PHONE
18-04-2021,2021-2022,1,P/M/A34,DEBIT,MOBILE,1,11803.58,11803.58,12803.58,13303.58,1500,BUDGET PHONE
18-04-2021,2021-2022,1,P/M/A34,DEBIT,MOBILE,1,11446.42,11446.42,12446.42,12946.42,1500,BUDGET PHONE
18-04-2021,2021-2022,1,P/M/A34,CREDIT,MOBILE,1,11446.42,11446.42,12446.42,12946.42,1500,BUDGET PHONE
18-04-2021,2021-2022,1,P/M/A34,CASH,MOBILE,1,11803.58,11803.58,12803.58,13303.58,1500,BUDGET PHONE
18-04-2021,2021-2022,1,P/M/A43,CREDIT,MOBILE,1,56446.43,56446.43,57446.43,57946.43,1500,FLAGSHIP PHONE
18-04-2021,2021-2022,1,P/M/A53,DEBIT,MOBILE,1,4892.86,4892.86,5392.86,5892.86,1000,BUDGET PHONE
19-04-2022,2022-2023,1,P/A/26,DEBIT,ACCESSORY,1,2069.5,2069.5,2169.5,2669.5,600,CHARGER 
19-04-2022,2022-2023,1,P/A/28,CREDIT,ACCESSORY,1,1942.37,1942.37,2042.37,2542.37,600,CHARGER 
19-04-2021,2021-2022,1,P/M/A32,CASH,MOBILE,1,10910.72,10910.72,11910.72,12410.72,1500,BUDGET PHONE
19-04-2021,2021-2022,1,P/M/A40,CREDIT,MOBILE,1,43133.93,43133.93,44133.93,44633.93,1500,PREMIUM MIDRANGE PHONE
19-04-2021,2021-2022,1,P/M/A43,DEBIT,MOBILE,1,63589.28,63589.28,64589.28,65089.28,1500,FLAGSHIP PHONE
19-04-2021,2021-2022,1,P/M/A61,CREDIT,MOBILE,1,7928.58,7928.58,8428.58,8928.58,1000,BUDGET PHONE
20-04-2021,2021-2022,1,P/M/A31,MOBILE PAYMENTS,MOBILE,1,9205.36,9205.36,10205.36,10705.36,1500,BUDGET PHONE
20-04-2021,2021-2022,1,P/M/A43,CREDIT,MOBILE,1,60017.86,60017.86,61017.86,61517.86,1500,FLAGSHIP PHONE
20-04-2021,2021-2022,1,P/M/A43,MOBILE PAYMENTS,MOBILE,1,60017.86,60017.86,61017.86,61517.86,1500,FLAGSHIP PHONE
20-04-2021,2021-2022,1,P/M/A43,MOBILE PAYMENTS,MOBILE,1,60017.86,60017.86,61017.86,61517.86,1500,FLAGSHIP PHONE
20-04-2021,2021-2022,1,P/M/A61,CASH,MOBILE,1,7660.72,7660.72,8160.72,8660.72,1000,BUDGET PHONE
21-04-2022,2022-2023,1,P/A/15,MOBILE PAYMENTS,ACCESSORY,1,414.84,414.84,514.84,1014.84,600,BATTERY
21-04-2022,2022-2023,1,P/A/33,CASH,ACCESSORY,1,332.2,332.2,432.2,932.2,600,COVER
21-04-2022,2022-2023,1,P/A/47,MOBILE PAYMENTS,ACCESSORY,1,1688.14,1688.14,1788.14,2288.14,600,WIRELESS HEADSET
21-04-2021,2021-2022,1,P/M/A26,MOBILE PAYMENTS,MOBILE,1,2279.46,2279.46,2379.46,2879.46,600,BUDGET PHONE
21-04-2021,2021-2022,1,P/M/A40,DEBIT,MOBILE,1,43133.93,43133.93,44133.93,44633.93,1500,PREMIUM MIDRANGE PHONE
21-04-2021,2021-2022,1,P/M/A61,CREDIT,MOBILE,1,7660.72,7660.72,8160.72,8660.72,1000,BUDGET PHONE
22-04-2022,2022-2023,1,P/A/36,DEBIT,ACCESSORY,1,1942.38,1942.38,2042.38,2542.38,600,COVER
22-04-2021,2021-2022,1,P/M/A25,MOBILE PAYMENTS,MOBILE,1,1230.36,1230.36,1330.36,1830.36,600,BUDGET PHONE
22-04-2021,2021-2022,1,P/M/A34,DEBIT,MOBILE,1,11803.58,11803.58,12803.58,13303.58,1500,BUDGET PHONE
22-04-2021,2021-2022,1,P/M/A34,DEBIT,MOBILE,1,11803.58,11803.58,12803.58,13303.58,1500,BUDGET PHONE
22-04-2021,2021-2022,1,P/M/A40,DEBIT,MOBILE,1,43133.93,43133.93,44133.93,44633.93,1500,PREMIUM MIDRANGE PHONE
22-04-2021,2021-2022,1,P/M/A40,DEBIT,MOBILE,1,39562.5,39562.5,40562.5,41062.5,1500,PREMIUM MIDRANGE PHONE
22-04-2021,2021-2022,1,P/M/A43,MOBILE PAYMENTS,MOBILE,1,60017.86,60017.86,61017.86,61517.86,1500,FLAGSHIP PHONE
22-04-2021,2021-2022,1,P/M/A61,CREDIT,MOBILE,1,7660.72,7660.72,8160.72,8660.72,1000,BUDGET PHONE
23-04-2021,2021-2022,1,P/M/A29,MOBILE PAYMENTS,MOBILE,1,471.42,471.42,571.42,1071.42,600,BUDGET PHONE
23-04-2021,2021-2022,1,P/M/A31,CASH,MOBILE,1,9205.36,9205.36,10205.36,10705.36,1500,BUDGET PHONE
23-04-2021,2021-2022,1,P/M/A33,MOBILE PAYMENTS,MOBILE,1,10991.08,10991.08,11991.08,12491.08,1500,BUDGET PHONE
22-05-2021,2021-2022,1,P/M/A40,DEBIT,MOBILE,1,43133.93,43133.93,44133.93,44633.93,1500,PREMIUM MIDRANGE PHONE
22-05-2021,2021-2022,1,P/M/A40,DEBIT,MOBILE,1,39562.5,39562.5,40562.5,41062.5,1500,PREMIUM MIDRANGE PHONE
24-04-2022,2022-2023,1,P/A/21,CASH,ACCESSORY,1,408.48,408.48,508.48,1008.48,600,CHARGER 
24-04-2021,2021-2022,1,P/M/A25,MOBILE PAYMENTS,MOBILE,1,1266.08,1266.08,1366.08,1866.08,600,BUDGET PHONE
24-04-2021,2021-2022,1,P/M/A34,MOBILE PAYMENTS,MOBILE,1,11803.58,11803.58,12803.58,13303.58,1500,BUDGET PHONE
25-04-2022,2022-2023,1,P/A/35,MOBILE PAYMENTS,ACCESSORY,1,1188.14,1188.14,1288.14,1788.14,600,COVER
25-04-2021,2021-2022,1,P/M/A42,DEBIT,MOBILE,1,50196.42,50196.42,51196.42,51696.42,1500,FLAGSHIP PHONE
25-04-2021,2021-2022,1,P/M/A43,DEBIT,MOBILE,1,56446.42,56446.42,57446.42,57946.42,1500,FLAGSHIP PHONE
26-04-2022,2022-2023,1,P/A/47,DEBIT,ACCESSORY,1,1518.64,1518.64,1618.64,2118.64,600,WIRELESS HEADSET
26-04-2022,2022-2023,1,P/A/47,MOBILE PAYMENTS,ACCESSORY,1,1518.64,1518.64,1618.64,2118.64,600,WIRELESS HEADSET
26-04-2021,2021-2022,1,P/M/A74,DEBIT,MOBILE,1,58232.14,58232.14,59232.14,59732.14,1500,FLAGSHIP PHONE
27-04-2022,2022-2023,1,P/A/47,CASH,ACCESSORY,1,1349.16,1349.16,1449.16,1949.16,600,WIRELESS HEADSET
27-04-2021,2021-2022,1,P/M/A33,MOBILE PAYMENTS,MOBILE,1,10991.08,10991.08,11991.08,12491.08,1500,BUDGET PHONE
27-04-2021,2021-2022,1,P/M/A33,CREDIT,MOBILE,1,10991.08,10991.08,11991.08,12491.08,1500,BUDGET PHONE
27-04-2021,2021-2022,1,P/M/A43,MOBILE PAYMENTS,MOBILE,1,56446.42,56446.42,57446.42,57946.42,1500,FLAGSHIP PHONE
27-04-2021,2021-2022,1,P/M/A43,CREDIT,MOBILE,1,56446.42,56446.42,57446.42,57946.42,1500,FLAGSHIP PHONE
27-04-2021,2021-2022,1,P/M/A61,MOBILE PAYMENTS,MOBILE,1,9205.36,9205.36,10205.36,10705.36,1500,BUDGET PHONE
28-04-2021,2021-2022,1,P/M/A23,DEBIT,MOBILE,1,650,650,750,1250,600,BUDGET PHONE
28-04-2021,2021-2022,1,P/M/A33,MOBILE PAYMENTS,MOBILE,1,10991.08,10991.08,11991.08,12491.08,1500,BUDGET PHONE
28-04-2021,2021-2022,1,P/M/A40,CASH,MOBILE,1,39562.5,39562.5,40562.5,41062.5,1500,PREMIUM MIDRANGE PHONE
28-04-2021,2021-2022,1,P/M/A54,CASH,MOBILE,1,5875,5875,6375,6875,1000,BUDGET PHONE
29-04-2022,2022-2023,1,P/A/21,DEBIT,ACCESSORY,1,416.94,416.94,516.94,1016.94,600,CHARGER 
29-04-2022,2022-2023,1,P/A/22,DEBIT,ACCESSORY,1,416.1,416.1,516.1,1016.1,600,CHARGER 
29-04-2021,2021-2022,1,P/M/A42,MOBILE PAYMENTS,MOBILE,1,50196.42,50196.42,51196.42,51696.42,1500,FLAGSHIP PHONE
29-04-2021,2021-2022,1,P/M/A43,MOBILE PAYMENTS,MOBILE,1,56446.42,56446.42,57446.42,57946.42,1500,FLAGSHIP PHONE
29-04-2021,2021-2022,1,P/M/A54,MOBILE PAYMENTS,MOBILE,1,5875,5875,6375,6875,1000,BUDGET PHONE
30-04-2021,2021-2022,1,P/M/A42,CREDIT,MOBILE,1,53767.86,53767.86,54767.86,55267.86,1500,FLAGSHIP PHONE
30-04-2021,2021-2022,1,P/M/A43,MOBILE PAYMENTS,MOBILE,1,60017.86,60017.86,61017.86,61517.86,1500,FLAGSHIP PHONE
1/5/2021,2021-2022,1,P/M/A34,CREDIT,MOBILE,1,11803.58,11803.58,12803.58,13303.58,1500,BUDGET PHONE
2/5/2022,2022-2023,1,P/A/36,CASH,ACCESSORY,1,1942.38,1942.38,2042.38,2542.38,600,COVER
3/5/2022,2022-2023,1,P/A/12,MOBILE PAYMENTS,ACCESSORY,1,453.9,453.9,553.9,1053.9,600,BATTERY
3/5/2021,2021-2022,1,P/M/A34,CREDIT,MOBILE,1,11803.58,11803.58,12803.58,13303.58,1500,BUDGET PHONE
3/5/2021,2021-2022,1,P/M/A55,CASH,MOBILE,1,6312.5,6312.5,6812.5,7312.5,1000,BUDGET PHONE
4/5/2021,2021-2022,1,P/M/A34,DEBIT,MOBILE,1,11803.58,11803.58,12803.58,13303.58,1500,BUDGET PHONE
4/5/2021,2021-2022,1,P/M/A43,DEBIT,MOBILE,1,60017.86,60017.86,61017.86,61517.86,1500,FLAGSHIP PHONE
5/5/2022,2022-2023,1,P/A/35,DEBIT,ACCESSORY,1,1518.64,1518.64,1618.64,2118.64,600,COVER
5/5/2021,2021-2022,1,P/M/A43,CREDIT,MOBILE,1,56446.42,56446.42,57446.42,57946.42,1500,FLAGSHIP PHONE
5/5/2021,2021-2022,1,P/M/A53,MOBILE PAYMENTS,MOBILE,1,4892.86,4892.86,5392.86,5892.86,1000,BUDGET PHONE
6/5/2022,2022-2023,1,P/A/35,MOBILE PAYMENTS,ACCESSORY,1,1688.14,1688.14,1788.14,2288.14,600,COVER
6/5/2022,2022-2023,1,P/A/48,CREDIT,ACCESSORY,1,670.34,670.34,770.34,1270.34,600,WIRELESS HEADSET
6/5/2022,2022-2023,1,P/A/9,CASH,ACCESSORY,1,17983.06,17983.06,18983.06,19483.06,1500,GALAXY WATCH
6/5/2021,2021-2022,1,P/M/A34,MOBILE PAYMENTS,MOBILE,1,11803.58,11803.58,12803.58,13303.58,1500,BUDGET PHONE
6/5/2021,2021-2022,1,P/M/A42,DEBIT,MOBILE,1,50196.42,50196.42,51196.42,51696.42,1500,FLAGSHIP PHONE
6/5/2021,2021-2022,1,P/M/A61,MOBILE PAYMENTS,MOBILE,1,9214.28,9214.28,10214.28,10714.28,1500,BUDGET PHONE
7/5/2022,2022-2023,1,P/A/35,MOBILE PAYMENTS,ACCESSORY,1,1518.64,1518.64,1618.64,2118.64,600,COVER
7/5/2022,2022-2023,1,P/A/47,CASH,ACCESSORY,1,1518.64,1518.64,1618.64,2118.64,600,WIRELESS HEADSET
7/5/2022,2022-2023,1,P/A/47,CASH,ACCESSORY,1,1518.64,1518.64,1618.64,2118.64,600,WIRELESS HEADSET
7/5/2021,2021-2022,1,P/M/A40,CREDIT,MOBILE,1,39562.5,39562.5,40562.5,41062.5,1500,PREMIUM MIDRANGE PHONE
8/5/2022,2022-2023,1,P/A/22,DEBIT,ACCESSORY,1,416.1,416.1,516.1,1016.1,600,CHARGER 
8/5/2022,2022-2023,1,P/A/35,MOBILE PAYMENTS,ACCESSORY,1,1738.98,1738.98,1838.98,2338.98,600,COVER
8/5/2022,2022-2023,1,P/A/35,CASH,ACCESSORY,1,2195.76,2195.76,2295.76,2795.76,600,COVER
8/5/2021,2021-2022,1,P/M/A33,CASH,MOBILE,1,10991.08,10991.08,11991.08,12491.08,1500,BUDGET PHONE
8/5/2021,2021-2022,1,P/M/A43,MOBILE PAYMENTS,MOBILE,1,63589.28,63589.28,64589.28,65089.28,1500,FLAGSHIP PHONE
8/5/2021,2021-2022,1,P/M/A53,MOBILE PAYMENTS,MOBILE,1,4892.86,4892.86,5392.86,5892.86,1000,BUDGET PHONE
8/5/2021,2021-2022,1,P/M/A74,DEBIT,MOBILE,1,58232.14,58232.14,59232.14,59732.14,1500,FLAGSHIP PHONE
9/5/2021,2021-2022,1,P/M/A40,CREDIT,MOBILE,1,43133.92,43133.92,44133.92,44633.92,1500,PREMIUM MIDRANGE PHONE
9/5/2021,2021-2022,1,P/M/A62,DEBIT,MOBILE,1,12361.6,12361.6,13361.6,13861.6,1500,BUDGET PHONE
9/5/2022,2022-2023,1,P/T/S3,MOBILE PAYMENTS,TABLET,4,11211.86,44847.44,12211.86,50847.46,6000,BUDGET TABLET
9/5/2022,2022-2023,1,P/T/S3,DEBIT,TABLET,11,11211.86,123330.46,12211.86,139830.51,16500,BUDGET TABLET
10/5/2022,2022-2023,1,P/A/48,CREDIT,ACCESSORY,1,670.34,670.34,770.34,1270.34,600,WIRELESS HEADSET
10/5/2021,2021-2022,1,P/M/A31,CREDIT,MOBILE,1,9125,9125,10125,10625,1500,BUDGET PHONE
10/5/2021,2021-2022,1,P/M/A43,MOBILE PAYMENTS,MOBILE,1,56446.42,56446.42,57446.42,57946.42,1500,FLAGSHIP PHONE
11/5/2022,2022-2023,1,P/A/47,DEBIT,ACCESSORY,1,1603.38,1603.38,1703.38,2203.38,600,WIRELESS HEADSET
11/5/2021,2021-2022,1,P/M/A54,CREDIT,MOBILE,1,5875,5875,6375,6875,1000,BUDGET PHONE
12/5/2021,2021-2022,1,P/M/A42,DEBIT,MOBILE,1,50196.42,50196.42,51196.42,51696.42,1500,FLAGSHIP PHONE
12/5/2021,2021-2022,1,P/M/A55,DEBIT,MOBILE,1,6312.5,6312.5,6812.5,7312.5,1000,BUDGET PHONE
13-05-2021,2021-2022,1,P/M/A61,CASH,MOBILE,1,9205.36,9205.36,10205.36,10705.36,1500,BUDGET PHONE
14-05-2022,2022-2023,1,P/A/35,DEBIT,ACCESSORY,1,2195.76,2195.76,2295.76,2795.76,600,COVER
14-05-2021,2021-2022,1,P/M/A61,DEBIT,MOBILE,1,7660.71,7660.71,8160.71,8660.71,1000,BUDGET PHONE
14-05-2021,2021-2022,1,P/M/A74,CREDIT,MOBILE,1,58232.14,58232.14,59232.14,59732.14,1500,FLAGSHIP PHONE
15-05-2021,2021-2022,1,P/M/A23,CASH,MOBILE,1,583.04,583.04,683.04,1183.04,600,BUDGET PHONE
15-05-2021,2021-2022,1,P/M/A29,CASH,MOBILE,1,426.78,426.78,526.78,1026.78,600,BUDGET PHONE
15-05-2021,2021-2022,1,P/M/A40,CASH,MOBILE,1,39562.5,39562.5,40562.5,41062.5,1500,PREMIUM MIDRANGE PHONE
15-05-2021,2021-2022,1,P/M/A61,MOBILE PAYMENTS,MOBILE,1,7660.72,7660.72,8160.72,8660.72,1000,BUDGET PHONE
16-05-2022,2022-2023,1,P/A/35,CREDIT,ACCESSORY,1,1857.62,1857.62,1957.62,2457.62,600,COVER
16-05-2021,2021-2022,1,P/M/A24,DEBIT,MOBILE,1,873.22,873.22,973.22,1473.22,600,BUDGET PHONE
16-05-2021,2021-2022,1,P/M/A40,CASH,MOBILE,1,39562.5,39562.5,40562.5,41062.5,1500,PREMIUM MIDRANGE PHONE
16-05-2021,2021-2022,1,P/M/A55,CREDIT,MOBILE,1,6312.5,6312.5,6812.5,7312.5,1000,BUDGET PHONE
16-05-2021,2021-2022,1,P/M/A74,DEBIT,MOBILE,1,58232.14,58232.14,59232.14,59732.14,1500,FLAGSHIP PHONE
17-05-2021,2021-2022,1,P/M/A33,DEBIT,MOBILE,1,10991.08,10991.08,11991.08,12491.08,1500,BUDGET PHONE
17-05-2021,2021-2022,1,P/M/A43,DEBIT,MOBILE,1,60017.86,60017.86,61017.86,61517.86,1500,FLAGSHIP PHONE
18-05-2022,2022-2023,1,P/A/35,CASH,ACCESSORY,1,2195.76,2195.76,2295.76,2795.76,600,COVER
18-05-2021,2021-2022,1,P/M/A29,DEBIT,MOBILE,1,471.42,471.42,571.42,1071.42,600,BUDGET PHONE
18-05-2021,2021-2022,1,P/M/A40,CASH,MOBILE,1,39562.5,39562.5,40562.5,41062.5,1500,PREMIUM MIDRANGE PHONE
18-05-2021,2021-2022,1,P/M/A42,MOBILE PAYMENTS,MOBILE,1,50196.42,50196.42,51196.42,51696.42,1500,FLAGSHIP PHONE
18-05-2021,2021-2022,1,P/M/A42,DEBIT,MOBILE,1,50196.42,50196.42,51196.42,51696.42,1500,FLAGSHIP PHONE
18-05-2021,2021-2022,1,P/M/A61,MOBILE PAYMENTS,MOBILE,1,9214.28,9214.28,10214.28,10714.28,1500,BUDGET PHONE
19-05-2022,2022-2023,1,P/A/22,MOBILE PAYMENTS,ACCESSORY,1,332.2,332.2,432.2,932.2,600,CHARGER 
19-05-2022,2022-2023,1,P/A/47,CREDIT,ACCESSORY,1,1603.38,1603.38,1703.38,2203.38,600,WIRELESS HEADSET
19-05-2021,2021-2022,1,P/M/A34,DEBIT,MOBILE,1,11803.58,11803.58,12803.58,13303.58,1500,BUDGET PHONE
19-05-2021,2021-2022,1,P/M/A42,DEBIT,MOBILE,1,50196.42,50196.42,51196.42,51696.42,1500,FLAGSHIP PHONE
19-05-2021,2021-2022,1,P/M/A55,CASH,MOBILE,1,6312.5,6312.5,6812.5,7312.5,1000,BUDGET PHONE
19-05-2021,2021-2022,1,P/M/A62,DEBIT,MOBILE,1,13232.14,13232.14,14232.14,14732.14,1500,BUDGET PHONE
20-05-2021,2021-2022,1,P/M/A25,CREDIT,MOBILE,1,1185.72,1185.72,1285.72,1785.72,600,BUDGET PHONE
20-05-2021,2021-2022,1,P/M/A29,CREDIT,MOBILE,30,310.71,9321.3,410.71,27321.42,18000,BUDGET PHONE
20-05-2021,2021-2022,1,P/M/A38,MOBILE PAYMENTS,MOBILE,1,37250,37250,38250,38750,1500,PREMIUM MIDRANGE PHONE
20-05-2021,2021-2022,1,P/M/A61,MOBILE PAYMENTS,MOBILE,1,7660.72,7660.72,8160.72,8660.72,1000,BUDGET PHONE
22-05-2022,2022-2023,1,P/A/35,MOBILE PAYMENTS,ACCESSORY,1,1738.98,1738.98,1838.98,2338.98,600,COVER
22-05-2022,2022-2023,1,P/A/35,CREDIT,ACCESSORY,1,1518.64,1518.64,1618.64,2118.64,600,COVER
22-05-2021,2021-2022,1,P/M/A24,DEBIT,MOBILE,1,850.9,850.9,950.9,1450.9,600,BUDGET PHONE
23-05-2022,2022-2023,1,P/A/7,MOBILE PAYMENTS,ACCESSORY,1,4084.74,4084.74,4584.74,5084.74,1000,GALAXY WATCH
23-05-2021,2021-2022,1,P/M/A33,CREDIT,MOBILE,1,10098.22,10098.22,11098.22,11598.22,1500,BUDGET PHONE
23-05-2021,2021-2022,1,P/M/A33,DEBIT,MOBILE,1,10098.22,10098.22,11098.22,11598.22,1500,BUDGET PHONE
23-05-2021,2021-2022,1,P/M/A54,MOBILE PAYMENTS,MOBILE,1,5875,5875,6375,6875,1000,BUDGET PHONE
23-05-2021,2021-2022,1,P/M/A59,MOBILE PAYMENTS,MOBILE,1,11000,11000,12000,12500,1500,BUDGET PHONE
25-05-2021,2021-2022,1,P/M/A23,CREDIT,MOBILE,1,650,650,750,1250,600,BUDGET PHONE
25-05-2021,2021-2022,1,P/M/A34,CASH,MOBILE,1,11803.58,11803.58,12803.58,13303.58,1500,BUDGET PHONE
25-05-2021,2021-2022,1,P/M/A40,DEBIT,MOBILE,1,39562.5,39562.5,40562.5,41062.5,1500,PREMIUM MIDRANGE PHONE
25-05-2021,2021-2022,1,P/M/A61,CREDIT,MOBILE,1,7660.72,7660.72,8160.72,8660.72,1000,BUDGET PHONE
26-05-2021,2021-2022,1,P/M/A53,DEBIT,MOBILE,1,4526.78,4526.78,5026.78,5526.78,1000,BUDGET PHONE
27-05-2021,2021-2022,1,P/M/A34,CREDIT,MOBILE,1,11803.58,11803.58,12803.58,13303.58,1500,BUDGET PHONE
28-05-2022,2022-2023,1,P/A/35,CASH,ACCESSORY,1,1645.76,1645.76,1745.76,2245.76,600,COVER
28-05-2022,2022-2023,1,P/A/35,MOBILE PAYMENTS,ACCESSORY,1,1518.64,1518.64,1618.64,2118.64,600,COVER
28-05-2022,2022-2023,1,P/A/38,DEBIT,ACCESSORY,1,1942.38,1942.38,2042.38,2542.38,600,COVER
28-05-2021,2021-2022,1,P/M/A34,CREDIT,MOBILE,1,11803.58,11803.58,12803.58,13303.58,1500,BUDGET PHONE
28-05-2021,2021-2022,1,P/M/A59,MOBILE PAYMENTS,MOBILE,1,11000,11000,12000,12500,1500,BUDGET PHONE
28-05-2021,2021-2022,1,P/M/A59,CASH,MOBILE,1,11000,11000,12000,12500,1500,BUDGET PHONE
28-05-2021,2021-2022,1,P/M/A62,CREDIT,MOBILE,1,13232.14,13232.14,14232.14,14732.14,1500,BUDGET PHONE
29-05-2021,2021-2022,1,P/M/A19,DEBIT,MOBILE,1,29741.08,29741.08,30741.08,31241.08,1500,PREMIUM MIDRANGE PHONE
29-05-2021,2021-2022,1,P/M/A42,DEBIT,MOBILE,1,50196.42,50196.42,51196.42,51696.42,1500,FLAGSHIP PHONE
30-05-2021,2021-2022,1,P/M/A24,CREDIT,MOBILE,1,873.22,873.22,973.22,1473.22,600,BUDGET PHONE
30-05-2021,2021-2022,1,P/M/A42,MOBILE PAYMENTS,MOBILE,1,50196.42,50196.42,51196.42,51696.42,1500,FLAGSHIP PHONE
30-05-2021,2021-2022,1,P/M/A43,MOBILE PAYMENTS,MOBILE,1,56446.42,56446.42,57446.42,57946.42,1500,FLAGSHIP PHONE
30-05-2021,2021-2022,1,P/M/A59,DEBIT,MOBILE,1,13232.14,13232.14,14232.14,14732.14,1500,BUDGET PHONE
30-05-2021,2021-2022,1,P/M/A62,DEBIT,MOBILE,1,13232.14,13232.14,14232.14,14732.14,1500,BUDGET PHONE
31-05-2021,2021-2022,1,P/M/A25,MOBILE PAYMENTS,MOBILE,1,1185.72,1185.72,1285.72,1785.72,600,BUDGET PHONE
31-05-2021,2021-2022,1,P/M/A33,MOBILE PAYMENTS,MOBILE,1,10991.08,10991.08,11991.08,12491.08,1500,BUDGET PHONE
31-05-2021,2021-2022,1,P/M/A43,CREDIT,MOBILE,1,56446.42,56446.42,57446.42,57946.42,1500,FLAGSHIP PHONE
1/6/2022,2022-2023,1,P/A/38,CREDIT,ACCESSORY,1,2027.12,2027.12,2127.12,2627.12,600,COVER
1/6/2022,2022-2023,1,P/A/47,CREDIT,ACCESSORY,1,1518.64,1518.64,1618.64,2118.64,600,WIRELESS HEADSET
2/6/2022,2022-2023,1,P/A/35,CREDIT,ACCESSORY,1,2195.76,2195.76,2295.76,2795.76,600,COVER
2/6/2021,2021-2022,1,P/M/A24,CREDIT,MOBILE,1,873.22,873.22,973.22,1473.22,600,BUDGET PHONE
2/6/2021,2021-2022,1,P/M/A40,CASH,MOBILE,1,39562.5,39562.5,40562.5,41062.5,1500,PREMIUM MIDRANGE PHONE
2/6/2021,2021-2022,1,P/M/A40,CASH,MOBILE,1,39562.5,39562.5,40562.5,41062.5,1500,PREMIUM MIDRANGE PHONE
2/6/2021,2021-2022,1,P/M/A53,DEBIT,MOBILE,1,4535.72,4535.72,5035.72,5535.72,1000,BUDGET PHONE
2/6/2021,2021-2022,1,P/M/A59,CREDIT,MOBILE,1,11000,11000,12000,12500,1500,BUDGET PHONE
2/6/2021,2021-2022,1,P/M/A59,CASH,MOBILE,1,11000,11000,12000,12500,1500,BUDGET PHONE
3/6/2022,2022-2023,1,P/A/22,MOBILE PAYMENTS,ACCESSORY,1,416.1,416.1,516.1,1016.1,600,CHARGER 
3/6/2021,2021-2022,1,P/M/A43,DEBIT,MOBILE,1,56446.42,56446.42,57446.42,57946.42,1500,FLAGSHIP PHONE
3/6/2021,2021-2022,1,P/M/A61,CREDIT,MOBILE,1,7660.72,7660.72,8160.72,8660.72,1000,BUDGET PHONE
4/6/2021,2021-2022,1,P/M/A42,CREDIT,MOBILE,1,50196.42,50196.42,51196.42,51696.42,1500,FLAGSHIP PHONE
4/6/2021,2021-2022,1,P/M/A42,DEBIT,MOBILE,1,50196.43,50196.43,51196.43,51696.43,1500,FLAGSHIP PHONE
5/6/2022,2022-2023,1,P/A/9,DEBIT,ACCESSORY,1,17983.06,17983.06,18983.06,19483.06,1500,GALAXY WATCH
5/6/2021,2021-2022,1,P/M/A55,MOBILE PAYMENTS,MOBILE,1,5875,5875,6375,6875,1000,BUDGET PHONE
5/6/2021,2021-2022,1,P/M/A55,DEBIT,MOBILE,1,5875,5875,6375,6875,1000,BUDGET PHONE
5/6/2021,2021-2022,1,P/M/A59,MOBILE PAYMENTS,MOBILE,1,11000,11000,12000,12500,1500,BUDGET PHONE
5/6/2021,2021-2022,1,P/M/A59,CREDIT,MOBILE,1,13232.14,13232.14,14232.14,14732.14,1500,BUDGET PHONE
5/6/2021,2021-2022,1,P/M/A59,DEBIT,MOBILE,1,13232.14,13232.14,14232.14,14732.14,1500,BUDGET PHONE
6/6/2022,2022-2023,1,P/A/9,MOBILE PAYMENTS,ACCESSORY,1,17983.06,17983.06,18983.06,19483.06,1500,GALAXY WATCH
6/6/2022,2022-2023,1,P/A/9,MOBILE PAYMENTS,ACCESSORY,1,17983.06,17983.06,18983.06,19483.06,1500,GALAXY WATCH
6/6/2021,2021-2022,1,P/M/A40,CREDIT,MOBILE,1,39562.5,39562.5,40562.5,41062.5,1500,PREMIUM MIDRANGE PHONE
6/6/2021,2021-2022,1,P/M/A43,CREDIT,MOBILE,1,56446.42,56446.42,57446.42,57946.42,1500,FLAGSHIP PHONE
6/6/2021,2021-2022,1,P/M/A55,CREDIT,MOBILE,1,5875,5875,6375,6875,1000,BUDGET PHONE
6/6/2021,2021-2022,1,P/M/A59,CASH,MOBILE,1,10991.08,10991.08,11991.08,12491.08,1500,BUDGET PHONE
7/6/2022,2022-2023,1,P/A/35,CASH,ACCESSORY,1,1941.52,1941.52,2041.52,2541.52,600,COVER
8/6/2022,2022-2023,1,P/A/48,CASH,ACCESSORY,1,670.34,670.34,770.34,1270.34,600,WIRELESS HEADSET
8/6/2021,2021-2022,1,P/M/A34,MOBILE PAYMENTS,MOBILE,1,11803.58,11803.58,12803.58,13303.58,1500,BUDGET PHONE
9/6/2021,2021-2022,1,P/M/A32,MOBILE PAYMENTS,MOBILE,1,12339.28,12339.28,13339.28,13839.28,1500,BUDGET PHONE
9/6/2021,2021-2022,1,P/M/A40,CASH,MOBILE,1,39562.5,39562.5,40562.5,41062.5,1500,PREMIUM MIDRANGE PHONE
9/6/2021,2021-2022,1,P/M/A55,CREDIT,MOBILE,1,5875,5875,6375,6875,1000,BUDGET PHONE
10/6/2021,2021-2022,1,P/M/A22,MOBILE PAYMENTS,MOBILE,1,28848.22,28848.22,29848.22,30348.22,1500,PREMIUM MIDRANGE PHONE
10/6/2021,2021-2022,1,P/M/A42,CREDIT,MOBILE,1,53767.86,53767.86,54767.86,55267.86,1500,FLAGSHIP PHONE
11/6/2021,2021-2022,1,P/M/A24,MOBILE PAYMENTS,MOBILE,1,828.58,828.58,928.58,1428.58,600,BUDGET PHONE
11/6/2021,2021-2022,1,P/M/A55,CREDIT,MOBILE,1,5696.42,5696.42,6196.42,6696.42,1000,BUDGET PHONE
11/6/2021,2021-2022,1,P/M/A59,DEBIT,MOBILE,1,10991.08,10991.08,11991.08,12491.08,1500,BUDGET PHONE
12/6/2022,2022-2023,1,P/A/35,CREDIT,ACCESSORY,1,1688.14,1688.14,1788.14,2288.14,600,COVER
12/6/2021,2021-2022,1,P/M/A59,CREDIT,MOBILE,1,13223.22,13223.22,14223.22,14723.22,1500,BUDGET PHONE
12/6/2021,2021-2022,1,P/M/A62,CASH,MOBILE,1,13232.14,13232.14,14232.14,14732.14,1500,BUDGET PHONE
12/6/2021,2021-2022,1,P/M/A63,MOBILE PAYMENTS,MOBILE,5,11089.29,55446.45,12089.29,62946.43,7500,BUDGET PHONE
13-06-2022,2022-2023,1,P/A/22,MOBILE PAYMENTS,ACCESSORY,1,416.1,416.1,516.1,1016.1,600,CHARGER 
13-06-2021,2021-2022,1,P/M/A23,CASH,MOBILE,1,650,650,750,1250,600,BUDGET PHONE
13-06-2021,2021-2022,1,P/M/A43,MOBILE PAYMENTS,MOBILE,1,56446.42,56446.42,57446.42,57946.42,1500,FLAGSHIP PHONE
14-06-2022,2022-2023,1,P/A/35,CREDIT,ACCESSORY,1,1688.14,1688.14,1788.14,2288.14,600,COVER
14-06-2021,2021-2022,1,P/M/A24,DEBIT,MOBILE,1,828.58,828.58,928.58,1428.58,600,BUDGET PHONE
15-06-2022,2022-2023,1,P/A/30,CASH,ACCESSORY,1,1518.64,1518.64,1618.64,2118.64,600,COVER
15-06-2021,2021-2022,1,P/M/A53,MOBILE PAYMENTS,MOBILE,1,4366.08,4366.08,4866.08,5366.08,1000,BUDGET PHONE
15-06-2021,2021-2022,1,P/M/A59,CREDIT,MOBILE,1,10991.08,10991.08,11991.08,12491.08,1500,BUDGET PHONE
15-06-2021,2021-2022,1,P/M/A59,MOBILE PAYMENTS,MOBILE,1,10991.08,10991.08,11991.08,12491.08,1500,BUDGET PHONE
16-06-2022,2022-2023,1,P/A/51,DEBIT,ACCESSORY,1,331.36,331.36,431.36,931.36,600,WIRELESS HEADSET
16-06-2021,2021-2022,1,P/M/A23,MOBILE PAYMENTS,MOBILE,1,694.64,694.64,794.64,1294.64,600,BUDGET PHONE
16-06-2021,2021-2022,1,P/M/A24,CREDIT,MOBILE,1,873.22,873.22,973.22,1473.22,600,BUDGET PHONE
16-06-2021,2021-2022,1,P/M/A31,CREDIT,MOBILE,1,9125,9125,10125,10625,1500,BUDGET PHONE
16-06-2021,2021-2022,1,P/M/A55,CASH,MOBILE,1,5875,5875,6375,6875,1000,BUDGET PHONE
16-06-2021,2021-2022,1,P/M/A61,CASH,MOBILE,1,7749.1,7749.1,8249.1,8749.1,1000,BUDGET PHONE
16-06-2021,2021-2022,1,P/M/A61,CREDIT,MOBILE,1,7660.72,7660.72,8160.72,8660.72,1000,BUDGET PHONE
17-06-2021,2021-2022,1,P/M/A40,DEBIT,MOBILE,1,39562.5,39562.5,40562.5,41062.5,1500,PREMIUM MIDRANGE PHONE
17-06-2021,2021-2022,1,P/M/A59,DEBIT,MOBILE,1,10991.08,10991.08,11991.08,12491.08,1500,BUDGET PHONE
17-06-2022,2022-2023,1,P/T/S1,CREDIT,TABLET,1,7050.84,7050.84,7550.84,8050.84,1000,BUDGET TABLET
17-06-2022,2022-2023,1,P/T/S1,DEBIT,TABLET,1,7050.84,7050.84,7550.84,8050.84,1000,BUDGET TABLET
17-06-2022,2022-2023,1,P/T/S1,MOBILE PAYMENTS,TABLET,1,7050.84,7050.84,7550.84,8050.84,1000,BUDGET TABLET
18-06-2021,2021-2022,1,P/M/A24,CREDIT,MOBILE,1,873.22,873.22,973.22,1473.22,600,BUDGET PHONE
18-06-2021,2021-2022,1,P/M/A40,MOBILE PAYMENTS,MOBILE,1,39562.5,39562.5,40562.5,41062.5,1500,PREMIUM MIDRANGE PHONE
18-06-2021,2021-2022,1,P/M/A59,CREDIT,MOBILE,1,10991.08,10991.08,11991.08,12491.08,1500,BUDGET PHONE
18-06-2021,2021-2022,1,P/M/A59,CREDIT,MOBILE,1,10991.08,10991.08,11991.08,12491.08,1500,BUDGET PHONE
19-06-2022,2022-2023,1,P/A/26,CREDIT,ACCESSORY,1,2195.76,2195.76,2295.76,2795.76,600,CHARGER 
19-06-2022,2022-2023,1,P/A/35,CREDIT,ACCESSORY,1,2195.76,2195.76,2295.76,2795.76,600,COVER
19-06-2021,2021-2022,1,P/M/A43,CREDIT,MOBILE,1,60017.86,60017.86,61017.86,61517.86,1500,FLAGSHIP PHONE
19-06-2021,2021-2022,1,P/M/A59,DEBIT,MOBILE,1,10991.08,10991.08,11991.08,12491.08,1500,BUDGET PHONE
19-06-2021,2021-2022,1,P/M/A59,DEBIT,MOBILE,1,10991.08,10991.08,11991.08,12491.08,1500,BUDGET PHONE
20-06-2021,2021-2022,1,P/M/A43,CREDIT,MOBILE,1,56446.42,56446.42,57446.42,57946.42,1500,FLAGSHIP PHONE
20-06-2021,2021-2022,1,P/M/A55,CREDIT,MOBILE,1,5875,5875,6375,6875,1000,BUDGET PHONE
20-06-2021,2021-2022,1,P/M/A59,MOBILE PAYMENTS,MOBILE,1,10991.08,10991.08,11991.08,12491.08,1500,BUDGET PHONE
20-06-2022,2022-2023,1,P/T/S1,DEBIT,TABLET,1,7050.84,7050.84,7550.84,8050.84,1000,BUDGET TABLET
21-06-2021,2021-2022,1,P/M/A59,MOBILE PAYMENTS,MOBILE,1,13223.22,13223.22,14223.22,14723.22,1500,BUDGET PHONE
21-06-2021,2021-2022,1,P/M/A61,MOBILE PAYMENTS,MOBILE,1,7660.72,7660.72,8160.72,8660.72,1000,BUDGET PHONE
22-06-2022,2022-2023,1,P/A/35,MOBILE PAYMENTS,ACCESSORY,1,1942.38,1942.38,2042.38,2542.38,600,COVER
22-06-2021,2021-2022,1,P/M/A59,CREDIT,MOBILE,1,13223.22,13223.22,14223.22,14723.22,1500,BUDGET PHONE
23-06-2021,2021-2022,1,P/M/A59,MOBILE PAYMENTS,MOBILE,1,10991.08,10991.08,11991.08,12491.08,1500,BUDGET PHONE
24-06-2022,2022-2023,1,P/A/38,MOBILE PAYMENTS,ACCESSORY,1,2111.86,2111.86,2211.86,2711.86,600,COVER
24-06-2022,2022-2023,1,P/A/8,DEBIT,ACCESSORY,1,22652.54,22652.54,23652.54,24152.54,1500,GALAXY WATCH
24-06-2021,2021-2022,1,P/M/A43,CASH,MOBILE,1,60017.86,60017.86,61017.86,61517.86,1500,FLAGSHIP PHONE
24-06-2021,2021-2022,1,P/M/A59,CASH,MOBILE,1,10991.08,10991.08,11991.08,12491.08,1500,BUDGET PHONE
24-06-2021,2021-2022,1,P/M/A59,CASH,MOBILE,1,10991.08,10991.08,11991.08,12491.08,1500,BUDGET PHONE
24-06-2021,2021-2022,1,P/M/A74,DEBIT,MOBILE,1,58232.14,58232.14,59232.14,59732.14,1500,FLAGSHIP PHONE
25-06-2021,2021-2022,1,P/M/A25,CASH,MOBILE,1,1185.72,1185.72,1285.72,1785.72,600,BUDGET PHONE
25-06-2021,2021-2022,1,P/M/A33,CREDIT,MOBILE,1,10098.22,10098.22,11098.22,11598.22,1500,BUDGET PHONE
25-06-2021,2021-2022,1,P/M/A40,MOBILE PAYMENTS,MOBILE,1,39562.5,39562.5,40562.5,41062.5,1500,PREMIUM MIDRANGE PHONE
26-06-2022,2022-2023,1,P/A/22,CASH,ACCESSORY,1,416.1,416.1,516.1,1016.1,600,CHARGER 
26-06-2021,2021-2022,1,P/M/A32,MOBILE PAYMENTS,MOBILE,1,10910.72,10910.72,11910.72,12410.72,1500,BUDGET PHONE
26-06-2021,2021-2022,1,P/M/A33,MOBILE PAYMENTS,MOBILE,1,10098.22,10098.22,11098.22,11598.22,1500,BUDGET PHONE
26-06-2021,2021-2022,1,P/M/A40,CREDIT,MOBILE,1,39562.5,39562.5,40562.5,41062.5,1500,PREMIUM MIDRANGE PHONE
27-06-2022,2022-2023,1,P/A/38,CREDIT,ACCESSORY,1,1942.38,1942.38,2042.38,2542.38,600,COVER
27-06-2021,2021-2022,1,P/M/A33,DEBIT,MOBILE,1,8732.14,8732.14,9232.14,9732.14,1000,BUDGET PHONE
27-06-2021,2021-2022,1,P/M/A59,MOBILE PAYMENTS,MOBILE,1,13223.22,13223.22,14223.22,14723.22,1500,BUDGET PHONE
27-06-2021,2021-2022,1,P/M/A59,MOBILE PAYMENTS,MOBILE,1,10991.08,10991.08,11991.08,12491.08,1500,BUDGET PHONE
27-06-2021,2021-2022,1,P/M/A59,MOBILE PAYMENTS,MOBILE,1,10991.08,10991.08,11991.08,12491.08,1500,BUDGET PHONE
28-06-2022,2022-2023,1,P/A/35,CASH,ACCESSORY,1,2195.76,2195.76,2295.76,2795.76,600,COVER
28-06-2021,2021-2022,1,P/M/A43,CREDIT,MOBILE,1,56446.42,56446.42,57446.42,57946.42,1500,FLAGSHIP PHONE
28-06-2021,2021-2022,1,P/M/A59,MOBILE PAYMENTS,MOBILE,1,10098.22,10098.22,11098.22,11598.22,1500,BUDGET PHONE
29-06-2022,2022-2023,1,P/A/47,CASH,ACCESSORY,1,1941.52,1941.52,2041.52,2541.52,600,WIRELESS HEADSET
29-06-2021,2021-2022,1,P/M/A40,CREDIT,MOBILE,1,39562.5,39562.5,40562.5,41062.5,1500,PREMIUM MIDRANGE PHONE
30-06-2022,2022-2023,1,P/A/8,CASH,ACCESSORY,1,22652.54,22652.54,23652.54,24152.54,1500,GALAXY WATCH
30-06-2021,2021-2022,1,P/M/A57,CREDIT,MOBILE,1,7473.22,7473.22,7973.22,8473.22,1000,BUDGET PHONE
30-06-2021,2021-2022,1,P/M/A59,CREDIT,MOBILE,1,10991.08,10991.08,11991.08,12491.08,1500,BUDGET PHONE
30-06-2022,2022-2023,1,P/T/S1,CASH,TABLET,1,7050.84,7050.84,7550.84,8050.84,1000,BUDGET TABLET
27-05-2021,2021-2022,1,P/M/A63,DEBIT,MOBILE,1,14857.14,14857.14,15857.14,16357.14,1500,MIDRANGE PHONE
17-05-2021,2021-2022,1,P/M/A63,MOBILE PAYMENTS,MOBILE,1,14883.92,14883.92,15883.92,16383.92,1500,MIDRANGE PHONE
3/6/2021,2021-2022,1,P/M/A63,CASH,MOBILE,1,14883.92,14883.92,15883.92,16383.92,1500,MIDRANGE PHONE
5/6/2021,2021-2022,1,P/M/A63,CREDIT,MOBILE,1,14883.92,14883.92,15883.92,16383.92,1500,MIDRANGE PHONE
7/6/2021,2021-2022,1,P/M/A63,MOBILE PAYMENTS,MOBILE,1,14883.92,14883.92,15883.92,16383.92,1500,MIDRANGE PHONE
4/4/2021,2021-2022,1,P/M/A63,MOBILE PAYMENTS,MOBILE,1,15375,15375,16375,16875,1500,MIDRANGE PHONE
9/4/2021,2021-2022,1,P/M/A63,MOBILE PAYMENTS,MOBILE,1,15375,15375,16375,16875,1500,MIDRANGE PHONE
14-04-2021,2021-2022,1,P/M/A63,MOBILE PAYMENTS,MOBILE,1,15375,15375,16375,16875,1500,MIDRANGE PHONE
14-04-2021,2021-2022,1,P/M/A63,MOBILE PAYMENTS,MOBILE,1,15375,15375,16375,16875,1500,MIDRANGE PHONE
15-04-2021,2021-2022,1,P/M/A63,CREDIT,MOBILE,1,15375,15375,16375,16875,1500,MIDRANGE PHONE
15-04-2021,2021-2022,1,P/M/A63,DEBIT,MOBILE,1,15375,15375,16375,16875,1500,MIDRANGE PHONE
18-04-2021,2021-2022,1,P/M/A63,MOBILE PAYMENTS,MOBILE,1,15375,15375,16375,16875,1500,MIDRANGE PHONE
21-04-2021,2021-2022,1,P/M/A63,CASH,MOBILE,1,15375,15375,16375,16875,1500,MIDRANGE PHONE
25-04-2021,2021-2022,1,P/M/A63,DEBIT,MOBILE,1,15375,15375,16375,16875,1500,MIDRANGE PHONE
7/5/2021,2021-2022,1,P/M/A63,CASH,MOBILE,1,15375,15375,16375,16875,1500,MIDRANGE PHONE
24-05-2021,2021-2022,1,P/M/A13,DEBIT,MOBILE,1,18133.92,18133.92,19133.92,19633.92,1500,MIDRANGE PHONE
7/6/2021,2021-2022,1,P/M/A13,CREDIT,MOBILE,1,18133.92,18133.92,19133.92,19633.92,1500,MIDRANGE PHONE
12/6/2021,2021-2022,1,P/M/A13,CASH,MOBILE,1,18133.92,18133.92,19133.92,19633.92,1500,MIDRANGE PHONE
2/5/2021,2021-2022,1,P/M/A13,CREDIT,MOBILE,1,18142.86,18142.86,19142.86,19642.86,1500,MIDRANGE PHONE
24-05-2021,2021-2022,1,P/M/A13,DEBIT,MOBILE,1,18142.86,18142.86,19142.86,19642.86,1500,MIDRANGE PHONE
30-05-2021,2021-2022,1,P/M/A13,DEBIT,MOBILE,1,18142.86,18142.86,19142.86,19642.86,1500,MIDRANGE PHONE
15-04-2021,2021-2022,1,P/M/A27,DEBIT,MOBILE,1,18500,18500,19500,20000,1500,MIDRANGE PHONE
22-04-2021,2021-2022,1,P/M/A27,CREDIT,MOBILE,1,18500,18500,19500,20000,1500,MIDRANGE PHONE
5/5/2021,2021-2022,1,P/M/A27,MOBILE PAYMENTS,MOBILE,1,18500,18500,19500,20000,1500,MIDRANGE PHONE
15-05-2021,2021-2022,1,P/M/A27,MOBILE PAYMENTS,MOBILE,1,18500,18500,19500,20000,1500,MIDRANGE PHONE
13-06-2021,2021-2022,1,P/M/A27,DEBIT,MOBILE,1,18500,18500,19500,20000,1500,MIDRANGE PHONE
17-06-2021,2021-2022,1,P/M/A27,CASH,MOBILE,1,18500,18500,19500,20000,1500,MIDRANGE PHONE
19-06-2021,2021-2022,1,P/M/A13,DEBIT,MOBILE,1,19026.78,19026.78,20026.78,20526.78,1500,MIDRANGE PHONE
3/6/2021,2021-2022,1,P/M/A20,CASH,MOBILE,1,19919.64,19919.64,20919.64,21419.64,1500,MIDRANGE PHONE
14-06-2021,2021-2022,1,P/M/A14,DEBIT,MOBILE,1,19919.64,19919.64,20919.64,21419.64,1500,MIDRANGE PHONE
29-06-2021,2021-2022,1,P/M/A14,MOBILE PAYMENTS,MOBILE,1,19919.64,19919.64,20919.64,21419.64,1500,MIDRANGE PHONE
30-06-2021,2021-2022,1,P/M/A14,DEBIT,MOBILE,1,19919.64,19919.64,20919.64,21419.64,1500,MIDRANGE PHONE
8/4/2021,2021-2022,1,P/M/A27,CREDIT,MOBILE,1,20732.14,20732.14,21732.14,22232.14,1500,MIDRANGE PHONE
9/4/2021,2021-2022,1,P/M/A27,CREDIT,MOBILE,1,20732.14,20732.14,21732.14,22232.14,1500,MIDRANGE PHONE
13-04-2021,2021-2022,1,P/M/A27,DEBIT,MOBILE,1,20732.14,20732.14,21732.14,22232.14,1500,MIDRANGE PHONE
26-05-2021,2021-2022,1,P/M/A14,CREDIT,MOBILE,1,21705.36,21705.36,22705.36,23205.36,1500,MIDRANGE PHONE
31-05-2021,2021-2022,1,P/M/A14,DEBIT,MOBILE,1,21705.36,21705.36,22705.36,23205.36,1500,MIDRANGE PHONE
2/6/2021,2021-2022,1,P/M/A14,DEBIT,MOBILE,1,21705.36,21705.36,22705.36,23205.36,1500,MIDRANGE PHONE
15-06-2021,2021-2022,1,P/M/A14,CREDIT,MOBILE,1,21705.36,21705.36,22705.36,23205.36,1500,MIDRANGE PHONE
26-06-2021,2021-2022,1,P/M/A2,MOBILE PAYMENTS,MOBILE,1,7033.9,7033.9,7533.9,8033.9,1000,BUDGET PHONE
26-06-2021,2021-2022,1,P/M/A8,CASH,MOBILE,1,12784.74,12784.74,13784.74,14284.74,1500,BUDGET PHONE
27-06-2022,2022-2023,1,P/A/35,CASH,ACCESSORY,1,1942.38,1942.38,2042.38,2542.38,600,COVER
27-06-2021,2021-2022,1,P/M/A48,MOBILE PAYMENTS,MOBILE,1,64600.84,64600.84,65600.84,66100.84,1500,FLAGSHIP PHONE
28-06-2022,2022-2023,1,P/A/47,CASH,ACCESSORY,1,1518.64,1518.64,1618.64,2118.64,600,WIRELESS HEADSET
28-06-2021,2021-2022,1,P/M/A4,MOBILE PAYMENTS,MOBILE,1,10105.94,10105.94,11105.94,11605.94,1500,BUDGET PHONE
28-06-2021,2021-2022,1,P/M/A44,CASH,MOBILE,1,37696.62,37696.62,38696.62,39196.62,1500,PREMIUM MIDRANGE PHONE
29-06-2021,2021-2022,1,P/M/A4,DEBIT,MOBILE,1,10110.16,10110.16,11110.16,11610.16,1500,BUDGET PHONE
29-06-2021,2021-2022,1,P/M/A8,MOBILE PAYMENTS,MOBILE,1,12784.74,12784.74,13784.74,14284.74,1500,BUDGET PHONE
30-06-2022,2022-2023,1,P/T/S2,CASH,TABLET,1,9161.02,9161.02,9661.02,10161.02,1000,BUDGET TABLET
20-04-2021,2021-2022,1,P/M/A28,DEBIT,MOBILE,1,25196.42,25196.42,26196.42,26696.42,1500,MIDRANGE PHONE
31-05-2021,2021-2022,1,P/M/A28,DEBIT,MOBILE,1,25196.42,25196.42,26196.42,26696.42,1500,MIDRANGE PHONE
3/6/2021,2021-2022,1,P/M/A19,CASH,MOBILE,1,26169.64,26169.64,27169.64,27669.64,1500,MIDRANGE PHONE
13-06-2021,2021-2022,1,P/M/A19,DEBIT,MOBILE,1,26169.64,26169.64,27169.64,27669.64,1500,MIDRANGE PHONE
2/7/2021,2021-2022,2,P/M/A62,CASH,MOBILE,1,13669.64,13669.64,14669.64,15169.64,1500,MIDRANGE PHONE
1/7/2022,2022-2023,2,P/A/36,CREDIT,ACCESSORY,1,1942.38,1942.38,2042.38,2542.38,600,COVER
1/7/2022,2022-2023,2,P/A/47,CASH,ACCESSORY,1,1518.64,1518.64,1618.64,2118.64,600,WIRELESS HEADSET
1/7/2021,2021-2022,2,P/M/A59,CREDIT,MOBILE,1,10991.08,10991.08,11991.08,12491.08,1500,BUDGET PHONE
1/7/2021,2021-2022,2,P/M/A59,MOBILE PAYMENTS,MOBILE,1,13223.22,13223.22,14223.22,14723.22,1500,BUDGET PHONE
1/7/2022,2022-2023,2,P/T/S1,DEBIT,TABLET,1,7050.84,7050.84,7550.84,8050.84,1000,BUDGET TABLET
2/7/2022,2022-2023,2,P/A/21,CASH,ACCESSORY,1,408.48,408.48,508.48,1008.48,600,CHARGER 
2/7/2022,2022-2023,2,P/A/47,CREDIT,ACCESSORY,1,1433.9,1433.9,1533.9,2033.9,600,WIRELESS HEADSET
2/7/2021,2021-2022,2,P/M/A42,DEBIT,MOBILE,1,50196.42,50196.42,51196.42,51696.42,1500,FLAGSHIP PHONE
2/7/2021,2021-2022,2,P/M/A59,DEBIT,MOBILE,1,13223.22,13223.22,14223.22,14723.22,1500,BUDGET PHONE
3/7/2022,2022-2023,2,P/A/47,CASH,ACCESSORY,1,1518.64,1518.64,1618.64,2118.64,600,WIRELESS HEADSET
3/7/2021,2021-2022,2,P/M/A42,CREDIT,MOBILE,1,50196.42,50196.42,51196.42,51696.42,1500,FLAGSHIP PHONE
4/7/2021,2021-2022,2,P/M/A59,MOBILE PAYMENTS,MOBILE,1,13223.22,13223.22,14223.22,14723.22,1500,BUDGET PHONE
4/7/2021,2021-2022,2,P/M/A74,CREDIT,MOBILE,1,59125,59125,60125,60625,1500,FLAGSHIP PHONE
5/7/2022,2022-2023,2,P/A/35,MOBILE PAYMENTS,ACCESSORY,1,1688.14,1688.14,1788.14,2288.14,600,COVER
5/7/2022,2022-2023,2,P/A/35,CREDIT,ACCESSORY,1,1941.52,1941.52,2041.52,2541.52,600,COVER
5/7/2021,2021-2022,2,P/M/A41,MOBILE PAYMENTS,MOBILE,1,56446.42,56446.42,57446.42,57946.42,1500,FLAGSHIP PHONE
5/7/2021,2021-2022,2,P/M/A42,MOBILE PAYMENTS,MOBILE,1,50196.42,50196.42,51196.42,51696.42,1500,FLAGSHIP PHONE
5/7/2021,2021-2022,2,P/M/A55,CASH,MOBILE,1,5875,5875,6375,6875,1000,BUDGET PHONE
5/7/2021,2021-2022,2,P/M/A59,CREDIT,MOBILE,1,10991.08,10991.08,11991.08,12491.08,1500,BUDGET PHONE
5/7/2021,2021-2022,2,P/M/A59,MOBILE PAYMENTS,MOBILE,1,13223.22,13223.22,14223.22,14723.22,1500,BUDGET PHONE
5/7/2021,2021-2022,2,P/M/A63,DEBIT,MOBILE,5,11089.29,55446.45,12089.29,62946.43,7500,BUDGET PHONE
6/7/2022,2022-2023,2,P/A/47,CASH,ACCESSORY,1,1518.64,1518.64,1618.64,2118.64,600,WIRELESS HEADSET
6/7/2021,2021-2022,2,P/M/A33,CASH,MOBILE,1,8732.14,8732.14,9232.14,9732.14,1000,BUDGET PHONE
6/7/2021,2021-2022,2,P/M/A42,DEBIT,MOBILE,1,50196.42,50196.42,51196.42,51696.42,1500,FLAGSHIP PHONE
6/7/2022,2022-2023,2,P/T/S1,CASH,TABLET,1,9084.74,9084.74,9584.74,10084.74,1000,BUDGET TABLET
7/7/2021,2021-2022,2,P/M/A42,MOBILE PAYMENTS,MOBILE,1,53767.86,53767.86,54767.86,55267.86,1500,FLAGSHIP PHONE
7/7/2021,2021-2022,2,P/M/A43,DEBIT,MOBILE,1,56446.42,56446.42,57446.42,57946.42,1500,FLAGSHIP PHONE
7/7/2021,2021-2022,2,P/M/A55,MOBILE PAYMENTS,MOBILE,1,5875,5875,6375,6875,1000,BUDGET PHONE
7/7/2021,2021-2022,2,P/M/A59,CREDIT,MOBILE,1,12776.78,12776.78,13776.78,14276.78,1500,BUDGET PHONE
7/7/2021,2021-2022,2,P/M/A59,DEBIT,MOBILE,1,10991.08,10991.08,11991.08,12491.08,1500,BUDGET PHONE
7/7/2021,2021-2022,2,P/M/A59,CASH,MOBILE,1,13223.22,13223.22,14223.22,14723.22,1500,BUDGET PHONE
7/7/2021,2021-2022,2,P/M/A59,CASH,MOBILE,1,10991.08,10991.08,11991.08,12491.08,1500,BUDGET PHONE
8/7/2022,2022-2023,2,P/A/35,DEBIT,ACCESSORY,1,1772.88,1772.88,1872.88,2372.88,600,COVER
8/7/2021,2021-2022,2,P/M/A43,CREDIT,MOBILE,1,56446.42,56446.42,57446.42,57946.42,1500,FLAGSHIP PHONE
8/7/2021,2021-2022,2,P/M/A55,CREDIT,MOBILE,1,5875,5875,6375,6875,1000,BUDGET PHONE
8/7/2021,2021-2022,2,P/M/A55,MOBILE PAYMENTS,MOBILE,1,5875,5875,6375,6875,1000,BUDGET PHONE
8/7/2021,2021-2022,2,P/M/A59,CASH,MOBILE,1,10991.08,10991.08,11991.08,12491.08,1500,BUDGET PHONE
9/7/2022,2022-2023,2,P/A/47,MOBILE PAYMENTS,ACCESSORY,1,1518.64,1518.64,1618.64,2118.64,600,WIRELESS HEADSET
9/7/2021,2021-2022,2,P/M/A43,DEBIT,MOBILE,1,56446.42,56446.42,57446.42,57946.42,1500,FLAGSHIP PHONE
9/7/2021,2021-2022,2,P/M/A55,DEBIT,MOBILE,1,5875,5875,6375,6875,1000,BUDGET PHONE
11/7/2021,2021-2022,2,P/M/A40,CREDIT,MOBILE,1,39562.5,39562.5,40562.5,41062.5,1500,PREMIUM MIDRANGE PHONE
11/7/2021,2021-2022,2,P/M/A55,CASH,MOBILE,1,5875,5875,6375,6875,1000,BUDGET PHONE
12/7/2022,2022-2023,2,P/A/35,CREDIT,ACCESSORY,1,2195.76,2195.76,2295.76,2795.76,600,COVER
12/7/2022,2022-2023,2,P/A/40,CREDIT,ACCESSORY,1,332.2,332.2,432.2,932.2,600,DATA CABLE
12/7/2022,2022-2023,2,P/A/47,MOBILE PAYMENTS,ACCESSORY,1,1603.38,1603.38,1703.38,2203.38,600,WIRELESS HEADSET
12/7/2021,2021-2022,2,P/M/A24,DEBIT,MOBILE,1,850.9,850.9,950.9,1450.9,600,BUDGET PHONE
12/7/2021,2021-2022,2,P/M/A43,MOBILE PAYMENTS,MOBILE,1,56446.42,56446.42,57446.42,57946.42,1500,FLAGSHIP PHONE
12/7/2021,2021-2022,2,P/M/A63,DEBIT,MOBILE,1,11089.29,11089.29,12089.29,12589.29,1500,BUDGET PHONE
12/7/2022,2022-2023,2,P/T/S1,DEBIT,TABLET,1,7050.85,7050.85,7550.85,8050.85,1000,BUDGET TABLET
13-07-2022,2022-2023,2,P/A/39,CASH,ACCESSORY,1,355.08,355.08,455.08,955.08,600,COVER
13-07-2022,2022-2023,2,P/A/47,CREDIT,ACCESSORY,1,1603.38,1603.38,1703.38,2203.38,600,WIRELESS HEADSET
13-07-2021,2021-2022,2,P/M/A23,DEBIT,MOBILE,1,694.64,694.64,794.64,1294.64,600,BUDGET PHONE
13-07-2021,2021-2022,2,P/M/A24,CREDIT,MOBILE,1,850.9,850.9,950.9,1450.9,600,BUDGET PHONE
13-07-2021,2021-2022,2,P/M/A40,MOBILE PAYMENTS,MOBILE,1,39562.5,39562.5,40562.5,41062.5,1500,PREMIUM MIDRANGE PHONE
13-07-2021,2021-2022,2,P/M/A59,CREDIT,MOBILE,1,12776.78,12776.78,13776.78,14276.78,1500,BUDGET PHONE
14-07-2022,2022-2023,2,P/A/13,CASH,ACCESSORY,1,414.84,414.84,514.84,1014.84,600,BATTERY
15-07-2022,2022-2023,2,P/A/15,CASH,ACCESSORY,1,414.84,414.84,514.84,1014.84,600,BATTERY
15-07-2022,2022-2023,2,P/A/47,CASH,ACCESSORY,1,1603.38,1603.38,1703.38,2203.38,600,WIRELESS HEADSET
15-07-2021,2021-2022,2,P/M/A23,DEBIT,MOBILE,1,694.64,694.64,794.64,1294.64,600,BUDGET PHONE
15-07-2021,2021-2022,2,P/M/A23,CASH,MOBILE,1,650,650,750,1250,600,BUDGET PHONE
15-07-2021,2021-2022,2,P/M/A24,MOBILE PAYMENTS,MOBILE,1,882.14,882.14,982.14,1482.14,600,BUDGET PHONE
15-07-2021,2021-2022,2,P/M/A24,MOBILE PAYMENTS,MOBILE,1,882.14,882.14,982.14,1482.14,600,BUDGET PHONE
15-07-2021,2021-2022,2,P/M/A55,MOBILE PAYMENTS,MOBILE,1,5875,5875,6375,6875,1000,BUDGET PHONE
15-07-2021,2021-2022,2,P/M/A57,CASH,MOBILE,1,7473.22,7473.22,7973.22,8473.22,1000,BUDGET PHONE
16-07-2022,2022-2023,2,P/A/21,CREDIT,ACCESSORY,1,416.94,416.94,516.94,1016.94,600,CHARGER 
16-07-2021,2021-2022,2,P/M/A23,CREDIT,MOBILE,1,650,650,750,1250,600,BUDGET PHONE
17-07-2022,2022-2023,2,P/A/14,CREDIT,ACCESSORY,1,357.62,357.62,457.62,957.62,600,BATTERY
17-07-2022,2022-2023,2,P/A/15,CREDIT,ACCESSORY,1,414.84,414.84,514.84,1014.84,600,BATTERY
17-07-2021,2021-2022,2,P/M/A24,DEBIT,MOBILE,1,828.58,828.58,928.58,1428.58,600,BUDGET PHONE
17-07-2021,2021-2022,2,P/M/A55,MOBILE PAYMENTS,MOBILE,1,5875,5875,6375,6875,1000,BUDGET PHONE
17-07-2021,2021-2022,2,P/M/A57,CASH,MOBILE,1,7482.14,7482.14,7982.14,8482.14,1000,BUDGET PHONE
17-07-2021,2021-2022,2,P/M/A63,DEBIT,MOBILE,1,11883.92,11883.92,12883.92,13383.92,1500,BUDGET PHONE
18-07-2022,2022-2023,2,P/A/13,MOBILE PAYMENTS,ACCESSORY,1,414.84,414.84,514.84,1014.84,600,BATTERY
18-07-2022,2022-2023,2,P/A/22,CASH,ACCESSORY,1,416.1,416.1,516.1,1016.1,600,CHARGER 
19-07-2022,2022-2023,2,P/A/39,MOBILE PAYMENTS,ACCESSORY,1,459.32,459.32,559.32,1059.32,600,COVER
19-07-2021,2021-2022,2,P/M/A43,MOBILE PAYMENTS,MOBILE,1,56446.42,56446.42,57446.42,57946.42,1500,FLAGSHIP PHONE
19-07-2021,2021-2022,2,P/M/A74,CREDIT,MOBILE,1,58232.14,58232.14,59232.14,59732.14,1500,FLAGSHIP PHONE
20-07-2022,2022-2023,2,P/A/26,CREDIT,ACCESSORY,1,2195.76,2195.76,2295.76,2795.76,600,CHARGER 
20-07-2022,2022-2023,2,P/A/35,CASH,ACCESSORY,1,2195.76,2195.76,2295.76,2795.76,600,COVER
20-07-2021,2021-2022,2,P/M/A55,CREDIT,MOBILE,1,5875,5875,6375,6875,1000,BUDGET PHONE
20-07-2021,2021-2022,2,P/M/A59,CREDIT,MOBILE,1,12776.78,12776.78,13776.78,14276.78,1500,BUDGET PHONE
21-07-2022,2022-2023,2,P/A/29,MOBILE PAYMENTS,ACCESSORY,1,585.6,585.6,685.6,1185.6,600,COVER
22-07-2021,2021-2022,2,P/M/A40,CREDIT,MOBILE,1,39562.5,39562.5,40562.5,41062.5,1500,PREMIUM MIDRANGE PHONE
23-07-2022,2022-2023,2,P/A/47,CASH,ACCESSORY,1,1603.38,1603.38,1703.38,2203.38,600,WIRELESS HEADSET
23-07-2021,2021-2022,2,P/M/A23,DEBIT,MOBILE,1,650,650,750,1250,600,BUDGET PHONE
23-07-2021,2021-2022,2,P/M/A40,MOBILE PAYMENTS,MOBILE,1,39562.5,39562.5,40562.5,41062.5,1500,PREMIUM MIDRANGE PHONE
23-07-2021,2021-2022,2,P/M/A55,DEBIT,MOBILE,1,5875,5875,6375,6875,1000,BUDGET PHONE
23-07-2021,2021-2022,2,P/M/A57,CASH,MOBILE,1,7473.22,7473.22,7973.22,8473.22,1000,BUDGET PHONE
24-07-2021,2021-2022,2,P/M/A24,CREDIT,MOBILE,1,850.9,850.9,950.9,1450.9,600,BUDGET PHONE
24-07-2021,2021-2022,2,P/M/A59,MOBILE PAYMENTS,MOBILE,1,10991.08,10991.08,11991.08,12491.08,1500,BUDGET PHONE
25-07-2021,2021-2022,2,P/M/A55,CREDIT,MOBILE,1,5875,5875,6375,6875,1000,BUDGET PHONE
25-07-2021,2021-2022,2,P/M/A59,MOBILE PAYMENTS,MOBILE,1,12776.78,12776.78,13776.78,14276.78,1500,BUDGET PHONE
26-07-2022,2022-2023,2,P/A/47,MOBILE PAYMENTS,ACCESSORY,1,1603.38,1603.38,1703.38,2203.38,600,WIRELESS HEADSET
26-07-2021,2021-2022,2,P/M/A40,CREDIT,MOBILE,1,39562.5,39562.5,40562.5,41062.5,1500,PREMIUM MIDRANGE PHONE
27-07-2021,2021-2022,2,P/M/A24,DEBIT,MOBILE,1,828.58,828.58,928.58,1428.58,600,BUDGET PHONE
27-07-2021,2021-2022,2,P/M/A57,CASH,MOBILE,1,7473.22,7473.22,7973.22,8473.22,1000,BUDGET PHONE
28-07-2022,2022-2023,2,P/A/48,CREDIT,ACCESSORY,1,586.44,586.44,686.44,1186.44,600,WIRELESS HEADSET
28-07-2021,2021-2022,2,P/M/A24,DEBIT,MOBILE,1,828.58,828.58,928.58,1428.58,600,BUDGET PHONE
28-07-2021,2021-2022,2,P/M/A24,CREDIT,MOBILE,1,828.58,828.58,928.58,1428.58,600,BUDGET PHONE
28-07-2021,2021-2022,2,P/M/A57,MOBILE PAYMENTS,MOBILE,1,7473.22,7473.22,7973.22,8473.22,1000,BUDGET PHONE
28-07-2021,2021-2022,2,P/M/A59,CASH,MOBILE,1,10991.08,10991.08,11991.08,12491.08,1500,BUDGET PHONE
28-07-2021,2021-2022,2,P/M/A75,DEBIT,MOBILE,1,59125,59125,60125,60625,1500,FLAGSHIP PHONE
29-07-2022,2022-2023,2,P/A/13,CASH,ACCESSORY,1,414.84,414.84,514.84,1014.84,600,BATTERY
29-07-2022,2022-2023,2,P/A/29,CREDIT,ACCESSORY,1,585.6,585.6,685.6,1185.6,600,COVER
29-07-2021,2021-2022,2,P/M/A24,CREDIT,MOBILE,1,828.58,828.58,928.58,1428.58,600,BUDGET PHONE
29-07-2021,2021-2022,2,P/M/A25,CREDIT,MOBILE,1,1185.72,1185.72,1285.72,1785.72,600,BUDGET PHONE
29-07-2021,2021-2022,2,P/M/A40,DEBIT,MOBILE,1,39562.5,39562.5,40562.5,41062.5,1500,PREMIUM MIDRANGE PHONE
29-07-2021,2021-2022,2,P/M/A55,CASH,MOBILE,1,5875,5875,6375,6875,1000,BUDGET PHONE
29-07-2021,2021-2022,2,P/M/A55,MOBILE PAYMENTS,MOBILE,1,5875,5875,6375,6875,1000,BUDGET PHONE
29-07-2021,2021-2022,2,P/M/A57,CREDIT,MOBILE,1,7473.22,7473.22,7973.22,8473.22,1000,BUDGET PHONE
29-07-2021,2021-2022,2,P/M/A59,DEBIT,MOBILE,1,12776.78,12776.78,13776.78,14276.78,1500,BUDGET PHONE
29-07-2021,2021-2022,2,P/M/A59,MOBILE PAYMENTS,MOBILE,1,10991.08,10991.08,11991.08,12491.08,1500,BUDGET PHONE
30-07-2022,2022-2023,2,P/A/13,MOBILE PAYMENTS,ACCESSORY,1,416.94,416.94,516.94,1016.94,600,BATTERY
30-07-2021,2021-2022,2,P/M/A43,DEBIT,MOBILE,1,56446.42,56446.42,57446.42,57946.42,1500,FLAGSHIP PHONE
30-07-2021,2021-2022,2,P/M/A43,DEBIT,MOBILE,1,55553.58,55553.58,56553.58,57053.58,1500,FLAGSHIP PHONE
30-07-2021,2021-2022,2,P/M/A55,CREDIT,MOBILE,1,5875,5875,6375,6875,1000,BUDGET PHONE
30-07-2021,2021-2022,2,P/M/A59,DEBIT,MOBILE,1,10991.08,10991.08,11991.08,12491.08,1500,BUDGET PHONE
31-07-2022,2022-2023,2,P/A/22,CREDIT,ACCESSORY,1,332.2,332.2,432.2,932.2,600,CHARGER 
31-07-2022,2022-2023,2,P/A/40,CREDIT,ACCESSORY,1,416.94,416.94,516.94,1016.94,600,DATA CABLE
31-07-2021,2021-2022,2,P/M/A24,CASH,MOBILE,1,828.58,828.58,928.58,1428.58,600,BUDGET PHONE
31-07-2021,2021-2022,2,P/M/A43,DEBIT,MOBILE,1,60017.86,60017.86,61017.86,61517.86,1500,FLAGSHIP PHONE
31-07-2021,2021-2022,2,P/M/A55,DEBIT,MOBILE,1,5866.08,5866.08,6366.08,6866.08,1000,BUDGET PHONE
31-07-2021,2021-2022,2,P/M/A59,DEBIT,MOBILE,1,10098.22,10098.22,11098.22,11598.22,1500,BUDGET PHONE
31-07-2021,2021-2022,2,P/M/A63,CREDIT,MOBILE,1,11089.29,11089.29,12089.29,12589.29,1500,BUDGET PHONE
1/8/2021,2021-2022,2,P/M/A23,MOBILE PAYMENTS,MOBILE,1,650,650,750,1250,600,BUDGET PHONE
1/8/2021,2021-2022,2,P/M/A57,CASH,MOBILE,1,7473.22,7473.22,7973.22,8473.22,1000,BUDGET PHONE
1/8/2021,2021-2022,2,P/M/A59,DEBIT,MOBILE,1,10098.22,10098.22,11098.22,11598.22,1500,BUDGET PHONE
2/8/2022,2022-2023,2,P/A/22,CREDIT,ACCESSORY,1,416.1,416.1,516.1,1016.1,600,CHARGER 
2/8/2022,2022-2023,2,P/A/22,CREDIT,ACCESSORY,1,416.1,416.1,516.1,1016.1,600,CHARGER 
2/8/2022,2022-2023,2,P/A/47,DEBIT,ACCESSORY,1,1941.52,1941.52,2041.52,2541.52,600,WIRELESS HEADSET
2/8/2021,2021-2022,2,P/M/A24,DEBIT,MOBILE,1,828.58,828.58,928.58,1428.58,600,BUDGET PHONE
2/8/2021,2021-2022,2,P/M/A57,DEBIT,MOBILE,1,9205.36,9205.36,10205.36,10705.36,1500,BUDGET PHONE
3/8/2021,2021-2022,2,P/M/A59,CREDIT,MOBILE,1,10098.22,10098.22,11098.22,11598.22,1500,BUDGET PHONE
4/8/2022,2022-2023,2,P/A/28,CASH,ACCESSORY,1,1942.38,1942.38,2042.38,2542.38,600,CHARGER 
4/8/2021,2021-2022,2,P/M/A23,MOBILE PAYMENTS,MOBILE,1,650,650,750,1250,600,BUDGET PHONE
4/8/2021,2021-2022,2,P/M/A23,CREDIT,MOBILE,1,650,650,750,1250,600,BUDGET PHONE
4/8/2021,2021-2022,2,P/M/A23,CREDIT,MOBILE,1,650,650,750,1250,600,BUDGET PHONE
4/8/2021,2021-2022,2,P/M/A24,CASH,MOBILE,1,828.58,828.58,928.58,1428.58,600,BUDGET PHONE
4/8/2021,2021-2022,2,P/M/A24,DEBIT,MOBILE,1,882.14,882.14,982.14,1482.14,600,BUDGET PHONE
4/8/2021,2021-2022,2,P/M/A24,DEBIT,MOBILE,1,828.58,828.58,928.58,1428.58,600,BUDGET PHONE
4/8/2021,2021-2022,2,P/M/A42,CREDIT,MOBILE,1,53767.86,53767.86,54767.86,55267.86,1500,FLAGSHIP PHONE
4/8/2021,2021-2022,2,P/M/A43,DEBIT,MOBILE,1,60017.86,60017.86,61017.86,61517.86,1500,FLAGSHIP PHONE
4/8/2021,2021-2022,2,P/M/A59,MOBILE PAYMENTS,MOBILE,1,10098.22,10098.22,11098.22,11598.22,1500,BUDGET PHONE
4/8/2021,2021-2022,2,P/M/A59,MOBILE PAYMENTS,MOBILE,1,10098.22,10098.22,11098.22,11598.22,1500,BUDGET PHONE
1/7/2021,2021-2022,2,P/M/A70,DEBIT,MOBILE,1,14177.12,14177.12,15177.12,15677.12,1500,MIDRANGE PHONE
5/8/2022,2022-2023,2,P/A/22,CREDIT,ACCESSORY,1,416.1,416.1,516.1,1016.1,600,CHARGER 
5/8/2022,2022-2023,2,P/A/22,CREDIT,ACCESSORY,1,416.1,416.1,516.1,1016.1,600,CHARGER 
5/8/2022,2022-2023,2,P/A/47,MOBILE PAYMENTS,ACCESSORY,1,1603.38,1603.38,1703.38,2203.38,600,WIRELESS HEADSET
8/7/2021,2021-2022,2,P/M/A5,CREDIT,MOBILE,1,14177.12,14177.12,15177.12,15677.12,1500,MIDRANGE PHONE
8/7/2021,2021-2022,2,P/M/A5,CREDIT,MOBILE,1,14177.12,14177.12,15177.12,15677.12,1500,MIDRANGE PHONE
10/7/2021,2021-2022,2,P/M/A5,DEBIT,MOBILE,1,14177.12,14177.12,15177.12,15677.12,1500,MIDRANGE PHONE
5/8/2021,2021-2022,2,P/M/A55,CASH,MOBILE,1,5875,5875,6375,6875,1000,BUDGET PHONE
5/8/2021,2021-2022,2,P/M/A59,DEBIT,MOBILE,1,11883.92,11883.92,12883.92,13383.92,1500,BUDGET PHONE
5/8/2021,2021-2022,2,P/M/A62,MOBILE PAYMENTS,MOBILE,1,10991.08,10991.08,11991.08,12491.08,1500,BUDGET PHONE
6/8/2021,2021-2022,2,P/M/A53,MOBILE PAYMENTS,MOBILE,1,4535.72,4535.72,5035.72,5535.72,1000,BUDGET PHONE
6/8/2021,2021-2022,2,P/M/A59,DEBIT,MOBILE,1,9760.72,9760.72,10760.72,11260.72,1500,BUDGET PHONE
7/8/2022,2022-2023,2,P/A/47,MOBILE PAYMENTS,ACCESSORY,1,1391.52,1391.52,1491.52,1991.52,600,WIRELESS HEADSET
7/8/2021,2021-2022,2,P/M/A63,CASH,MOBILE,1,11089.29,11089.29,12089.29,12589.29,1500,BUDGET PHONE
7/8/2021,2021-2022,2,P/M/A63,CASH,MOBILE,2,11089.28,22178.56,12089.28,25178.57,3000,BUDGET PHONE
24-08-2021,2021-2022,2,P/M/A64,CASH,MOBILE,1,14562.5,14562.5,15562.5,16062.5,1500,MIDRANGE PHONE
29-08-2021,2021-2022,2,P/M/A64,MOBILE PAYMENTS,MOBILE,1,14562.5,14562.5,15562.5,16062.5,1500,MIDRANGE PHONE
1/9/2021,2021-2022,2,P/M/A64,CREDIT,MOBILE,1,14562.5,14562.5,15562.5,16062.5,1500,MIDRANGE PHONE
8/8/2021,2021-2022,2,P/M/A59,MOBILE PAYMENTS,MOBILE,1,11883.92,11883.92,12883.92,13383.92,1500,BUDGET PHONE
9/8/2022,2022-2023,2,P/A/8,MOBILE PAYMENTS,ACCESSORY,1,22652.54,22652.54,23652.54,24152.54,1500,GALAXY WATCH
2/9/2021,2021-2022,2,P/M/A64,CREDIT,MOBILE,1,14562.5,14562.5,15562.5,16062.5,1500,MIDRANGE PHONE
9/8/2021,2021-2022,2,P/M/A23,CREDIT,MOBILE,1,650,650,750,1250,600,BUDGET PHONE
9/8/2021,2021-2022,2,P/M/A24,DEBIT,MOBILE,1,828.58,828.58,928.58,1428.58,600,BUDGET PHONE
9/8/2021,2021-2022,2,P/M/A24,CASH,MOBILE,1,828.58,828.58,928.58,1428.58,600,BUDGET PHONE
9/8/2021,2021-2022,2,P/M/A55,MOBILE PAYMENTS,MOBILE,1,5875,5875,6375,6875,1000,BUDGET PHONE
10/8/2022,2022-2023,2,P/A/35,MOBILE PAYMENTS,ACCESSORY,1,1688.14,1688.14,1788.14,2288.14,600,COVER
10/8/2022,2022-2023,2,P/A/47,MOBILE PAYMENTS,ACCESSORY,1,1518.64,1518.64,1618.64,2118.64,600,WIRELESS HEADSET
10/8/2022,2022-2023,2,P/A/8,MOBILE PAYMENTS,ACCESSORY,1,22652.54,22652.54,23652.54,24152.54,1500,GALAXY WATCH
11/8/2022,2022-2023,2,P/A/16,CASH,ACCESSORY,1,924.58,924.58,1024.58,1524.58,600,BATTERY
11/8/2022,2022-2023,2,P/A/22,DEBIT,ACCESSORY,1,416.1,416.1,516.1,1016.1,600,CHARGER 
11/8/2021,2021-2022,2,P/M/A40,MOBILE PAYMENTS,MOBILE,1,39562.5,39562.5,40562.5,41062.5,1500,PREMIUM MIDRANGE PHONE
11/8/2021,2021-2022,2,P/M/A43,MOBILE PAYMENTS,MOBILE,1,59125,59125,60125,60625,1500,FLAGSHIP PHONE
11/8/2021,2021-2022,2,P/M/A57,DEBIT,MOBILE,1,9205.36,9205.36,10205.36,10705.36,1500,BUDGET PHONE
11/8/2021,2021-2022,2,P/M/A59,MOBILE PAYMENTS,MOBILE,1,10098.22,10098.22,11098.22,11598.22,1500,BUDGET PHONE
11/8/2021,2021-2022,2,P/M/A62,MOBILE PAYMENTS,MOBILE,1,10991.08,10991.08,11991.08,12491.08,1500,BUDGET PHONE
12/8/2022,2022-2023,2,P/A/26,DEBIT,ACCESSORY,1,2195.76,2195.76,2295.76,2795.76,600,CHARGER 
12/8/2022,2022-2023,2,P/A/9,MOBILE PAYMENTS,ACCESSORY,1,17983.06,17983.06,18983.06,19483.06,1500,GALAXY WATCH
4/9/2021,2021-2022,2,P/M/A64,CREDIT,MOBILE,1,14562.5,14562.5,15562.5,16062.5,1500,MIDRANGE PHONE
6/9/2021,2021-2022,2,P/M/A64,MOBILE PAYMENTS,MOBILE,1,14562.5,14562.5,15562.5,16062.5,1500,MIDRANGE PHONE
12/8/2021,2021-2022,2,P/M/A23,DEBIT,MOBILE,1,650,650,750,1250,600,BUDGET PHONE
12/8/2021,2021-2022,2,P/M/A24,CASH,MOBILE,1,882.14,882.14,982.14,1482.14,600,BUDGET PHONE
12/8/2021,2021-2022,2,P/M/A42,DEBIT,MOBILE,1,50196.42,50196.42,51196.42,51696.42,1500,FLAGSHIP PHONE
12/8/2021,2021-2022,2,P/M/A55,CASH,MOBILE,1,5875,5875,6375,6875,1000,BUDGET PHONE
12/8/2021,2021-2022,2,P/M/A59,MOBILE PAYMENTS,MOBILE,1,11883.92,11883.92,12883.92,13383.92,1500,BUDGET PHONE
12/8/2021,2021-2022,2,P/M/A59,CREDIT,MOBILE,1,10098.22,10098.22,11098.22,11598.22,1500,BUDGET PHONE
12/8/2021,2021-2022,2,P/M/A59,MOBILE PAYMENTS,MOBILE,1,11883.92,11883.92,12883.92,13383.92,1500,BUDGET PHONE
13-08-2021,2021-2022,2,P/M/A24,CREDIT,MOBILE,1,850.9,850.9,950.9,1450.9,600,BUDGET PHONE
13-08-2021,2021-2022,2,P/M/A43,CREDIT,MOBILE,1,60017.86,60017.86,61017.86,61517.86,1500,FLAGSHIP PHONE
13-08-2021,2021-2022,2,P/M/A59,DEBIT,MOBILE,1,10098.22,10098.22,11098.22,11598.22,1500,BUDGET PHONE
14-08-2022,2022-2023,2,P/A/36,CREDIT,ACCESSORY,1,1942.38,1942.38,2042.38,2542.38,600,COVER
7/9/2021,2021-2022,2,P/M/A64,DEBIT,MOBILE,1,14562.5,14562.5,15562.5,16062.5,1500,MIDRANGE PHONE
14-08-2021,2021-2022,2,P/M/A42,MOBILE PAYMENTS,MOBILE,1,49303.58,49303.58,50303.58,50803.58,1500,FLAGSHIP PHONE
14-08-2021,2021-2022,2,P/M/A59,MOBILE PAYMENTS,MOBILE,1,11883.92,11883.92,12883.92,13383.92,1500,BUDGET PHONE
14-08-2021,2021-2022,2,P/M/A59,CASH,MOBILE,1,10098.22,10098.22,11098.22,11598.22,1500,BUDGET PHONE
7/9/2021,2021-2022,2,P/M/A64,CASH,MOBILE,1,14562.5,14562.5,15562.5,16062.5,1500,MIDRANGE PHONE
15-08-2022,2022-2023,2,P/A/35,DEBIT,ACCESSORY,1,1518.64,1518.64,1618.64,2118.64,600,COVER
15-08-2022,2022-2023,2,P/A/41,CREDIT,ACCESSORY,1,671.18,671.18,771.18,1271.18,600,POWER BANK
9/9/2021,2021-2022,2,P/M/A64,CREDIT,MOBILE,1,14562.5,14562.5,15562.5,16062.5,1500,MIDRANGE PHONE
14-09-2021,2021-2022,2,P/M/A64,DEBIT,MOBILE,1,14562.5,14562.5,15562.5,16062.5,1500,MIDRANGE PHONE
15-08-2021,2021-2022,2,P/M/A24,CREDIT,MOBILE,1,873.22,873.22,973.22,1473.22,600,BUDGET PHONE
15-08-2021,2021-2022,2,P/M/A43,CREDIT,MOBILE,1,56446.42,56446.42,57446.42,57946.42,1500,FLAGSHIP PHONE
15-08-2021,2021-2022,2,P/M/A55,DEBIT,MOBILE,1,5875,5875,6375,6875,1000,BUDGET PHONE
15-08-2021,2021-2022,2,P/M/A55,DEBIT,MOBILE,1,5875,5875,6375,6875,1000,BUDGET PHONE
15-08-2021,2021-2022,2,P/M/A55,MOBILE PAYMENTS,MOBILE,1,5875,5875,6375,6875,1000,BUDGET PHONE
15-08-2021,2021-2022,2,P/M/A59,MOBILE PAYMENTS,MOBILE,1,10098.22,10098.22,11098.22,11598.22,1500,BUDGET PHONE
15-08-2021,2021-2022,2,P/M/A74,DEBIT,MOBILE,1,59125,59125,60125,60625,1500,FLAGSHIP PHONE
15-08-2021,2021-2022,2,P/M/A74,DEBIT,MOBILE,1,58232.14,58232.14,59232.14,59732.14,1500,FLAGSHIP PHONE
16-08-2022,2022-2023,2,P/A/47,CASH,ACCESSORY,1,1433.9,1433.9,1533.9,2033.9,600,WIRELESS HEADSET
15-09-2021,2021-2022,2,P/M/A64,CASH,MOBILE,1,14562.5,14562.5,15562.5,16062.5,1500,MIDRANGE PHONE
16-08-2021,2021-2022,2,P/M/A40,CASH,MOBILE,1,39562.5,39562.5,40562.5,41062.5,1500,PREMIUM MIDRANGE PHONE
16-08-2021,2021-2022,2,P/M/A59,CREDIT,MOBILE,1,10098.22,10098.22,11098.22,11598.22,1500,BUDGET PHONE
18-09-2021,2021-2022,2,P/M/A64,DEBIT,MOBILE,1,14562.5,14562.5,15562.5,16062.5,1500,MIDRANGE PHONE
23-09-2021,2021-2022,2,P/M/A64,MOBILE PAYMENTS,MOBILE,1,14562.5,14562.5,15562.5,16062.5,1500,MIDRANGE PHONE
17-08-2022,2022-2023,2,P/A/21,MOBILE PAYMENTS,ACCESSORY,1,408.48,408.48,508.48,1008.48,600,CHARGER 
17-08-2022,2022-2023,2,P/A/22,DEBIT,ACCESSORY,1,332.2,332.2,432.2,932.2,600,CHARGER 
17-08-2022,2022-2023,2,P/A/40,CASH,ACCESSORY,1,416.94,416.94,516.94,1016.94,600,DATA CABLE
17-08-2022,2022-2023,2,P/A/47,MOBILE PAYMENTS,ACCESSORY,1,1603.38,1603.38,1703.38,2203.38,600,WIRELESS HEADSET
17-08-2021,2021-2022,2,P/M/A53,CREDIT,MOBILE,1,4535.72,4535.72,5035.72,5535.72,1000,BUDGET PHONE
17-08-2021,2021-2022,2,P/M/A55,DEBIT,MOBILE,1,5866.08,5866.08,6366.08,6866.08,1000,BUDGET PHONE
18-08-2022,2022-2023,2,P/A/22,MOBILE PAYMENTS,ACCESSORY,1,408.48,408.48,508.48,1008.48,600,CHARGER 
18-08-2022,2022-2023,2,P/A/39,CREDIT,ACCESSORY,1,416.94,416.94,516.94,1016.94,600,COVER
18-08-2022,2022-2023,2,P/A/47,MOBILE PAYMENTS,ACCESSORY,1,1433.9,1433.9,1533.9,2033.9,600,WIRELESS HEADSET
23-09-2021,2021-2022,2,P/M/A64,CREDIT,MOBILE,1,14562.5,14562.5,15562.5,16062.5,1500,MIDRANGE PHONE
25-09-2021,2021-2022,2,P/M/A64,MOBILE PAYMENTS,MOBILE,1,14562.5,14562.5,15562.5,16062.5,1500,MIDRANGE PHONE
18-08-2021,2021-2022,2,P/M/A53,DEBIT,MOBILE,1,4366.08,4366.08,4866.08,5366.08,1000,BUDGET PHONE
18-08-2021,2021-2022,2,P/M/A62,CREDIT,MOBILE,1,13232.14,13232.14,14232.14,14732.14,1500,BUDGET PHONE
18-08-2021,2021-2022,2,P/M/A62,MOBILE PAYMENTS,MOBILE,1,12360.72,12360.72,13360.72,13860.72,1500,BUDGET PHONE
19-08-2022,2022-2023,2,P/A/47,CASH,ACCESSORY,1,1433.9,1433.9,1533.9,2033.9,600,WIRELESS HEADSET
19-08-2022,2022-2023,2,P/A/47,CASH,ACCESSORY,1,1603.38,1603.38,1703.38,2203.38,600,WIRELESS HEADSET
19-08-2021,2021-2022,2,P/M/A59,CASH,MOBILE,1,10098.22,10098.22,11098.22,11598.22,1500,BUDGET PHONE
19-08-2021,2021-2022,2,P/M/A59,CASH,MOBILE,1,11883.92,11883.92,12883.92,13383.92,1500,BUDGET PHONE
19-08-2021,2021-2022,2,P/M/A59,CREDIT,MOBILE,1,10098.22,10098.22,11098.22,11598.22,1500,BUDGET PHONE
19-08-2021,2021-2022,2,P/M/A59,DEBIT,MOBILE,1,10627.68,10627.68,11627.68,12127.68,1500,BUDGET PHONE
20-08-2022,2022-2023,2,P/A/22,MOBILE PAYMENTS,ACCESSORY,1,416.1,416.1,516.1,1016.1,600,CHARGER 
24-08-2021,2021-2022,2,P/M/A64,CASH,MOBILE,1,14660.72,14660.72,15660.72,16160.72,1500,MIDRANGE PHONE
20-08-2021,2021-2022,2,P/M/A59,CASH,MOBILE,1,10098.22,10098.22,11098.22,11598.22,1500,BUDGET PHONE
20-08-2022,2022-2023,2,P/T/S1,CREDIT,TABLET,1,7050.84,7050.84,7550.84,8050.84,1000,BUDGET TABLET
21-08-2022,2022-2023,2,P/A/47,CREDIT,ACCESSORY,1,1349.16,1349.16,1449.16,1949.16,600,WIRELESS HEADSET
21-08-2021,2021-2022,2,P/M/A55,MOBILE PAYMENTS,MOBILE,1,5866.08,5866.08,6366.08,6866.08,1000,BUDGET PHONE
21-08-2022,2022-2023,2,P/T/S1,CREDIT,TABLET,1,7050.84,7050.84,7550.84,8050.84,1000,BUDGET TABLET
22-08-2021,2021-2022,2,P/M/A55,CREDIT,MOBILE,1,5875,5875,6375,6875,1000,BUDGET PHONE
22-08-2021,2021-2022,2,P/M/A59,CASH,MOBILE,1,10098.22,10098.22,11098.22,11598.22,1500,BUDGET PHONE
22-08-2021,2021-2022,2,P/M/A59,MOBILE PAYMENTS,MOBILE,1,11883.92,11883.92,12883.92,13383.92,1500,BUDGET PHONE
22-08-2021,2021-2022,2,P/M/A75,DEBIT,MOBILE,1,59125,59125,60125,60625,1500,FLAGSHIP PHONE
22-08-2021,2021-2022,2,P/M/A75,DEBIT,MOBILE,1,59125,59125,60125,60625,1500,FLAGSHIP PHONE
22-08-2021,2021-2022,2,P/M/A75,MOBILE PAYMENTS,MOBILE,1,74303.58,74303.58,75303.58,75803.58,1500,FLAGSHIP PHONE
22-08-2021,2021-2022,2,P/M/A75,DEBIT,MOBILE,1,74303.58,74303.58,75303.58,75803.58,1500,FLAGSHIP PHONE
22-08-2021,2021-2022,2,P/M/A75,MOBILE PAYMENTS,MOBILE,1,59125,59125,60125,60625,1500,FLAGSHIP PHONE
22-08-2021,2021-2022,2,P/M/A75,MOBILE PAYMENTS,MOBILE,1,59125,59125,60125,60625,1500,FLAGSHIP PHONE
23-08-2022,2022-2023,2,P/A/22,DEBIT,ACCESSORY,1,416.1,416.1,516.1,1016.1,600,CHARGER 
23-08-2021,2021-2022,2,P/M/A23,DEBIT,MOBILE,1,650,650,750,1250,600,BUDGET PHONE
23-08-2021,2021-2022,2,P/M/A57,CREDIT,MOBILE,1,7026.78,7026.78,7526.78,8026.78,1000,BUDGET PHONE
23-08-2021,2021-2022,2,P/M/A57,CASH,MOBILE,1,8812.5,8812.5,9312.5,9812.5,1000,BUDGET PHONE
23-08-2021,2021-2022,2,P/M/A59,CREDIT,MOBILE,1,10098.22,10098.22,11098.22,11598.22,1500,BUDGET PHONE
23-08-2021,2021-2022,2,P/M/A75,DEBIT,MOBILE,1,59125,59125,60125,60625,1500,FLAGSHIP PHONE
23-08-2021,2021-2022,2,P/M/A75,DEBIT,MOBILE,1,74303.57,74303.57,75303.57,75803.57,1500,FLAGSHIP PHONE
23-08-2021,2021-2022,2,P/M/A75,CREDIT,MOBILE,1,59125,59125,60125,60625,1500,FLAGSHIP PHONE
23-08-2021,2021-2022,2,P/M/A75,MOBILE PAYMENTS,MOBILE,1,59125,59125,60125,60625,1500,FLAGSHIP PHONE
24-08-2022,2022-2023,2,P/A/22,DEBIT,ACCESSORY,1,416.1,416.1,516.1,1016.1,600,CHARGER 
24-08-2021,2021-2022,2,P/M/A23,MOBILE PAYMENTS,MOBILE,1,650,650,750,1250,600,BUDGET PHONE
24-08-2021,2021-2022,2,P/M/A42,DEBIT,MOBILE,1,50196.42,50196.42,51196.42,51696.42,1500,FLAGSHIP PHONE
24-08-2021,2021-2022,2,P/M/A43,MOBILE PAYMENTS,MOBILE,1,56446.42,56446.42,57446.42,57946.42,1500,FLAGSHIP PHONE
24-08-2021,2021-2022,2,P/M/A55,MOBILE PAYMENTS,MOBILE,1,5875,5875,6375,6875,1000,BUDGET PHONE
24-08-2021,2021-2022,2,P/M/A55,CASH,MOBILE,1,5875,5875,6375,6875,1000,BUDGET PHONE
24-08-2021,2021-2022,2,P/M/A59,DEBIT,MOBILE,1,10098.22,10098.22,11098.22,11598.22,1500,BUDGET PHONE
24-08-2021,2021-2022,2,P/M/A75,MOBILE PAYMENTS,MOBILE,1,59125,59125,60125,60625,1500,FLAGSHIP PHONE
12/7/2021,2021-2022,2,P/M/A63,DEBIT,MOBILE,1,14883.92,14883.92,15883.92,16383.92,1500,MIDRANGE PHONE
25-08-2021,2021-2022,2,P/M/A23,MOBILE PAYMENTS,MOBILE,1,658.92,658.92,758.92,1258.92,600,BUDGET PHONE
25-08-2021,2021-2022,2,P/M/A59,MOBILE PAYMENTS,MOBILE,1,10098.22,10098.22,11098.22,11598.22,1500,BUDGET PHONE
25-08-2021,2021-2022,2,P/M/A62,MOBILE PAYMENTS,MOBILE,1,12360.72,12360.72,13360.72,13860.72,1500,BUDGET PHONE
26-08-2022,2022-2023,2,P/A/47,DEBIT,ACCESSORY,1,1433.9,1433.9,1533.9,2033.9,600,WIRELESS HEADSET
7/8/2021,2021-2022,2,P/M/A63,CASH,MOBILE,1,14883.92,14883.92,15883.92,16383.92,1500,MIDRANGE PHONE
26-08-2021,2021-2022,2,P/M/A57,MOBILE PAYMENTS,MOBILE,1,7026.78,7026.78,7526.78,8026.78,1000,BUDGET PHONE
27-08-2022,2022-2023,2,P/A/14,CASH,ACCESSORY,1,459.32,459.32,559.32,1059.32,600,BATTERY
27-08-2022,2022-2023,2,P/A/22,CREDIT,ACCESSORY,1,416.1,416.1,516.1,1016.1,600,CHARGER 
28-08-2021,2021-2022,2,P/M/A75,DEBIT,MOBILE,1,59125,59125,60125,60625,1500,FLAGSHIP PHONE
29-08-2021,2021-2022,2,P/M/A24,MOBILE PAYMENTS,MOBILE,1,873.22,873.22,973.22,1473.22,600,BUDGET PHONE
29-08-2021,2021-2022,2,P/M/A54,DEBIT,MOBILE,1,5875,5875,6375,6875,1000,BUDGET PHONE
30-08-2022,2022-2023,2,P/A/35,CASH,ACCESSORY,1,1857.62,1857.62,1957.62,2457.62,600,COVER
30-08-2021,2021-2022,2,P/M/A43,MOBILE PAYMENTS,MOBILE,1,56446.42,56446.42,57446.42,57946.42,1500,FLAGSHIP PHONE
30-08-2021,2021-2022,2,P/M/A59,DEBIT,MOBILE,1,10098.22,10098.22,11098.22,11598.22,1500,BUDGET PHONE
30-08-2021,2021-2022,2,P/M/A62,MOBILE PAYMENTS,MOBILE,1,12360.72,12360.72,13360.72,13860.72,1500,BUDGET PHONE
30-08-2021,2021-2022,2,P/M/A75,CREDIT,MOBILE,1,59125,59125,60125,60625,1500,FLAGSHIP PHONE
31-08-2021,2021-2022,2,P/M/A75,DEBIT,MOBILE,1,59125,59125,60125,60625,1500,FLAGSHIP PHONE
1/9/2022,2022-2023,2,P/A/48,DEBIT,ACCESSORY,1,586.44,586.44,686.44,1186.44,600,WIRELESS HEADSET
1/9/2021,2021-2022,2,P/M/A23,CASH,MOBILE,1,650,650,750,1250,600,BUDGET PHONE
1/9/2021,2021-2022,2,P/M/A23,CREDIT,MOBILE,1,658.92,658.92,758.92,1258.92,600,BUDGET PHONE
1/9/2021,2021-2022,2,P/M/A25,CASH,MOBILE,1,1266.08,1266.08,1366.08,1866.08,600,BUDGET PHONE
1/9/2021,2021-2022,2,P/M/A42,CREDIT,MOBILE,1,50196.42,50196.42,51196.42,51696.42,1500,FLAGSHIP PHONE
1/9/2021,2021-2022,2,P/M/A56,DEBIT,MOBILE,1,4526.78,4526.78,5026.78,5526.78,1000,BUDGET PHONE
1/9/2021,2021-2022,2,P/M/A59,DEBIT,MOBILE,1,10098.22,10098.22,11098.22,11598.22,1500,BUDGET PHONE
2/9/2021,2021-2022,2,P/M/A42,DEBIT,MOBILE,1,50196.43,50196.43,51196.43,51696.43,1500,FLAGSHIP PHONE
2/9/2021,2021-2022,2,P/M/A75,DEBIT,MOBILE,1,59125,59125,60125,60625,1500,FLAGSHIP PHONE
3/9/2022,2022-2023,2,P/A/26,CASH,ACCESSORY,1,1984.74,1984.74,2084.74,2584.74,600,CHARGER 
3/9/2022,2022-2023,2,P/A/38,DEBIT,ACCESSORY,1,1942.38,1942.38,2042.38,2542.38,600,COVER
3/9/2021,2021-2022,2,P/M/A23,CASH,MOBILE,1,650,650,750,1250,600,BUDGET PHONE
3/9/2021,2021-2022,2,P/M/A75,MOBILE PAYMENTS,MOBILE,1,59125,59125,60125,60625,1500,FLAGSHIP PHONE
3/9/2021,2021-2022,2,P/M/A75,CREDIT,MOBILE,1,59125,59125,60125,60625,1500,FLAGSHIP PHONE
3/9/2022,2022-2023,2,P/T/S1,MOBILE PAYMENTS,TABLET,1,7050.84,7050.84,7550.84,8050.84,1000,BUDGET TABLET
4/9/2022,2022-2023,2,P/A/22,MOBILE PAYMENTS,ACCESSORY,1,416.1,416.1,516.1,1016.1,600,CHARGER 
4/9/2022,2022-2023,2,P/A/26,MOBILE PAYMENTS,ACCESSORY,1,2195.76,2195.76,2295.76,2795.76,600,CHARGER 
4/9/2022,2022-2023,2,P/A/26,DEBIT,ACCESSORY,1,1942.38,1942.38,2042.38,2542.38,600,CHARGER 
4/9/2022,2022-2023,2,P/A/26,MOBILE PAYMENTS,ACCESSORY,1,2195.76,2195.76,2295.76,2795.76,600,CHARGER 
4/9/2021,2021-2022,2,P/M/A23,MOBILE PAYMENTS,MOBILE,1,650,650,750,1250,600,BUDGET PHONE
4/9/2021,2021-2022,2,P/M/A23,MOBILE PAYMENTS,MOBILE,1,650,650,750,1250,600,BUDGET PHONE
4/9/2021,2021-2022,2,P/M/A24,DEBIT,MOBILE,1,873.22,873.22,973.22,1473.22,600,BUDGET PHONE
4/9/2021,2021-2022,2,P/M/A24,MOBILE PAYMENTS,MOBILE,1,882.14,882.14,982.14,1482.14,600,BUDGET PHONE
4/9/2021,2021-2022,2,P/M/A55,MOBILE PAYMENTS,MOBILE,1,5875,5875,6375,6875,1000,BUDGET PHONE
4/9/2021,2021-2022,2,P/M/A75,DEBIT,MOBILE,1,59125,59125,60125,60625,1500,FLAGSHIP PHONE
4/9/2021,2021-2022,2,P/M/A75,DEBIT,MOBILE,1,59125,59125,60125,60625,1500,FLAGSHIP PHONE
5/9/2022,2022-2023,2,P/A/47,MOBILE PAYMENTS,ACCESSORY,1,1306.78,1306.78,1406.78,1906.78,600,WIRELESS HEADSET
5/9/2021,2021-2022,2,P/M/A53,MOBILE PAYMENTS,MOBILE,1,4356.24,4356.24,4856.24,5356.24,1000,BUDGET PHONE
6/9/2022,2022-2023,2,P/A/22,DEBIT,ACCESSORY,1,416.1,416.1,516.1,1016.1,600,CHARGER 
6/9/2021,2021-2022,2,P/M/A29,CASH,MOBILE,20,310.71,6214.2,410.71,18214.28,12000,BUDGET PHONE
6/9/2021,2021-2022,2,P/M/A29,MOBILE PAYMENTS,MOBILE,20,310.71,6214.2,410.71,18214.28,12000,BUDGET PHONE
6/9/2021,2021-2022,2,P/M/A29,CASH,MOBILE,30,310.71,9321.3,410.71,27321.42,18000,BUDGET PHONE
6/9/2021,2021-2022,2,P/M/A31,MOBILE PAYMENTS,MOBILE,1,9205.36,9205.36,10205.36,10705.36,1500,BUDGET PHONE
6/9/2021,2021-2022,2,P/M/A59,CREDIT,MOBILE,1,10098.22,10098.22,11098.22,11598.22,1500,BUDGET PHONE
6/9/2021,2021-2022,2,P/M/A75,DEBIT,MOBILE,1,59125,59125,60125,60625,1500,FLAGSHIP PHONE
6/9/2021,2021-2022,2,P/M/A75,DEBIT,MOBILE,1,59125,59125,60125,60625,1500,FLAGSHIP PHONE
6/9/2022,2022-2023,2,P/T/S1,CASH,TABLET,1,7050.84,7050.84,7550.84,8050.84,1000,BUDGET TABLET
7/9/2022,2022-2023,2,P/A/47,CASH,ACCESSORY,1,1349.16,1349.16,1449.16,1949.16,600,WIRELESS HEADSET
7/9/2022,2022-2023,2,P/A/47,CREDIT,ACCESSORY,1,1264.4,1264.4,1364.4,1864.4,600,WIRELESS HEADSET
7/9/2022,2022-2023,2,P/A/47,DEBIT,ACCESSORY,1,1264.4,1264.4,1364.4,1864.4,600,WIRELESS HEADSET
7/9/2022,2022-2023,2,P/A/9,DEBIT,ACCESSORY,1,17983.06,17983.06,18983.06,19483.06,1500,GALAXY WATCH
7/9/2021,2021-2022,2,P/M/A24,CREDIT,MOBILE,1,873.22,873.22,973.22,1473.22,600,BUDGET PHONE
7/9/2021,2021-2022,2,P/M/A42,MOBILE PAYMENTS,MOBILE,1,50196.42,50196.42,51196.42,51696.42,1500,FLAGSHIP PHONE
7/9/2021,2021-2022,2,P/M/A57,DEBIT,MOBILE,1,7026.78,7026.78,7526.78,8026.78,1000,BUDGET PHONE
7/9/2021,2021-2022,2,P/M/A59,MOBILE PAYMENTS,MOBILE,1,11883.92,11883.92,12883.92,13383.92,1500,BUDGET PHONE
7/9/2021,2021-2022,2,P/M/A59,MOBILE PAYMENTS,MOBILE,1,10098.22,10098.22,11098.22,11598.22,1500,BUDGET PHONE
8/9/2022,2022-2023,2,P/A/26,CASH,ACCESSORY,1,2069.5,2069.5,2169.5,2669.5,600,CHARGER 
8/9/2022,2022-2023,2,P/A/39,MOBILE PAYMENTS,ACCESSORY,1,374.58,374.58,474.58,974.58,600,COVER
8/9/2021,2021-2022,2,P/M/A55,CASH,MOBILE,1,5875,5875,6375,6875,1000,BUDGET PHONE
8/9/2021,2021-2022,2,P/M/A55,CREDIT,MOBILE,1,5875,5875,6375,6875,1000,BUDGET PHONE
8/9/2021,2021-2022,2,P/M/A55,MOBILE PAYMENTS,MOBILE,1,5875,5875,6375,6875,1000,BUDGET PHONE
8/9/2021,2021-2022,2,P/M/A57,MOBILE PAYMENTS,MOBILE,1,8812.5,8812.5,9312.5,9812.5,1000,BUDGET PHONE
8/9/2021,2021-2022,2,P/M/A57,CASH,MOBILE,1,7026.78,7026.78,7526.78,8026.78,1000,BUDGET PHONE
8/9/2021,2021-2022,2,P/M/A57,DEBIT,MOBILE,1,8812.5,8812.5,9312.5,9812.5,1000,BUDGET PHONE
8/9/2021,2021-2022,2,P/M/A75,DEBIT,MOBILE,1,59125,59125,60125,60625,1500,FLAGSHIP PHONE
8/9/2021,2021-2022,2,P/M/A75,CREDIT,MOBILE,1,59125,59125,60125,60625,1500,FLAGSHIP PHONE
9/9/2022,2022-2023,2,P/A/46,CREDIT,ACCESSORY,1,9508.48,9508.48,10508.48,11008.48,1500,WIRELESS EARPHONES
9/9/2021,2021-2022,2,P/M/A23,DEBIT,MOBILE,1,650,650,750,1250,600,BUDGET PHONE
9/9/2021,2021-2022,2,P/M/A55,CASH,MOBILE,1,5875,5875,6375,6875,1000,BUDGET PHONE
9/9/2021,2021-2022,2,P/M/A59,DEBIT,MOBILE,1,10098.22,10098.22,11098.22,11598.22,1500,BUDGET PHONE
9/9/2021,2021-2022,2,P/M/A59,MOBILE PAYMENTS,MOBILE,1,10098.22,10098.22,11098.22,11598.22,1500,BUDGET PHONE
10/9/2022,2022-2023,2,P/A/46,DEBIT,ACCESSORY,1,9508.48,9508.48,10508.48,11008.48,1500,WIRELESS EARPHONES
10/9/2021,2021-2022,2,P/M/A55,CASH,MOBILE,1,5875,5875,6375,6875,1000,BUDGET PHONE
10/9/2021,2021-2022,2,P/M/A57,CASH,MOBILE,1,8812.5,8812.5,9312.5,9812.5,1000,BUDGET PHONE
10/9/2021,2021-2022,2,P/M/A59,MOBILE PAYMENTS,MOBILE,1,10098.22,10098.22,11098.22,11598.22,1500,BUDGET PHONE
11/9/2022,2022-2023,2,P/A/38,CASH,ACCESSORY,1,2026.28,2026.28,2126.28,2626.28,600,COVER
11/9/2021,2021-2022,2,P/M/A55,DEBIT,MOBILE,1,5875,5875,6375,6875,1000,BUDGET PHONE
11/9/2021,2021-2022,2,P/M/A55,CREDIT,MOBILE,1,5875,5875,6375,6875,1000,BUDGET PHONE
12/9/2021,2021-2022,2,P/M/A24,CASH,MOBILE,1,873.22,873.22,973.22,1473.22,600,BUDGET PHONE
12/9/2021,2021-2022,2,P/M/A56,DEBIT,MOBILE,1,4366.08,4366.08,4866.08,5366.08,1000,BUDGET PHONE
12/9/2021,2021-2022,2,P/M/A59,MOBILE PAYMENTS,MOBILE,1,10098.22,10098.22,11098.22,11598.22,1500,BUDGET PHONE
13-09-2022,2022-2023,2,P/A/21,CASH,ACCESSORY,1,408.48,408.48,508.48,1008.48,600,CHARGER 
13-09-2021,2021-2022,2,P/M/A57,CREDIT,MOBILE,1,8812.5,8812.5,9312.5,9812.5,1000,BUDGET PHONE
14-09-2022,2022-2023,2,P/A/49,CASH,ACCESSORY,1,671.18,671.18,771.18,1271.18,600,WIRELESS HEADSET
15-09-2022,2022-2023,2,P/A/51,DEBIT,ACCESSORY,1,331.36,331.36,431.36,931.36,600,WIRELESS HEADSET
15-09-2021,2021-2022,2,P/M/A75,MOBILE PAYMENTS,MOBILE,1,74303.58,74303.58,75303.58,75803.58,1500,FLAGSHIP PHONE
16-09-2022,2022-2023,2,P/A/14,MOBILE PAYMENTS,ACCESSORY,1,459.32,459.32,559.32,1059.32,600,BATTERY
16-09-2021,2021-2022,2,P/M/A54,DEBIT,MOBILE,1,5875,5875,6375,6875,1000,BUDGET PHONE
16-09-2021,2021-2022,2,P/M/A57,DEBIT,MOBILE,1,7026.78,7026.78,7526.78,8026.78,1000,BUDGET PHONE
17-09-2022,2022-2023,2,P/A/35,CREDIT,ACCESSORY,1,1688.14,1688.14,1788.14,2288.14,600,COVER
18-09-2022,2022-2023,2,P/A/38,CASH,ACCESSORY,1,2026.28,2026.28,2126.28,2626.28,600,COVER
18-09-2021,2021-2022,2,P/M/A75,DEBIT,MOBILE,1,59125,59125,60125,60625,1500,FLAGSHIP PHONE
19-09-2021,2021-2022,2,P/M/A75,MOBILE PAYMENTS,MOBILE,1,59125,59125,60125,60625,1500,FLAGSHIP PHONE
20-09-2021,2021-2022,2,P/M/A75,CREDIT,MOBILE,1,59125,59125,60125,60625,1500,FLAGSHIP PHONE
12/9/2021,2021-2022,2,P/M/A63,CREDIT,MOBILE,1,15375,15375,16375,16875,1500,MIDRANGE PHONE
21-09-2021,2021-2022,2,P/M/A24,MOBILE PAYMENTS,MOBILE,1,828.58,828.58,928.58,1428.58,600,BUDGET PHONE
21-09-2021,2021-2022,2,P/M/A29,MOBILE PAYMENTS,MOBILE,1,471.42,471.42,571.42,1071.42,600,BUDGET PHONE
21-09-2021,2021-2022,2,P/M/A33,CREDIT,MOBILE,1,8732.14,8732.14,9232.14,9732.14,1000,BUDGET PHONE
21-09-2021,2021-2022,2,P/M/A33,MOBILE PAYMENTS,MOBILE,1,8732.14,8732.14,9232.14,9732.14,1000,BUDGET PHONE
21-09-2021,2021-2022,2,P/M/A33,MOBILE PAYMENTS,MOBILE,1,8732.14,8732.14,9232.14,9732.14,1000,BUDGET PHONE
21-09-2021,2021-2022,2,P/M/A34,CASH,MOBILE,1,11803.58,11803.58,12803.58,13303.58,1500,BUDGET PHONE
21-09-2021,2021-2022,2,P/M/A34,MOBILE PAYMENTS,MOBILE,1,11803.58,11803.58,12803.58,13303.58,1500,BUDGET PHONE
21-09-2021,2021-2022,2,P/M/A56,DEBIT,MOBILE,1,4526.78,4526.78,5026.78,5526.78,1000,BUDGET PHONE
21-09-2021,2021-2022,2,P/M/A57,CASH,MOBILE,1,7026.78,7026.78,7526.78,8026.78,1000,BUDGET PHONE
22-09-2022,2022-2023,2,P/A/22,CASH,ACCESSORY,1,408.48,408.48,508.48,1008.48,600,CHARGER 
22-09-2022,2022-2023,2,P/A/26,CREDIT,ACCESSORY,1,1603.38,1603.38,1703.38,2203.38,600,CHARGER 
22-09-2021,2021-2022,2,P/M/A33,DEBIT,MOBILE,6,7839.28,47035.68,8339.28,53035.71,6000,BUDGET PHONE
22-09-2021,2021-2022,2,P/M/A59,MOBILE PAYMENTS,MOBILE,1,10098.22,10098.22,11098.22,11598.22,1500,BUDGET PHONE
22-09-2021,2021-2022,2,P/M/A59,MOBILE PAYMENTS,MOBILE,1,10098.22,10098.22,11098.22,11598.22,1500,BUDGET PHONE
22-09-2021,2021-2022,2,P/M/A59,MOBILE PAYMENTS,MOBILE,1,11883.92,11883.92,12883.92,13383.92,1500,BUDGET PHONE
22-09-2021,2021-2022,2,P/M/A59,MOBILE PAYMENTS,MOBILE,1,11883.92,11883.92,12883.92,13383.92,1500,BUDGET PHONE
23-09-2022,2022-2023,2,P/A/26,MOBILE PAYMENTS,ACCESSORY,1,2195.76,2195.76,2295.76,2795.76,600,CHARGER 
23-09-2022,2022-2023,2,P/A/38,CASH,ACCESSORY,1,1942.38,1942.38,2042.38,2542.38,600,COVER
23-09-2022,2022-2023,2,P/A/8,MOBILE PAYMENTS,ACCESSORY,1,22652.54,22652.54,23652.54,24152.54,1500,GALAXY WATCH
23-09-2021,2021-2022,2,P/M/A42,DEBIT,MOBILE,1,53767.86,53767.86,54767.86,55267.86,1500,FLAGSHIP PHONE
23-09-2021,2021-2022,2,P/M/A75,CREDIT,MOBILE,1,59125,59125,60125,60625,1500,FLAGSHIP PHONE
23-09-2021,2021-2022,2,P/M/A76,MOBILE PAYMENTS,MOBILE,1,60999.1,60999.1,61999.1,62499.1,1500,FLAGSHIP PHONE
24-09-2022,2022-2023,2,P/A/38,MOBILE PAYMENTS,ACCESSORY,1,1942.38,1942.38,2042.38,2542.38,600,COVER
24-09-2022,2022-2023,2,P/A/46,CREDIT,ACCESSORY,1,9432.2,9432.2,10432.2,10932.2,1500,WIRELESS EARPHONES
24-09-2021,2021-2022,2,P/M/A55,MOBILE PAYMENTS,MOBILE,1,5875,5875,6375,6875,1000,BUDGET PHONE
24-09-2021,2021-2022,2,P/M/A75,MOBILE PAYMENTS,MOBILE,1,59125,59125,60125,60625,1500,FLAGSHIP PHONE
24-09-2021,2021-2022,2,P/M/A75,MOBILE PAYMENTS,MOBILE,1,59125,59125,60125,60625,1500,FLAGSHIP PHONE
25-09-2022,2022-2023,2,P/A/21,DEBIT,ACCESSORY,1,374.58,374.58,474.58,974.58,600,CHARGER 
25-09-2022,2022-2023,2,P/T/S1,MOBILE PAYMENTS,TABLET,1,7050.84,7050.84,7550.84,8050.84,1000,BUDGET TABLET
26-09-2022,2022-2023,2,P/A/11,CREDIT,ACCESSORY,1,374.58,374.58,474.58,974.58,600,BATTERY
26-09-2021,2021-2022,2,P/M/A24,DEBIT,MOBILE,1,873.22,873.22,973.22,1473.22,600,BUDGET PHONE
26-09-2021,2021-2022,2,P/M/A24,DEBIT,MOBILE,1,873.22,873.22,973.22,1473.22,600,BUDGET PHONE
26-09-2021,2021-2022,2,P/M/A59,CASH,MOBILE,1,10098.22,10098.22,11098.22,11598.22,1500,BUDGET PHONE
26-09-2021,2021-2022,2,P/M/A59,CREDIT,MOBILE,1,10098.22,10098.22,11098.22,11598.22,1500,BUDGET PHONE
27-09-2022,2022-2023,2,P/A/41,MOBILE PAYMENTS,ACCESSORY,1,883.06,883.06,983.06,1483.06,600,POWER BANK
27-09-2021,2021-2022,2,P/M/A40,MOBILE PAYMENTS,MOBILE,1,43133.92,43133.92,44133.92,44633.92,1500,PREMIUM MIDRANGE PHONE
27-09-2021,2021-2022,2,P/M/A57,CREDIT,MOBILE,1,7026.78,7026.78,7526.78,8026.78,1000,BUDGET PHONE
28-09-2021,2021-2022,2,P/M/A23,CREDIT,MOBILE,1,650,650,750,1250,600,BUDGET PHONE
28-09-2021,2021-2022,2,P/M/A23,DEBIT,MOBILE,1,650,650,750,1250,600,BUDGET PHONE
28-09-2021,2021-2022,2,P/M/A57,MOBILE PAYMENTS,MOBILE,1,7026.78,7026.78,7526.78,8026.78,1000,BUDGET PHONE
28-09-2021,2021-2022,2,P/M/A59,MOBILE PAYMENTS,MOBILE,1,10991.08,10991.08,11991.08,12491.08,1500,BUDGET PHONE
28-09-2021,2021-2022,2,P/M/A75,DEBIT,MOBILE,1,59125,59125,60125,60625,1500,FLAGSHIP PHONE
28-09-2021,2021-2022,2,P/M/A75,CREDIT,MOBILE,1,59125,59125,60125,60625,1500,FLAGSHIP PHONE
29-09-2022,2022-2023,2,P/A/47,DEBIT,ACCESSORY,1,1518.64,1518.64,1618.64,2118.64,600,WIRELESS HEADSET
29-09-2021,2021-2022,2,P/M/A55,DEBIT,MOBILE,1,5875,5875,6375,6875,1000,BUDGET PHONE
30-09-2021,2021-2022,2,P/M/A24,CASH,MOBILE,1,873.22,873.22,973.22,1473.22,600,BUDGET PHONE
30-09-2021,2021-2022,2,P/M/A60,DEBIT,MOBILE,1,12776.78,12776.78,13776.78,14276.78,1500,BUDGET PHONE
30-09-2021,2021-2022,2,P/M/A75,MOBILE PAYMENTS,MOBILE,1,59125,59125,60125,60625,1500,FLAGSHIP PHONE
4/9/2021,2021-2022,2,P/M/A9,CREDIT,MOBILE,1,15448.3,15448.3,16448.3,16948.3,1500,MIDRANGE PHONE
30-09-2021,2021-2022,2,P/M/A9,CREDIT,MOBILE,1,15448.3,15448.3,16448.3,16948.3,1500,MIDRANGE PHONE
30-09-2021,2021-2022,2,P/M/A9,DEBIT,MOBILE,1,15448.3,15448.3,16448.3,16948.3,1500,MIDRANGE PHONE
11/9/2021,2021-2022,2,P/M/A9,CREDIT,MOBILE,1,15448.31,15448.31,16448.31,16948.31,1500,MIDRANGE PHONE
17-09-2021,2021-2022,2,P/M/A9,MOBILE PAYMENTS,MOBILE,1,15448.31,15448.31,16448.31,16948.31,1500,MIDRANGE PHONE
4/7/2021,2021-2022,2,P/M/A64,DEBIT,MOBILE,1,15455.36,15455.36,16455.36,16955.36,1500,MIDRANGE PHONE
8/7/2021,2021-2022,2,P/M/A64,CREDIT,MOBILE,1,15455.36,15455.36,16455.36,16955.36,1500,MIDRANGE PHONE
11/7/2021,2021-2022,2,P/M/A64,MOBILE PAYMENTS,MOBILE,1,15455.36,15455.36,16455.36,16955.36,1500,MIDRANGE PHONE
12/7/2021,2021-2022,2,P/M/A64,CASH,MOBILE,1,15455.36,15455.36,16455.36,16955.36,1500,MIDRANGE PHONE
14-07-2021,2021-2022,2,P/M/A64,DEBIT,MOBILE,1,15455.36,15455.36,16455.36,16955.36,1500,MIDRANGE PHONE
14-07-2021,2021-2022,2,P/M/A64,CREDIT,MOBILE,1,15455.36,15455.36,16455.36,16955.36,1500,MIDRANGE PHONE
14-07-2021,2021-2022,2,P/M/A64,DEBIT,MOBILE,1,15455.36,15455.36,16455.36,16955.36,1500,MIDRANGE PHONE
18-07-2021,2021-2022,2,P/M/A64,CREDIT,MOBILE,1,15455.36,15455.36,16455.36,16955.36,1500,MIDRANGE PHONE
18-07-2021,2021-2022,2,P/M/A64,CASH,MOBILE,1,15455.36,15455.36,16455.36,16955.36,1500,MIDRANGE PHONE
19-07-2021,2021-2022,2,P/M/A64,DEBIT,MOBILE,1,15455.36,15455.36,16455.36,16955.36,1500,MIDRANGE PHONE
21-07-2021,2021-2022,2,P/M/A64,CASH,MOBILE,1,15455.36,15455.36,16455.36,16955.36,1500,MIDRANGE PHONE
23-07-2021,2021-2022,2,P/M/A64,CREDIT,MOBILE,1,15455.36,15455.36,16455.36,16955.36,1500,MIDRANGE PHONE
24-07-2021,2021-2022,2,P/M/A64,MOBILE PAYMENTS,MOBILE,1,15455.36,15455.36,16455.36,16955.36,1500,MIDRANGE PHONE
25-07-2021,2021-2022,2,P/M/A64,DEBIT,MOBILE,1,15455.36,15455.36,16455.36,16955.36,1500,MIDRANGE PHONE
26-07-2021,2021-2022,2,P/M/A64,DEBIT,MOBILE,1,15455.36,15455.36,16455.36,16955.36,1500,MIDRANGE PHONE
29-07-2021,2021-2022,2,P/M/A64,CASH,MOBILE,1,15455.36,15455.36,16455.36,16955.36,1500,MIDRANGE PHONE
30-07-2021,2021-2022,2,P/M/A64,DEBIT,MOBILE,1,15455.36,15455.36,16455.36,16955.36,1500,MIDRANGE PHONE
30-07-2021,2021-2022,2,P/M/A64,MOBILE PAYMENTS,MOBILE,1,15455.36,15455.36,16455.36,16955.36,1500,MIDRANGE PHONE
30-07-2021,2021-2022,2,P/M/A64,DEBIT,MOBILE,1,15455.36,15455.36,16455.36,16955.36,1500,MIDRANGE PHONE
2/8/2021,2021-2022,2,P/M/A64,MOBILE PAYMENTS,MOBILE,1,15455.36,15455.36,16455.36,16955.36,1500,MIDRANGE PHONE
2/8/2021,2021-2022,2,P/M/A64,DEBIT,MOBILE,1,15455.36,15455.36,16455.36,16955.36,1500,MIDRANGE PHONE
2/8/2021,2021-2022,2,P/M/A64,MOBILE PAYMENTS,MOBILE,1,15455.36,15455.36,16455.36,16955.36,1500,MIDRANGE PHONE
3/8/2021,2021-2022,2,P/M/A64,CREDIT,MOBILE,1,15455.36,15455.36,16455.36,16955.36,1500,MIDRANGE PHONE
4/8/2021,2021-2022,2,P/M/A64,MOBILE PAYMENTS,MOBILE,1,15455.36,15455.36,16455.36,16955.36,1500,MIDRANGE PHONE
5/8/2021,2021-2022,2,P/M/A64,CASH,MOBILE,1,15455.36,15455.36,16455.36,16955.36,1500,MIDRANGE PHONE
5/8/2021,2021-2022,2,P/M/A64,MOBILE PAYMENTS,MOBILE,1,15455.36,15455.36,16455.36,16955.36,1500,MIDRANGE PHONE
6/8/2021,2021-2022,2,P/M/A64,MOBILE PAYMENTS,MOBILE,1,15455.36,15455.36,16455.36,16955.36,1500,MIDRANGE PHONE
7/8/2021,2021-2022,2,P/M/A64,MOBILE PAYMENTS,MOBILE,1,15455.36,15455.36,16455.36,16955.36,1500,MIDRANGE PHONE
7/8/2021,2021-2022,2,P/M/A64,MOBILE PAYMENTS,MOBILE,1,15455.36,15455.36,16455.36,16955.36,1500,MIDRANGE PHONE
14-08-2021,2021-2022,2,P/M/A64,MOBILE PAYMENTS,MOBILE,1,15455.36,15455.36,16455.36,16955.36,1500,MIDRANGE PHONE
16-08-2021,2021-2022,2,P/M/A64,CASH,MOBILE,1,15455.36,15455.36,16455.36,16955.36,1500,MIDRANGE PHONE
16-08-2021,2021-2022,2,P/M/A64,DEBIT,MOBILE,1,15455.36,15455.36,16455.36,16955.36,1500,MIDRANGE PHONE
18-08-2021,2021-2022,2,P/M/A64,CREDIT,MOBILE,1,15455.36,15455.36,16455.36,16955.36,1500,MIDRANGE PHONE
18-08-2021,2021-2022,2,P/M/A64,CREDIT,MOBILE,1,15455.36,15455.36,16455.36,16955.36,1500,MIDRANGE PHONE
19-08-2021,2021-2022,2,P/M/A64,CASH,MOBILE,1,15455.36,15455.36,16455.36,16955.36,1500,MIDRANGE PHONE
20-08-2021,2021-2022,2,P/M/A64,CREDIT,MOBILE,1,15455.36,15455.36,16455.36,16955.36,1500,MIDRANGE PHONE
21-08-2021,2021-2022,2,P/M/A64,CASH,MOBILE,1,15455.36,15455.36,16455.36,16955.36,1500,MIDRANGE PHONE
27-08-2021,2021-2022,2,P/M/A9,MOBILE PAYMENTS,MOBILE,1,15777.12,15777.12,16777.12,17277.12,1500,MIDRANGE PHONE
6/7/2021,2021-2022,2,P/M/A11,CREDIT,MOBILE,1,15835.6,15835.6,16835.6,17335.6,1500,MIDRANGE PHONE
3/7/2021,2021-2022,2,P/M/A9,CREDIT,MOBILE,1,16295.76,16295.76,17295.76,17795.76,1500,MIDRANGE PHONE
4/7/2021,2021-2022,2,P/M/A9,DEBIT,MOBILE,1,16295.76,16295.76,17295.76,17795.76,1500,MIDRANGE PHONE
5/7/2021,2021-2022,2,P/M/A9,MOBILE PAYMENTS,MOBILE,1,16295.76,16295.76,17295.76,17795.76,1500,MIDRANGE PHONE
8/7/2021,2021-2022,2,P/M/A9,DEBIT,MOBILE,1,16295.76,16295.76,17295.76,17795.76,1500,MIDRANGE PHONE
9/7/2021,2021-2022,2,P/M/A9,DEBIT,MOBILE,1,16295.76,16295.76,17295.76,17795.76,1500,MIDRANGE PHONE
9/7/2021,2021-2022,2,P/M/A9,MOBILE PAYMENTS,MOBILE,1,16295.76,16295.76,17295.76,17795.76,1500,MIDRANGE PHONE
10/7/2021,2021-2022,2,P/M/A9,CREDIT,MOBILE,1,16295.76,16295.76,17295.76,17795.76,1500,MIDRANGE PHONE
24-07-2021,2021-2022,2,P/M/A9,MOBILE PAYMENTS,MOBILE,1,16295.76,16295.76,17295.76,17795.76,1500,MIDRANGE PHONE
27-07-2021,2021-2022,2,P/M/A9,CASH,MOBILE,1,16295.76,16295.76,17295.76,17795.76,1500,MIDRANGE PHONE
28-07-2021,2021-2022,2,P/M/A9,CASH,MOBILE,1,16295.76,16295.76,17295.76,17795.76,1500,MIDRANGE PHONE
31-07-2021,2021-2022,2,P/M/A9,CREDIT,MOBILE,1,16295.76,16295.76,17295.76,17795.76,1500,MIDRANGE PHONE
31-07-2021,2021-2022,2,P/M/A9,CASH,MOBILE,1,16295.76,16295.76,17295.76,17795.76,1500,MIDRANGE PHONE
5/8/2021,2021-2022,2,P/M/A9,DEBIT,MOBILE,1,16295.76,16295.76,17295.76,17795.76,1500,MIDRANGE PHONE
5/8/2021,2021-2022,2,P/M/A9,MOBILE PAYMENTS,MOBILE,1,16295.76,16295.76,17295.76,17795.76,1500,MIDRANGE PHONE
17-08-2021,2021-2022,2,P/M/A9,CASH,MOBILE,1,16295.76,16295.76,17295.76,17795.76,1500,MIDRANGE PHONE
18-08-2021,2021-2022,2,P/M/A9,DEBIT,MOBILE,1,16295.76,16295.76,17295.76,17795.76,1500,MIDRANGE PHONE
20-08-2021,2021-2022,2,P/M/A9,MOBILE PAYMENTS,MOBILE,1,16295.76,16295.76,17295.76,17795.76,1500,MIDRANGE PHONE
25-08-2021,2021-2022,2,P/M/A9,MOBILE PAYMENTS,MOBILE,1,16295.76,16295.76,17295.76,17795.76,1500,MIDRANGE PHONE
28-08-2021,2021-2022,2,P/M/A9,DEBIT,MOBILE,1,16295.76,16295.76,17295.76,17795.76,1500,MIDRANGE PHONE
31-08-2021,2021-2022,2,P/M/A9,MOBILE PAYMENTS,MOBILE,1,16295.76,16295.76,17295.76,17795.76,1500,MIDRANGE PHONE
31-08-2021,2021-2022,2,P/M/A9,MOBILE PAYMENTS,MOBILE,1,16295.76,16295.76,17295.76,17795.76,1500,MIDRANGE PHONE
8/9/2021,2021-2022,2,P/M/A9,MOBILE PAYMENTS,MOBILE,1,16295.76,16295.76,17295.76,17795.76,1500,MIDRANGE PHONE
1/7/2021,2021-2022,2,P/M/A10,DEBIT,MOBILE,1,16348.22,16348.22,17348.22,17848.22,1500,MIDRANGE PHONE
5/7/2021,2021-2022,2,P/M/A11,DEBIT,MOBILE,1,16355.93,16355.93,17355.93,17855.93,1500,MIDRANGE PHONE
5/7/2021,2021-2022,2,P/M/A11,MOBILE PAYMENTS,MOBILE,1,16355.94,16355.94,17355.94,17855.94,1500,MIDRANGE PHONE
30-07-2021,2021-2022,2,P/M/A11,CREDIT,MOBILE,1,16355.94,16355.94,17355.94,17855.94,1500,MIDRANGE PHONE
1/7/2021,2021-2022,2,P/M/A9,DEBIT,MOBILE,1,17143.22,17143.22,18143.22,18643.22,1500,MIDRANGE PHONE
3/7/2021,2021-2022,2,P/M/A9,CASH,MOBILE,1,17143.22,17143.22,18143.22,18643.22,1500,MIDRANGE PHONE
8/7/2021,2021-2022,2,P/M/A9,CREDIT,MOBILE,1,17143.22,17143.22,18143.22,18643.22,1500,MIDRANGE PHONE
9/7/2021,2021-2022,2,P/M/A9,MOBILE PAYMENTS,MOBILE,1,17143.22,17143.22,18143.22,18643.22,1500,MIDRANGE PHONE
13-07-2021,2021-2022,2,P/M/A9,CREDIT,MOBILE,1,17143.22,17143.22,18143.22,18643.22,1500,MIDRANGE PHONE
15-07-2021,2021-2022,2,P/M/A12,DEBIT,MOBILE,1,17990.68,17990.68,18990.68,19490.68,1500,MIDRANGE PHONE
17-09-2021,2021-2022,2,P/M/A12,CREDIT,MOBILE,1,17991.52,17991.52,18991.52,19491.52,1500,MIDRANGE PHONE
30-08-2021,2021-2022,2,P/M/A14,DEBIT,MOBILE,1,18133.92,18133.92,19133.92,19633.92,1500,MIDRANGE PHONE
30-08-2021,2021-2022,2,P/M/A14,DEBIT,MOBILE,1,18133.92,18133.92,19133.92,19633.92,1500,MIDRANGE PHONE
2/9/2021,2021-2022,2,P/M/A14,DEBIT,MOBILE,1,18133.92,18133.92,19133.92,19633.92,1500,MIDRANGE PHONE
2/9/2021,2021-2022,2,P/M/A14,CREDIT,MOBILE,1,18133.92,18133.92,19133.92,19633.92,1500,MIDRANGE PHONE
2/9/2021,2021-2022,2,P/M/A14,MOBILE PAYMENTS,MOBILE,1,18133.92,18133.92,19133.92,19633.92,1500,MIDRANGE PHONE
6/9/2021,2021-2022,2,P/M/A14,CREDIT,MOBILE,1,18133.92,18133.92,19133.92,19633.92,1500,MIDRANGE PHONE
7/9/2021,2021-2022,2,P/M/A14,MOBILE PAYMENTS,MOBILE,1,18133.92,18133.92,19133.92,19633.92,1500,MIDRANGE PHONE
8/9/2021,2021-2022,2,P/M/A14,CREDIT,MOBILE,1,18133.92,18133.92,19133.92,19633.92,1500,MIDRANGE PHONE
9/9/2021,2021-2022,2,P/M/A14,CREDIT,MOBILE,1,18133.92,18133.92,19133.92,19633.92,1500,MIDRANGE PHONE
20-09-2021,2021-2022,2,P/M/A14,MOBILE PAYMENTS,MOBILE,1,18133.92,18133.92,19133.92,19633.92,1500,MIDRANGE PHONE
20-09-2021,2021-2022,2,P/M/A14,MOBILE PAYMENTS,MOBILE,1,18133.92,18133.92,19133.92,19633.92,1500,MIDRANGE PHONE
21-09-2021,2021-2022,2,P/M/A14,CREDIT,MOBILE,1,18133.92,18133.92,19133.92,19633.92,1500,MIDRANGE PHONE
21-09-2021,2021-2022,2,P/M/A14,DEBIT,MOBILE,1,18133.92,18133.92,19133.92,19633.92,1500,MIDRANGE PHONE
23-09-2021,2021-2022,2,P/M/A14,CREDIT,MOBILE,1,18133.92,18133.92,19133.92,19633.92,1500,MIDRANGE PHONE
28-09-2021,2021-2022,2,P/M/A14,MOBILE PAYMENTS,MOBILE,1,18133.92,18133.92,19133.92,19633.92,1500,MIDRANGE PHONE
15-08-2021,2021-2022,2,P/M/A14,DEBIT,MOBILE,1,18187.5,18187.5,19187.5,19687.5,1500,MIDRANGE PHONE
16-07-2021,2021-2022,2,P/M/A13,CASH,MOBILE,1,18428.58,18428.58,19428.58,19928.58,1500,MIDRANGE PHONE
22-07-2021,2021-2022,2,P/M/A13,DEBIT,MOBILE,1,18428.58,18428.58,19428.58,19928.58,1500,MIDRANGE PHONE
26-07-2021,2021-2022,2,P/M/A13,DEBIT,MOBILE,1,18428.58,18428.58,19428.58,19928.58,1500,MIDRANGE PHONE
28-07-2021,2021-2022,2,P/M/A13,MOBILE PAYMENTS,MOBILE,1,18428.58,18428.58,19428.58,19928.58,1500,MIDRANGE PHONE
2/8/2021,2021-2022,2,P/M/A13,DEBIT,MOBILE,1,18428.58,18428.58,19428.58,19928.58,1500,MIDRANGE PHONE
12/8/2021,2021-2022,2,P/M/A13,CREDIT,MOBILE,1,18428.58,18428.58,19428.58,19928.58,1500,MIDRANGE PHONE
18-08-2021,2021-2022,2,P/M/A13,CASH,MOBILE,1,18428.58,18428.58,19428.58,19928.58,1500,MIDRANGE PHONE
20-08-2021,2021-2022,2,P/M/A13,MOBILE PAYMENTS,MOBILE,1,18428.58,18428.58,19428.58,19928.58,1500,MIDRANGE PHONE
12/9/2021,2021-2022,2,P/M/A13,DEBIT,MOBILE,1,18428.58,18428.58,19428.58,19928.58,1500,MIDRANGE PHONE
21-09-2021,2021-2022,2,P/M/A13,DEBIT,MOBILE,1,18428.58,18428.58,19428.58,19928.58,1500,MIDRANGE PHONE
19-07-2021,2021-2022,2,P/M/A13,CREDIT,MOBILE,1,18455.36,18455.36,19455.36,19955.36,1500,MIDRANGE PHONE
3/8/2021,2021-2022,2,P/M/A12,CREDIT,MOBILE,1,18838.14,18838.14,19838.14,20338.14,1500,MIDRANGE PHONE
8/9/2021,2021-2022,2,P/M/A12,DEBIT,MOBILE,1,18838.14,18838.14,19838.14,20338.14,1500,MIDRANGE PHONE
17-08-2021,2021-2022,2,P/M/A12,DEBIT,MOBILE,1,18838.98,18838.98,19838.98,20338.98,1500,MIDRANGE PHONE
18-08-2021,2021-2022,2,P/M/A12,DEBIT,MOBILE,1,18838.98,18838.98,19838.98,20338.98,1500,MIDRANGE PHONE
26-08-2021,2021-2022,2,P/M/A12,CASH,MOBILE,1,18838.98,18838.98,19838.98,20338.98,1500,MIDRANGE PHONE
31-08-2021,2021-2022,2,P/M/A12,MOBILE PAYMENTS,MOBILE,1,18838.98,18838.98,19838.98,20338.98,1500,MIDRANGE PHONE
5/7/2021,2021-2022,2,P/M/A13,DEBIT,MOBILE,1,19026.78,19026.78,20026.78,20526.78,1500,MIDRANGE PHONE
13-07-2021,2021-2022,2,P/M/A13,MOBILE PAYMENTS,MOBILE,1,19026.79,19026.79,20026.79,20526.79,1500,MIDRANGE PHONE
8/9/2021,2021-2022,2,P/M/A12,DEBIT,MOBILE,1,19261.86,19261.86,20261.86,20761.86,1500,MIDRANGE PHONE
27-09-2021,2021-2022,2,P/M/A12,CREDIT,MOBILE,1,19261.86,19261.86,20261.86,20761.86,1500,MIDRANGE PHONE
27-09-2021,2021-2022,2,P/M/A12,CASH,MOBILE,1,19261.86,19261.86,20261.86,20761.86,1500,MIDRANGE PHONE
18-08-2021,2021-2022,2,P/M/A14,CREDIT,MOBILE,1,19303.58,19303.58,20303.58,20803.58,1500,MIDRANGE PHONE
18-08-2021,2021-2022,2,P/M/A14,CREDIT,MOBILE,1,19303.58,19303.58,20303.58,20803.58,1500,MIDRANGE PHONE
18-08-2021,2021-2022,2,P/M/A14,CREDIT,MOBILE,1,19303.58,19303.58,20303.58,20803.58,1500,MIDRANGE PHONE
19-08-2021,2021-2022,2,P/M/A14,DEBIT,MOBILE,1,19303.58,19303.58,20303.58,20803.58,1500,MIDRANGE PHONE
19-08-2021,2021-2022,2,P/M/A14,MOBILE PAYMENTS,MOBILE,1,19303.58,19303.58,20303.58,20803.58,1500,MIDRANGE PHONE
19-08-2021,2021-2022,2,P/M/A14,MOBILE PAYMENTS,MOBILE,1,19303.58,19303.58,20303.58,20803.58,1500,MIDRANGE PHONE
19-08-2021,2021-2022,2,P/M/A14,MOBILE PAYMENTS,MOBILE,1,19303.58,19303.58,20303.58,20803.58,1500,MIDRANGE PHONE
19-08-2021,2021-2022,2,P/M/A14,CREDIT,MOBILE,1,19303.58,19303.58,20303.58,20803.58,1500,MIDRANGE PHONE
21-08-2021,2021-2022,2,P/M/A14,DEBIT,MOBILE,1,19303.58,19303.58,20303.58,20803.58,1500,MIDRANGE PHONE
25-08-2021,2021-2022,2,P/M/A14,DEBIT,MOBILE,1,19303.58,19303.58,20303.58,20803.58,1500,MIDRANGE PHONE
26-08-2021,2021-2022,2,P/M/A15,CREDIT,MOBILE,1,19303.58,19303.58,20303.58,20803.58,1500,MIDRANGE PHONE
24-08-2021,2021-2022,2,P/M/A72,DEBIT,MOBILE,1,19685.6,19685.6,20685.6,21185.6,1500,MIDRANGE PHONE
7/7/2021,2021-2022,2,P/M/A12,CREDIT,MOBILE,1,22898.3,22898.3,23898.3,24398.3,1500,MIDRANGE PHONE
7/7/2021,2021-2022,2,P/M/A12,CASH,MOBILE,1,22898.3,22898.3,23898.3,24398.3,1500,MIDRANGE PHONE
8/7/2021,2021-2022,2,P/M/A12,CREDIT,MOBILE,1,22898.3,22898.3,23898.3,24398.3,1500,MIDRANGE PHONE
8/7/2021,2021-2022,2,P/M/A12,DEBIT,MOBILE,1,22898.3,22898.3,23898.3,24398.3,1500,MIDRANGE PHONE
8/7/2021,2021-2022,2,P/M/A12,CASH,MOBILE,1,22898.3,22898.3,23898.3,24398.3,1500,MIDRANGE PHONE
13-07-2021,2021-2022,2,P/M/A12,CREDIT,MOBILE,1,22898.3,22898.3,23898.3,24398.3,1500,MIDRANGE PHONE
12/8/2021,2021-2022,2,P/M/A12,MOBILE PAYMENTS,MOBILE,1,22898.3,22898.3,23898.3,24398.3,1500,MIDRANGE PHONE
11/8/2021,2021-2022,2,P/M/A12,MOBILE PAYMENTS,MOBILE,1,22898.3,22898.3,23898.3,24398.3,1500,MIDRANGE PHONE
13-08-2021,2021-2022,2,P/M/A12,DEBIT,MOBILE,1,22898.3,22898.3,23898.3,24398.3,1500,MIDRANGE PHONE
13-07-2021,2021-2022,2,P/M/A14,CASH,MOBILE,1,19919.64,19919.64,20919.64,21419.64,1500,MIDRANGE PHONE
13-07-2021,2021-2022,2,P/M/A14,DEBIT,MOBILE,1,19919.64,19919.64,20919.64,21419.64,1500,MIDRANGE PHONE
14-07-2021,2021-2022,2,P/M/A14,CASH,MOBILE,1,19919.64,19919.64,20919.64,21419.64,1500,MIDRANGE PHONE
18-07-2021,2021-2022,2,P/M/A14,DEBIT,MOBILE,1,19919.64,19919.64,20919.64,21419.64,1500,MIDRANGE PHONE
19-07-2021,2021-2022,2,P/M/A14,DEBIT,MOBILE,1,19919.64,19919.64,20919.64,21419.64,1500,MIDRANGE PHONE
19-07-2021,2021-2022,2,P/M/A14,CASH,MOBILE,1,19919.64,19919.64,20919.64,21419.64,1500,MIDRANGE PHONE
22-07-2021,2021-2022,2,P/M/A14,CASH,MOBILE,1,19919.64,19919.64,20919.64,21419.64,1500,MIDRANGE PHONE
22-07-2021,2021-2022,2,P/M/A14,CASH,MOBILE,1,19919.64,19919.64,20919.64,21419.64,1500,MIDRANGE PHONE
25-07-2021,2021-2022,2,P/M/A14,CREDIT,MOBILE,1,19919.64,19919.64,20919.64,21419.64,1500,MIDRANGE PHONE
26-07-2021,2021-2022,2,P/M/A14,CREDIT,MOBILE,1,19919.64,19919.64,20919.64,21419.64,1500,MIDRANGE PHONE
27-07-2021,2021-2022,2,P/M/A14,DEBIT,MOBILE,1,19919.64,19919.64,20919.64,21419.64,1500,MIDRANGE PHONE
27-07-2021,2021-2022,2,P/M/A14,DEBIT,MOBILE,1,19919.64,19919.64,20919.64,21419.64,1500,MIDRANGE PHONE
2/8/2021,2021-2022,2,P/M/A14,CASH,MOBILE,1,19919.64,19919.64,20919.64,21419.64,1500,MIDRANGE PHONE
4/8/2021,2021-2022,2,P/M/A14,DEBIT,MOBILE,1,19919.64,19919.64,20919.64,21419.64,1500,MIDRANGE PHONE
4/8/2021,2021-2022,2,P/M/A14,DEBIT,MOBILE,1,19919.64,19919.64,20919.64,21419.64,1500,MIDRANGE PHONE
5/8/2021,2021-2022,2,P/M/A14,DEBIT,MOBILE,1,19919.64,19919.64,20919.64,21419.64,1500,MIDRANGE PHONE
5/8/2021,2021-2022,2,P/M/A14,CREDIT,MOBILE,1,19919.64,19919.64,20919.64,21419.64,1500,MIDRANGE PHONE
5/8/2021,2021-2022,2,P/M/A14,DEBIT,MOBILE,1,19919.64,19919.64,20919.64,21419.64,1500,MIDRANGE PHONE
9/8/2021,2021-2022,2,P/M/A14,DEBIT,MOBILE,1,19919.64,19919.64,20919.64,21419.64,1500,MIDRANGE PHONE
14-08-2021,2021-2022,2,P/M/A14,DEBIT,MOBILE,1,19919.64,19919.64,20919.64,21419.64,1500,MIDRANGE PHONE
15-08-2021,2021-2022,2,P/M/A14,CREDIT,MOBILE,1,19919.64,19919.64,20919.64,21419.64,1500,MIDRANGE PHONE
16-08-2021,2021-2022,2,P/M/A14,DEBIT,MOBILE,1,19919.64,19919.64,20919.64,21419.64,1500,MIDRANGE PHONE
10/9/2021,2021-2022,2,P/M/A20,DEBIT,MOBILE,1,19919.64,19919.64,20919.64,21419.64,1500,MIDRANGE PHONE
27-08-2021,2021-2022,2,P/M/A12,DEBIT,MOBILE,1,20533.06,20533.06,21533.06,22033.06,1500,MIDRANGE PHONE
1/9/2021,2021-2022,2,P/M/A27,DEBIT,MOBILE,1,20732.14,20732.14,21732.14,22232.14,1500,MIDRANGE PHONE
15-07-2021,2021-2022,2,P/M/A18,DEBIT,MOBILE,1,20951.78,20951.78,21951.78,22451.78,1500,MIDRANGE PHONE
27-07-2021,2021-2022,2,P/M/A12,CASH,MOBILE,1,21380.5,21380.5,22380.5,22880.5,1500,MIDRANGE PHONE
14-08-2021,2021-2022,2,P/M/A72,CREDIT,MOBILE,1,21380.5,21380.5,22380.5,22880.5,1500,MIDRANGE PHONE
5/8/2021,2021-2022,2,P/M/A14,CREDIT,MOBILE,1,21705.36,21705.36,22705.36,23205.36,1500,MIDRANGE PHONE
5/9/2021,2021-2022,2,P/M/A14,CASH,MOBILE,1,21705.36,21705.36,22705.36,23205.36,1500,MIDRANGE PHONE
1/7/2021,2021-2022,2,P/M/A4,DEBIT,MOBILE,1,8872.88,8872.88,9372.88,9872.88,1000,BUDGET PHONE
9/7/2021,2021-2022,2,P/M/A12,CREDIT,MOBILE,1,22227.96,22227.96,23227.96,23727.96,1500,MIDRANGE PHONE
24-08-2021,2021-2022,2,P/M/A17,CREDIT,MOBILE,1,23499.15,23499.15,24499.15,24999.15,1500,MIDRANGE PHONE
2/7/2021,2021-2022,2,P/M/A4,CASH,MOBILE,1,9516.1,9516.1,10516.1,11016.1,1500,BUDGET PHONE
2/7/2021,2021-2022,2,P/M/A4,CREDIT,MOBILE,2,9401.69,18803.38,9901.69,20803.38,2000,BUDGET PHONE
2/7/2021,2021-2022,2,P/M/A66,CASH,MOBILE,1,6626.28,6626.28,7126.28,7626.28,1000,BUDGET PHONE
2/7/2021,2021-2022,2,P/M/A69,MOBILE PAYMENTS,MOBILE,1,11892.38,11892.38,12892.38,13392.38,1500,BUDGET PHONE
2/7/2021,2021-2022,2,P/M/A8,DEBIT,MOBILE,1,12784.74,12784.74,13784.74,14284.74,1500,BUDGET PHONE
2/7/2021,2021-2022,2,P/M/A8,CASH,MOBILE,1,12784.74,12784.74,13784.74,14284.74,1500,BUDGET PHONE
3/7/2021,2021-2022,2,P/M/A50,MOBILE PAYMENTS,MOBILE,1,57821.18,57821.18,58821.18,59321.18,1500,FLAGSHIP PHONE
3/7/2021,2021-2022,2,P/M/A66,MOBILE PAYMENTS,MOBILE,1,6626.28,6626.28,7126.28,7626.28,1000,BUDGET PHONE
3/7/2021,2021-2022,2,P/M/A69,CASH,MOBILE,1,11892.38,11892.38,12892.38,13392.38,1500,BUDGET PHONE
8/9/2021,2021-2022,2,P/M/A17,MOBILE PAYMENTS,MOBILE,1,23499.16,23499.16,24499.16,24999.16,1500,MIDRANGE PHONE
11/9/2021,2021-2022,2,P/M/A17,CREDIT,MOBILE,1,23499.16,23499.16,24499.16,24999.16,1500,MIDRANGE PHONE
4/7/2021,2021-2022,2,P/M/A5,MOBILE PAYMENTS,MOBILE,1,12482.2,12482.2,13482.2,13982.2,1500,BUDGET PHONE
4/7/2021,2021-2022,2,P/M/A8,DEBIT,MOBILE,2,11892.37,23784.74,12892.37,26784.74,3000,BUDGET PHONE
4/7/2021,2021-2022,2,P/M/A8,CASH,MOBILE,1,12058.48,12058.48,13058.48,13558.48,1500,BUDGET PHONE
21-09-2021,2021-2022,2,P/M/A17,CASH,MOBILE,1,23499.16,23499.16,24499.16,24999.16,1500,MIDRANGE PHONE
5/7/2021,2021-2022,2,P/M/A2,CREDIT,MOBILE,2,6800.85,13601.7,7300.85,15601.7,2000,BUDGET PHONE
5/7/2021,2021-2022,2,P/M/A23,CREDIT,MOBILE,1,628.82,628.82,728.82,1228.82,600,BUDGET PHONE
6/7/2021,2021-2022,2,P/M/A67,MOBILE PAYMENTS,MOBILE,1,8321.18,8321.18,8821.18,9321.18,1000,BUDGET PHONE
6/7/2021,2021-2022,2,P/M/A8,DEBIT,MOBILE,1,12784.74,12784.74,13784.74,14284.74,1500,BUDGET PHONE
8/7/2022,2022-2023,2,P/A/22,DEBIT,ACCESSORY,1,408.48,408.48,508.48,1008.48,600,CHARGER 
8/7/2021,2021-2022,2,P/M/A12,MOBILE PAYMENTS,MOBILE,4,19303.39,77213.56,20303.39,83213.56,6000,MIDRANGE PHONE
8/7/2021,2021-2022,2,P/M/A2,DEBIT,MOBILE,4,6800.84,27203.36,7300.84,31203.38,4000,BUDGET PHONE
8/7/2021,2021-2022,2,P/M/A36,DEBIT,MOBILE,1,40872.04,40872.04,41872.04,42372.04,1500,PREMIUM MIDRANGE PHONE
8/7/2021,2021-2022,2,P/M/A4,MOBILE PAYMENTS,MOBILE,1,9423.72,9423.72,9923.72,10423.72,1000,BUDGET PHONE
8/7/2021,2021-2022,2,P/M/A4,CASH,MOBILE,1,10105.93,10105.93,11105.93,11605.93,1500,BUDGET PHONE
8/7/2021,2021-2022,2,P/M/A47,CREDIT,MOBILE,1,58244.92,58244.92,59244.92,59744.92,1500,FLAGSHIP PHONE
8/7/2021,2021-2022,2,P/M/A48,CREDIT,MOBILE,1,63939.84,63939.84,64939.84,65439.84,1500,FLAGSHIP PHONE
8/7/2021,2021-2022,2,P/M/A48,MOBILE PAYMENTS,MOBILE,1,64600.84,64600.84,65600.84,66100.84,1500,FLAGSHIP PHONE
8/7/2021,2021-2022,2,P/M/A48,DEBIT,MOBILE,1,64600.84,64600.84,65600.84,66100.84,1500,FLAGSHIP PHONE
8/7/2021,2021-2022,2,P/M/A67,MOBILE PAYMENTS,MOBILE,1,8321.18,8321.18,8821.18,9321.18,1000,BUDGET PHONE
8/7/2021,2021-2022,2,P/M/A73,DEBIT,MOBILE,1,32397.46,32397.46,33397.46,33897.46,1500,PREMIUM MIDRANGE PHONE
9/7/2022,2022-2023,2,P/A/22,MOBILE PAYMENTS,ACCESSORY,1,408.48,408.48,508.48,1008.48,600,CHARGER 
9/7/2021,2021-2022,2,P/M/A73,DEBIT,MOBILE,1,32397.46,32397.46,33397.46,33897.46,1500,PREMIUM MIDRANGE PHONE
10/7/2022,2022-2023,2,P/A/21,CREDIT,ACCESSORY,1,408.48,408.48,508.48,1008.48,600,CHARGER 
10/7/2022,2022-2023,2,P/A/21,DEBIT,ACCESSORY,1,408.48,408.48,508.48,1008.48,600,CHARGER 
10/7/2021,2021-2022,2,P/M/A46,DEBIT,MOBILE,1,52652.54,52652.54,53652.54,54152.54,1500,FLAGSHIP PHONE
10/7/2021,2021-2022,2,P/M/A67,MOBILE PAYMENTS,MOBILE,1,9516.1,9516.1,10516.1,11016.1,1500,BUDGET PHONE
10/7/2021,2021-2022,2,P/M/A76,DEBIT,MOBILE,1,60872.88,60872.88,61872.88,62372.88,1500,FLAGSHIP PHONE
10/7/2021,2021-2022,2,P/M/A77,DEBIT,MOBILE,1,38330.5,38330.5,39330.5,39830.5,1500,PREMIUM MIDRANGE PHONE
13-07-2021,2021-2022,2,P/M/A5,MOBILE PAYMENTS,MOBILE,1,12482.2,12482.2,13482.2,13982.2,1500,BUDGET PHONE
13-07-2021,2021-2022,2,P/M/A67,DEBIT,MOBILE,1,8321.18,8321.18,8821.18,9321.18,1000,BUDGET PHONE
13-07-2021,2021-2022,2,P/M/A69,CREDIT,MOBILE,1,11892.38,11892.38,12892.38,13392.38,1500,BUDGET PHONE
15-07-2021,2021-2022,2,P/M/A49,MOBILE PAYMENTS,MOBILE,1,101550,101550,102550,103050,1500,LUXURY PHONE
15-07-2021,2021-2022,2,P/M/A5,CREDIT,MOBILE,1,101550,101550,102550,103050,1500,LUXURY PHONE
15-07-2021,2021-2022,2,P/M/A67,CREDIT,MOBILE,1,101550,101550,102550,103050,1500,LUXURY PHONE
16-07-2021,2021-2022,2,P/M/A5,CREDIT,MOBILE,1,101550,101550,102550,103050,1500,LUXURY PHONE
17-07-2021,2021-2022,2,P/M/A66,CREDIT,MOBILE,1,101550,101550,102550,103050,1500,LUXURY PHONE
17-07-2021,2021-2022,2,P/M/A9,CREDIT,MOBILE,1,101550,101550,102550,103050,1500,LUXURY PHONE
20-07-2022,2022-2023,2,P/A/22,MOBILE PAYMENTS,ACCESSORY,1,101550,101550,102550,103050,1500,CHARGER 
20-07-2021,2021-2022,2,P/M/A5,CREDIT,MOBILE,1,101550,101550,102550,103050,1500,LUXURY PHONE
20-07-2021,2021-2022,2,P/M/A66,CREDIT,MOBILE,1,101550,101550,102550,103050,1500,LUXURY PHONE
20-07-2021,2021-2022,2,P/M/A66,CREDIT,MOBILE,1,101550,101550,102550,103050,1500,LUXURY PHONE
20-07-2021,2021-2022,2,P/M/A67,CREDIT,MOBILE,1,101550,101550,102550,103050,1500,LUXURY PHONE
20-07-2021,2021-2022,2,P/M/A9,MOBILE PAYMENTS,MOBILE,1,101550,101550,102550,103050,1500,LUXURY PHONE
20-07-2021,2021-2022,2,P/M/A9,MOBILE PAYMENTS,MOBILE,1,101550,101550,102550,103050,1500,LUXURY PHONE
20-07-2021,2021-2022,2,P/M/A9,DEBIT,MOBILE,1,101550,101550,102550,103050,1500,LUXURY PHONE
21-07-2021,2021-2022,2,P/M/A9,DEBIT,MOBILE,1,101550,101550,102550,103050,1500,LUXURY PHONE
22-07-2021,2021-2022,2,P/M/A12,CREDIT,MOBILE,1,101550,101550,102550,103050,1500,LUXURY PHONE
22-07-2021,2021-2022,2,P/M/A12,CREDIT,MOBILE,1,101550,101550,102550,103050,1500,LUXURY PHONE
22-07-2021,2021-2022,2,P/M/A35,CREDIT,MOBILE,1,101550,101550,102550,103050,1500,LUXURY PHONE
22-07-2021,2021-2022,2,P/M/A9,CREDIT,MOBILE,1,101550,101550,102550,103050,1500,LUXURY PHONE
23-07-2021,2021-2022,2,P/M/A23,CREDIT,MOBILE,1,101550,101550,102550,103050,1500,LUXURY PHONE
23-07-2021,2021-2022,2,P/M/A48,CREDIT,MOBILE,1,101550,101550,102550,103050,1500,LUXURY PHONE
24-07-2021,2021-2022,2,P/M/A12,MOBILE PAYMENTS,MOBILE,1,101550,101550,102550,103050,1500,LUXURY PHONE
24-07-2021,2021-2022,2,P/M/A12,DEBIT,MOBILE,1,101550,101550,102550,103050,1500,LUXURY PHONE
24-07-2021,2021-2022,2,P/M/A17,MOBILE PAYMENTS,MOBILE,1,101550,101550,102550,103050,1500,LUXURY PHONE
24-07-2021,2021-2022,2,P/M/A47,CREDIT,MOBILE,3,57605.93,172817.79,58605.93,103050,-69768,FLAGSHIP PHONE
24-07-2021,2021-2022,2,P/M/A73,MOBILE PAYMENTS,MOBILE,1,32397.46,32397.46,33397.46,33897.46,1500,PREMIUM MIDRANGE PHONE
27-07-2021,2021-2022,2,P/M/A66,CREDIT,MOBILE,1,6118.64,6118.64,6618.64,7118.64,1000,BUDGET PHONE
28-07-2021,2021-2022,2,P/M/A5,MOBILE PAYMENTS,MOBILE,1,11211.02,11211.02,12211.02,12711.02,1500,BUDGET PHONE
29-07-2021,2021-2022,2,P/M/A5,MOBILE PAYMENTS,MOBILE,1,12058.48,12058.48,13058.48,13558.48,1500,BUDGET PHONE
29-07-2021,2021-2022,2,P/M/A5,DEBIT,MOBILE,1,12058.47,12058.47,13058.47,13558.47,1500,BUDGET PHONE
30-07-2021,2021-2022,2,P/M/A5,CREDIT,MOBILE,1,12058.48,12058.48,13058.48,13558.48,1500,BUDGET PHONE
3/8/2021,2021-2022,2,P/M/A65,CASH,MOBILE,1,4762.72,4762.72,5262.72,5762.72,1000,BUDGET PHONE
4/8/2022,2022-2023,2,P/A/35,CASH,ACCESSORY,1,1688.14,1688.14,1788.14,2288.14,600,COVER
5/8/2021,2021-2022,2,P/M/A67,DEBIT,MOBILE,1,9516.1,9516.1,10516.1,11016.1,1500,BUDGET PHONE
7/8/2021,2021-2022,2,P/M/A65,MOBILE PAYMENTS,MOBILE,1,4593.22,4593.22,5093.22,5593.22,1000,BUDGET PHONE
7/8/2021,2021-2022,2,P/M/A73,CREDIT,MOBILE,1,31764.4,31764.4,32764.4,33264.4,1500,PREMIUM MIDRANGE PHONE
10/8/2021,2021-2022,2,P/M/A5,DEBIT,MOBILE,1,11211.02,11211.02,12211.02,12711.02,1500,BUDGET PHONE
10/8/2021,2021-2022,2,P/M/A50,DEBIT,MOBILE,1,57821.18,57821.18,58821.18,59321.18,1500,FLAGSHIP PHONE
10/8/2021,2021-2022,2,P/M/A67,DEBIT,MOBILE,1,8321.18,8321.18,8821.18,9321.18,1000,BUDGET PHONE
10/8/2021,2021-2022,2,P/M/A67,CREDIT,MOBILE,1,9516.1,9516.1,10516.1,11016.1,1500,BUDGET PHONE
10/8/2021,2021-2022,2,P/M/A69,CREDIT,MOBILE,1,11892.38,11892.38,12892.38,13392.38,1500,BUDGET PHONE
11/8/2021,2021-2022,2,P/M/A67,MOBILE PAYMENTS,MOBILE,1,9516.1,9516.1,10516.1,11016.1,1500,BUDGET PHONE
11/8/2021,2021-2022,2,P/M/A76,DEBIT,MOBILE,1,34093.22,34093.22,35093.22,35593.22,1500,PREMIUM MIDRANGE PHONE
12/8/2021,2021-2022,2,P/M/A67,CREDIT,MOBILE,1,9516.1,9516.1,10516.1,11016.1,1500,BUDGET PHONE
13-08-2021,2021-2022,2,P/M/A5,DEBIT,MOBILE,1,11211.02,11211.02,12211.02,12711.02,1500,BUDGET PHONE
13-08-2021,2021-2022,2,P/M/A67,CASH,MOBILE,1,8491.52,8491.52,8991.52,9491.52,1000,BUDGET PHONE
14-08-2021,2021-2022,2,P/M/A49,CREDIT,MOBILE,1,101550,101550,102550,103050,1500,LUXURY PHONE
14-08-2021,2021-2022,2,P/M/A66,MOBILE PAYMENTS,MOBILE,1,6203.38,6203.38,6703.38,7203.38,1000,BUDGET PHONE
17-08-2022,2022-2023,2,P/A/44,CASH,ACCESSORY,1,8321.18,8321.18,8821.18,9321.18,1000,WIRELESS EARPHONES
17-08-2021,2021-2022,2,P/M/A65,CASH,MOBILE,1,4169.5,4169.5,4669.5,5169.5,1000,BUDGET PHONE
17-08-2021,2021-2022,2,P/M/A65,MOBILE PAYMENTS,MOBILE,1,4330.5,4330.5,4830.5,5330.5,1000,BUDGET PHONE
17-08-2021,2021-2022,2,P/M/A67,MOBILE PAYMENTS,MOBILE,1,9516.1,9516.1,10516.1,11016.1,1500,BUDGET PHONE
18-08-2022,2022-2023,2,P/A/22,CASH,ACCESSORY,1,408.48,408.48,508.48,1008.48,600,CHARGER 
18-08-2022,2022-2023,2,P/A/47,CREDIT,ACCESSORY,1,1603.39,1603.39,1703.39,2203.39,600,WIRELESS HEADSET
18-08-2022,2022-2023,2,P/A/47,DEBIT,ACCESSORY,1,1941.52,1941.52,2041.52,2541.52,600,WIRELESS HEADSET
19-08-2021,2021-2022,2,P/M/A2,DEBIT,MOBILE,1,7033.9,7033.9,7533.9,8033.9,1000,BUDGET PHONE
19-08-2021,2021-2022,2,P/M/A67,DEBIT,MOBILE,1,9516.1,9516.1,10516.1,11016.1,1500,BUDGET PHONE
20-08-2021,2021-2022,2,P/M/A66,CREDIT,MOBILE,1,6118.64,6118.64,6618.64,7118.64,1000,BUDGET PHONE
20-08-2021,2021-2022,2,P/M/A66,MOBILE PAYMENTS,MOBILE,1,6288.14,6288.14,6788.14,7288.14,1000,BUDGET PHONE
21-08-2021,2021-2022,2,P/M/A47,MOBILE PAYMENTS,MOBILE,1,58244.92,58244.92,59244.92,59744.92,1500,FLAGSHIP PHONE
25-08-2022,2022-2023,2,P/A/35,DEBIT,ACCESSORY,1,2111.86,2111.86,2211.86,2711.86,600,COVER
25-08-2021,2021-2022,2,P/M/A79,DEBIT,MOBILE,1,101550,101550,102550,103050,1500,LUXURY PHONE
25-08-2021,2021-2022,2,P/M/A79,CREDIT,MOBILE,1,101550,101550,102550,103050,1500,LUXURY PHONE
25-08-2021,2021-2022,2,P/M/A79,CREDIT,MOBILE,1,101550,101550,102550,103050,1500,LUXURY PHONE
25-08-2021,2021-2022,2,P/M/A79,MOBILE PAYMENTS,MOBILE,1,101550,101550,102550,103050,1500,LUXURY PHONE
26-08-2022,2022-2023,2,P/A/22,DEBIT,ACCESSORY,1,408.48,408.48,508.48,1008.48,600,CHARGER 
26-08-2021,2021-2022,2,P/M/A67,DEBIT,MOBILE,1,9940.68,9940.68,10940.68,11440.68,1500,BUDGET PHONE
26-08-2021,2021-2022,2,P/M/A78,MOBILE PAYMENTS,MOBILE,1,64600.84,64600.84,65600.84,66100.84,1500,FLAGSHIP PHONE
26-08-2021,2021-2022,2,P/M/A79,CREDIT,MOBILE,1,101550,101550,102550,103050,1500,LUXURY PHONE
26-08-2021,2021-2022,2,P/M/A79,MOBILE PAYMENTS,MOBILE,1,101550,101550,102550,103050,1500,LUXURY PHONE
27-08-2022,2022-2023,2,P/A/47,CREDIT,ACCESSORY,1,1391.53,1391.53,1491.53,1991.53,600,WIRELESS HEADSET
27-08-2021,2021-2022,2,P/M/A66,CASH,MOBILE,1,6203.38,6203.38,6703.38,7203.38,1000,BUDGET PHONE
27-08-2021,2021-2022,2,P/M/A79,MOBILE PAYMENTS,MOBILE,1,101550,101550,102550,103050,1500,LUXURY PHONE
28-08-2022,2022-2023,2,P/A/30,CREDIT,ACCESSORY,1,3237.28,3237.28,3737.28,4237.28,1000,COVER
28-08-2022,2022-2023,2,P/A/44,CREDIT,ACCESSORY,1,3237.28,3237.28,3737.28,4237.28,1000,WIRELESS EARPHONES
28-08-2022,2022-2023,2,P/A/5,CREDIT,ACCESSORY,1,9169.5,9169.5,9669.5,10169.5,1000,GALAXY WATCH
28-08-2021,2021-2022,2,P/M/A5,DEBIT,MOBILE,1,12482.2,12482.2,13482.2,13982.2,1500,BUDGET PHONE
28-08-2021,2021-2022,2,P/M/A5,CREDIT,MOBILE,1,12897.46,12897.46,13897.46,14397.46,1500,BUDGET PHONE
28-08-2021,2021-2022,2,P/M/A5,MOBILE PAYMENTS,MOBILE,1,11211.02,11211.02,12211.02,12711.02,1500,BUDGET PHONE
28-08-2021,2021-2022,2,P/M/A66,MOBILE PAYMENTS,MOBILE,1,6626.28,6626.28,7126.28,7626.28,1000,BUDGET PHONE
28-08-2021,2021-2022,2,P/M/A66,DEBIT,MOBILE,1,6288.14,6288.14,6788.14,7288.14,1000,BUDGET PHONE
28-08-2021,2021-2022,2,P/M/A67,MOBILE PAYMENTS,MOBILE,1,9516.1,9516.1,10516.1,11016.1,1500,BUDGET PHONE
28-08-2021,2021-2022,2,P/M/A79,MOBILE PAYMENTS,MOBILE,1,101550,101550,102550,103050,1500,LUXURY PHONE
31-08-2022,2022-2023,2,P/A/22,CREDIT,ACCESSORY,1,408.48,408.48,508.48,1008.48,600,CHARGER 
31-08-2021,2021-2022,2,P/M/A77,CREDIT,MOBILE,1,69034.74,69034.74,70034.74,70534.74,1500,FLAGSHIP PHONE
31-08-2021,2021-2022,2,P/M/A79,DEBIT,MOBILE,1,101550,101550,102550,103050,1500,LUXURY PHONE
1/9/2022,2022-2023,2,P/A/6,CREDIT,ACCESSORY,1,26033.9,26033.9,27033.9,27533.9,1500,GALAXY WATCH
1/9/2021,2021-2022,2,P/M/A5,DEBIT,MOBILE,1,11203.38,11203.38,12203.38,12703.38,1500,BUDGET PHONE
2/9/2022,2022-2023,2,P/T/S2,MOBILE PAYMENTS,TABLET,1,9161.02,9161.02,9661.02,10161.02,1000,BUDGET TABLET
3/9/2022,2022-2023,2,P/A/47,MOBILE PAYMENTS,ACCESSORY,1,1518.64,1518.64,1618.64,2118.64,600,WIRELESS HEADSET
3/9/2021,2021-2022,2,P/M/A24,DEBIT,MOBILE,1,849.16,849.16,949.16,1449.16,600,BUDGET PHONE
3/9/2021,2021-2022,2,P/M/A73,CREDIT,MOBILE,1,32397.46,32397.46,33397.46,33897.46,1500,PREMIUM MIDRANGE PHONE
4/9/2021,2021-2022,2,P/M/A78,MOBILE PAYMENTS,MOBILE,1,64600.84,64600.84,65600.84,66100.84,1500,FLAGSHIP PHONE
5/9/2021,2021-2022,2,P/M/A5,DEBIT,MOBILE,1,11211.02,11211.02,12211.02,12711.02,1500,BUDGET PHONE
7/9/2022,2022-2023,2,P/A/22,MOBILE PAYMENTS,ACCESSORY,1,408.48,408.48,508.48,1008.48,600,CHARGER 
7/9/2021,2021-2022,2,P/M/A67,DEBIT,MOBILE,1,9728.82,9728.82,10728.82,11228.82,1500,BUDGET PHONE
7/9/2021,2021-2022,2,P/M/A79,DEBIT,MOBILE,1,101550,101550,102550,103050,1500,LUXURY PHONE
8/9/2021,2021-2022,2,P/M/A23,CASH,MOBILE,1,628.82,628.82,728.82,1228.82,600,BUDGET PHONE
8/9/2021,2021-2022,2,P/M/A23,CASH,MOBILE,1,628.82,628.82,728.82,1228.82,600,BUDGET PHONE
8/9/2021,2021-2022,2,P/M/A23,DEBIT,MOBILE,1,628.82,628.82,728.82,1228.82,600,BUDGET PHONE
8/9/2021,2021-2022,2,P/M/A35,CASH,MOBILE,1,39177.12,39177.12,40177.12,40677.12,1500,PREMIUM MIDRANGE PHONE
8/9/2022,2022-2023,2,P/T/S2,CREDIT,TABLET,1,9161.02,9161.02,9661.02,10161.02,1000,BUDGET TABLET
9/9/2021,2021-2022,2,P/M/A48,DEBIT,MOBILE,1,64600.84,64600.84,65600.84,66100.84,1500,FLAGSHIP PHONE
9/9/2021,2021-2022,2,P/M/A5,CASH,MOBILE,1,11211.02,11211.02,12211.02,12711.02,1500,BUDGET PHONE
9/9/2021,2021-2022,2,P/M/A5,DEBIT,MOBILE,1,12482.2,12482.2,13482.2,13982.2,1500,BUDGET PHONE
9/9/2021,2021-2022,2,P/M/A78,CREDIT,MOBILE,1,64600.85,64600.85,65600.85,66100.85,1500,FLAGSHIP PHONE
10/9/2022,2022-2023,2,P/A/22,DEBIT,ACCESSORY,1,408.48,408.48,508.48,1008.48,600,CHARGER 
10/9/2022,2022-2023,2,P/A/35,CREDIT,ACCESSORY,1,1306.78,1306.78,1406.78,1906.78,600,COVER
10/9/2021,2021-2022,2,P/M/A5,CREDIT,MOBILE,1,11211.86,11211.86,12211.86,12711.86,1500,BUDGET PHONE
10/9/2021,2021-2022,2,P/M/A79,MOBILE PAYMENTS,MOBILE,1,101550,101550,102550,103050,1500,LUXURY PHONE
11/9/2021,2021-2022,2,P/M/A66,MOBILE PAYMENTS,MOBILE,1,5991.52,5991.52,6491.52,6991.52,1000,BUDGET PHONE
12/9/2022,2022-2023,2,P/A/10,CREDIT,ACCESSORY,1,48152.54,48152.54,49152.54,49652.54,1500,GALAXY WATCH
12/9/2021,2021-2022,2,P/M/A48,MOBILE PAYMENTS,MOBILE,1,64600.84,64600.84,65600.84,66100.84,1500,FLAGSHIP PHONE
13-09-2021,2021-2022,2,P/M/A5,CASH,MOBILE,1,11211.86,11211.86,12211.86,12711.86,1500,BUDGET PHONE
14-09-2021,2021-2022,2,P/M/A24,CREDIT,MOBILE,1,849.16,849.16,949.16,1449.16,600,BUDGET PHONE
15-09-2021,2021-2022,2,P/M/A81,MOBILE PAYMENTS,MOBILE,1,10999,10999,11999,12499,1500,BUDGET PHONE
16-09-2021,2021-2022,2,P/M/A5,CASH,MOBILE,1,11211.02,11211.02,12211.02,12711.02,1500,BUDGET PHONE
17-09-2022,2022-2023,2,P/A/35,CASH,ACCESSORY,1,1603.38,1603.38,1703.38,2203.38,600,COVER
17-09-2022,2022-2023,2,P/A/35,CASH,ACCESSORY,1,1603.38,1603.38,1703.38,2203.38,600,COVER
17-09-2021,2021-2022,2,P/M/A23,MOBILE PAYMENTS,MOBILE,1,628.82,628.82,728.82,1228.82,600,BUDGET PHONE
18-09-2022,2022-2023,2,P/A/44,MOBILE PAYMENTS,ACCESSORY,1,6618.64,6618.64,7118.64,7618.64,1000,WIRELESS EARPHONES
19-09-2021,2021-2022,2,P/M/A67,MOBILE PAYMENTS,MOBILE,1,9168.64,9168.64,9668.64,10168.64,1000,BUDGET PHONE
20-09-2022,2022-2023,2,P/A/47,DEBIT,ACCESSORY,1,1518.64,1518.64,1618.64,2118.64,600,WIRELESS HEADSET
20-09-2021,2021-2022,2,P/M/A78,DEBIT,MOBILE,1,64600.84,64600.84,65600.84,66100.84,1500,FLAGSHIP PHONE
21-09-2022,2022-2023,2,P/A/10,CREDIT,ACCESSORY,1,48152.54,48152.54,49152.54,49652.54,1500,GALAXY WATCH
21-09-2021,2021-2022,2,P/M/A67,CREDIT,MOBILE,1,9516.1,9516.1,10516.1,11016.1,1500,BUDGET PHONE
22-09-2021,2021-2022,2,P/M/A2,DEBIT,MOBILE,1,7033.9,7033.9,7533.9,8033.9,1000,BUDGET PHONE
22-09-2021,2021-2022,2,P/M/A67,DEBIT,MOBILE,1,9516.1,9516.1,10516.1,11016.1,1500,BUDGET PHONE
23-09-2021,2021-2022,2,P/M/A5,DEBIT,MOBILE,1,12482.2,12482.2,13482.2,13982.2,1500,BUDGET PHONE
23-09-2021,2021-2022,2,P/M/A66,CASH,MOBILE,1,5778.82,5778.82,6278.82,6778.82,1000,BUDGET PHONE
25-09-2021,2021-2022,2,P/M/A73,DEBIT,MOBILE,1,32397.46,32397.46,33397.46,33897.46,1500,PREMIUM MIDRANGE PHONE
26-09-2022,2022-2023,2,P/T/S2,CREDIT,TABLET,1,9161.02,9161.02,9661.02,10161.02,1000,BUDGET TABLET
27-09-2022,2022-2023,2,P/A/44,MOBILE PAYMENTS,ACCESSORY,1,6627.12,6627.12,7127.12,7627.12,1000,WIRELESS EARPHONES
27-09-2021,2021-2022,2,P/M/A5,DEBIT,MOBILE,1,11211.02,11211.02,12211.02,12711.02,1500,BUDGET PHONE
27-09-2021,2021-2022,2,P/M/A67,DEBIT,MOBILE,1,9168.64,9168.64,9668.64,10168.64,1000,BUDGET PHONE
29-09-2021,2021-2022,2,P/M/A5,CREDIT,MOBILE,1,11211.02,11211.02,12211.02,12711.02,1500,BUDGET PHONE
29-09-2021,2021-2022,2,P/M/A67,CASH,MOBILE,1,9254.24,9254.24,9754.24,10254.24,1000,BUDGET PHONE
14-07-2021,2021-2022,2,P/M/A37,MOBILE PAYMENTS,MOBILE,1,24571.42,24571.42,25571.42,26071.42,1500,MIDRANGE PHONE
10/7/2021,2021-2022,2,P/M/A17,CREDIT,MOBILE,1,24770.34,24770.34,25770.34,26270.34,1500,MIDRANGE PHONE
28-07-2021,2021-2022,2,P/M/A17,CREDIT,MOBILE,1,24770.34,24770.34,25770.34,26270.34,1500,MIDRANGE PHONE
29-07-2021,2021-2022,2,P/M/A17,CREDIT,MOBILE,1,24770.34,24770.34,25770.34,26270.34,1500,MIDRANGE PHONE
6/8/2021,2021-2022,2,P/M/A17,MOBILE PAYMENTS,MOBILE,1,24770.34,24770.34,25770.34,26270.34,1500,MIDRANGE PHONE
14-08-2021,2021-2022,2,P/M/A17,CREDIT,MOBILE,1,24770.34,24770.34,25770.34,26270.34,1500,MIDRANGE PHONE
24-08-2021,2021-2022,2,P/M/A17,CASH,MOBILE,1,24770.34,24770.34,25770.34,26270.34,1500,MIDRANGE PHONE
28-07-2021,2021-2022,2,P/M/A80,DEBIT,MOBILE,1,27617.8,27617.8,28617.8,29117.8,1500,MIDRANGE PHONE
31-08-2021,2021-2022,2,P/M/A80,MOBILE PAYMENTS,MOBILE,1,27617.8,27617.8,28617.8,29117.8,1500,MIDRANGE PHONE
4/9/2021,2021-2022,2,P/M/A80,DEBIT,MOBILE,1,27617.8,27617.8,28617.8,29117.8,1500,MIDRANGE PHONE
12/9/2021,2021-2022,2,P/M/A80,MOBILE PAYMENTS,MOBILE,1,27617.8,27617.8,28617.8,29117.8,1500,MIDRANGE PHONE
18-09-2021,2021-2022,2,P/M/A80,CREDIT,MOBILE,1,27617.8,27617.8,28617.8,29117.8,1500,MIDRANGE PHONE
25-09-2021,2021-2022,2,P/M/A80,CASH,MOBILE,1,27617.8,27617.8,28617.8,29117.8,1500,MIDRANGE PHONE
25-09-2021,2021-2022,2,P/M/A80,CREDIT,MOBILE,1,27617.8,27617.8,28617.8,29117.8,1500,MIDRANGE PHONE
2/7/2021,2021-2022,2,P/M/A17,MOBILE PAYMENTS,MOBILE,1,25650.84,25650.84,26650.84,27150.84,1500,MIDRANGE PHONE
7/7/2021,2021-2022,2,P/M/A19,DEBIT,MOBILE,1,26169.64,26169.64,27169.64,27669.64,1500,MIDRANGE PHONE
13-07-2021,2021-2022,2,P/M/A19,CREDIT,MOBILE,1,26169.64,26169.64,27169.64,27669.64,1500,MIDRANGE PHONE
20-07-2021,2021-2022,2,P/M/A19,DEBIT,MOBILE,1,26169.64,26169.64,27169.64,27669.64,1500,MIDRANGE PHONE
12/8/2021,2021-2022,2,P/M/A19,DEBIT,MOBILE,1,26169.64,26169.64,27169.64,27669.64,1500,MIDRANGE PHONE
26-08-2021,2021-2022,2,P/M/A19,CREDIT,MOBILE,1,26169.64,26169.64,27169.64,27669.64,1500,MIDRANGE PHONE
8/9/2021,2021-2022,2,P/M/A19,DEBIT,MOBILE,1,26169.64,26169.64,27169.64,27669.64,1500,MIDRANGE PHONE
10/7/2021,2021-2022,2,P/M/A17,MOBILE PAYMENTS,MOBILE,1,26465.25,26465.25,27465.25,27965.25,1500,MIDRANGE PHONE
2/7/2021,2021-2022,2,P/M/A17,CASH,MOBILE,1,26465.26,26465.26,27465.26,27965.26,1500,MIDRANGE PHONE
8/7/2021,2021-2022,2,P/M/A17,CASH,MOBILE,1,26465.26,26465.26,27465.26,27965.26,1500,MIDRANGE PHONE
8/7/2021,2021-2022,2,P/M/A17,MOBILE PAYMENTS,MOBILE,1,26465.26,26465.26,27465.26,27965.26,1500,MIDRANGE PHONE
3/8/2021,2021-2022,2,P/M/A17,CREDIT,MOBILE,1,26465.26,26465.26,27465.26,27965.26,1500,MIDRANGE PHONE
8/7/2021,2021-2022,2,P/M/A17,DEBIT,MOBILE,1,26466.1,26466.1,27466.1,27966.1,1500,MIDRANGE PHONE
12/11/2021,2021-2022,3,P/M/A64,MOBILE PAYMENTS,MOBILE,1,13669.64,13669.64,14669.64,15169.64,1500,MIDRANGE PHONE
11/11/2021,2021-2022,3,P/M/A9,MOBILE PAYMENTS,MOBILE,1,23753.38,23753.38,24753.38,25253.38,1500,MIDRANGE PHONE
31-12-2021,2021-2022,3,P/M/A9,DEBIT,MOBILE,1,23753.38,23753.38,24753.38,25253.38,1500,MIDRANGE PHONE
16-11-2021,2021-2022,3,P/M/A64,CASH,MOBILE,1,14125,14125,15125,15625,1500,MIDRANGE PHONE
17-11-2021,2021-2022,3,P/M/A70,DEBIT,MOBILE,1,14177.12,14177.12,15177.12,15677.12,1500,MIDRANGE PHONE
2/10/2021,2021-2022,3,P/M/A64,DEBIT,MOBILE,1,14562.5,14562.5,15562.5,16062.5,1500,MIDRANGE PHONE
6/10/2021,2021-2022,3,P/M/A64,CASH,MOBILE,1,14562.5,14562.5,15562.5,16062.5,1500,MIDRANGE PHONE
9/10/2021,2021-2022,3,P/M/A64,CREDIT,MOBILE,1,14562.5,14562.5,15562.5,16062.5,1500,MIDRANGE PHONE
21-10-2021,2021-2022,3,P/M/A64,MOBILE PAYMENTS,MOBILE,1,14562.5,14562.5,15562.5,16062.5,1500,MIDRANGE PHONE
5/11/2021,2021-2022,3,P/M/A64,DEBIT,MOBILE,1,14562.5,14562.5,15562.5,16062.5,1500,MIDRANGE PHONE
6/11/2021,2021-2022,3,P/M/A64,CREDIT,MOBILE,1,14562.5,14562.5,15562.5,16062.5,1500,MIDRANGE PHONE
14-11-2021,2021-2022,3,P/M/A64,CASH,MOBILE,1,14562.5,14562.5,15562.5,16062.5,1500,MIDRANGE PHONE
15-11-2021,2021-2022,3,P/M/A64,CREDIT,MOBILE,1,14562.5,14562.5,15562.5,16062.5,1500,MIDRANGE PHONE
2/12/2021,2021-2022,3,P/M/A64,MOBILE PAYMENTS,MOBILE,1,14562.5,14562.5,15562.5,16062.5,1500,MIDRANGE PHONE
13-12-2021,2021-2022,3,P/M/A9,MOBILE PAYMENTS,MOBILE,1,15364.4,15364.4,16364.4,16864.4,1500,MIDRANGE PHONE
5/11/2021,2021-2022,3,P/M/A63,DEBIT,MOBILE,1,15375,15375,16375,16875,1500,MIDRANGE PHONE
1/10/2021,2021-2022,3,P/M/A56,CREDIT,MOBILE,1,4366.08,4366.08,4866.08,5366.08,1000,BUDGET PHONE
1/10/2021,2021-2022,3,P/M/A58,MOBILE PAYMENTS,MOBILE,1,8526.78,8526.78,9026.78,9526.78,1000,BUDGET PHONE
1/10/2021,2021-2022,3,P/M/A59,CREDIT,MOBILE,1,10991.08,10991.08,11991.08,12491.08,1500,BUDGET PHONE
2/10/2021,2021-2022,3,P/M/A23,MOBILE PAYMENTS,MOBILE,1,650,650,750,1250,600,BUDGET PHONE
2/10/2021,2021-2022,3,P/M/A59,CREDIT,MOBILE,1,10991.08,10991.08,11991.08,12491.08,1500,BUDGET PHONE
2/10/2021,2021-2022,3,P/M/A60,CREDIT,MOBILE,1,12776.78,12776.78,13776.78,14276.78,1500,BUDGET PHONE
2/10/2021,2021-2022,3,P/M/A62,CREDIT,MOBILE,1,12360.72,12360.72,13360.72,13860.72,1500,BUDGET PHONE
3/10/2021,2021-2022,3,P/M/A23,DEBIT,MOBILE,1,650,650,750,1250,600,BUDGET PHONE
3/10/2021,2021-2022,3,P/M/A42,MOBILE PAYMENTS,MOBILE,1,50196.42,50196.42,51196.42,51696.42,1500,FLAGSHIP PHONE
3/10/2021,2021-2022,3,P/M/A57,DEBIT,MOBILE,1,8812.5,8812.5,9312.5,9812.5,1000,BUDGET PHONE
4/10/2021,2021-2022,3,P/M/A58,CASH,MOBILE,1,8464.28,8464.28,8964.28,9464.28,1000,BUDGET PHONE
5/10/2021,2021-2022,3,P/M/A42,MOBILE PAYMENTS,MOBILE,1,53767.86,53767.86,54767.86,55267.86,1500,FLAGSHIP PHONE
5/10/2021,2021-2022,3,P/M/A55,DEBIT,MOBILE,1,5428.58,5428.58,5928.58,6428.58,1000,BUDGET PHONE
6/10/2021,2021-2022,3,P/M/A55,MOBILE PAYMENTS,MOBILE,1,5875,5875,6375,6875,1000,BUDGET PHONE
6/10/2021,2021-2022,3,P/M/A59,CREDIT,MOBILE,1,10991.08,10991.08,11991.08,12491.08,1500,BUDGET PHONE
6/10/2021,2021-2022,3,P/M/A60,CREDIT,MOBILE,1,12776.79,12776.79,13776.79,14276.79,1500,BUDGET PHONE
7/10/2022,2022-2023,3,P/A/15,DEBIT,ACCESSORY,1,416.94,416.94,516.94,1016.94,600,BATTERY
7/10/2022,2022-2023,3,P/A/22,CREDIT,ACCESSORY,1,408.48,408.48,508.48,1008.48,600,CHARGER 
7/10/2022,2022-2023,3,P/A/35,CASH,ACCESSORY,1,1942.38,1942.38,2042.38,2542.38,600,COVER
7/10/2021,2021-2022,3,P/M/A57,MOBILE PAYMENTS,MOBILE,1,8812.5,8812.5,9312.5,9812.5,1000,BUDGET PHONE
7/10/2021,2021-2022,3,P/M/A60,CREDIT,MOBILE,1,12776.78,12776.78,13776.78,14276.78,1500,BUDGET PHONE
8/10/2022,2022-2023,3,P/A/47,CASH,ACCESSORY,1,1349.16,1349.16,1449.16,1949.16,600,WIRELESS HEADSET
8/10/2021,2021-2022,3,P/M/A59,MOBILE PAYMENTS,MOBILE,1,10991.08,10991.08,11991.08,12491.08,1500,BUDGET PHONE
9/10/2022,2022-2023,3,P/A/47,DEBIT,ACCESSORY,1,1518.64,1518.64,1618.64,2118.64,600,WIRELESS HEADSET
9/10/2021,2021-2022,3,P/M/A55,CREDIT,MOBILE,1,5875,5875,6375,6875,1000,BUDGET PHONE
9/10/2021,2021-2022,3,P/M/A75,MOBILE PAYMENTS,MOBILE,1,59125,59125,60125,60625,1500,FLAGSHIP PHONE
10/10/2021,2021-2022,3,P/M/A59,CASH,MOBILE,1,10991.08,10991.08,11991.08,12491.08,1500,BUDGET PHONE
10/10/2021,2021-2022,3,P/M/A59,MOBILE PAYMENTS,MOBILE,1,10991.08,10991.08,11991.08,12491.08,1500,BUDGET PHONE
12/10/2022,2022-2023,3,P/A/47,DEBIT,ACCESSORY,1,1433.9,1433.9,1533.9,2033.9,600,WIRELESS HEADSET
12/10/2021,2021-2022,3,P/M/A59,MOBILE PAYMENTS,MOBILE,1,10627.68,10627.68,11627.68,12127.68,1500,BUDGET PHONE
13-10-2022,2022-2023,3,P/A/35,CASH,ACCESSORY,1,1942.38,1942.38,2042.38,2542.38,600,COVER
13-10-2022,2022-2023,3,P/A/35,CASH,ACCESSORY,1,2195.76,2195.76,2295.76,2795.76,600,COVER
13-10-2021,2021-2022,3,P/M/A42,CREDIT,MOBILE,1,53767.86,53767.86,54767.86,55267.86,1500,FLAGSHIP PHONE
13-10-2021,2021-2022,3,P/M/A57,CREDIT,MOBILE,1,8812.5,8812.5,9312.5,9812.5,1000,BUDGET PHONE
13-10-2021,2021-2022,3,P/M/A59,DEBIT,MOBILE,1,9651.78,9651.78,10651.78,11151.78,1500,BUDGET PHONE
13-10-2021,2021-2022,3,P/M/A59,DEBIT,MOBILE,1,10991.08,10991.08,11991.08,12491.08,1500,BUDGET PHONE
13-10-2021,2021-2022,3,P/M/A60,CREDIT,MOBILE,1,12776.78,12776.78,13776.78,14276.78,1500,BUDGET PHONE
14-10-2021,2021-2022,3,P/M/A23,CREDIT,MOBILE,1,650,650,750,1250,600,BUDGET PHONE
14-10-2021,2021-2022,3,P/M/A57,MOBILE PAYMENTS,MOBILE,1,7026.78,7026.78,7526.78,8026.78,1000,BUDGET PHONE
14-10-2021,2021-2022,3,P/M/A59,MOBILE PAYMENTS,MOBILE,1,9651.78,9651.78,10651.78,11151.78,1500,BUDGET PHONE
14-10-2021,2021-2022,3,P/M/A75,MOBILE PAYMENTS,MOBILE,1,59125,59125,60125,60625,1500,FLAGSHIP PHONE
15-10-2022,2022-2023,3,P/A/38,CREDIT,ACCESSORY,1,1942.38,1942.38,2042.38,2542.38,600,COVER
15-10-2021,2021-2022,3,P/M/A40,DEBIT,MOBILE,1,39562.5,39562.5,40562.5,41062.5,1500,PREMIUM MIDRANGE PHONE
15-10-2021,2021-2022,3,P/M/A43,CREDIT,MOBILE,1,56446.42,56446.42,57446.42,57946.42,1500,FLAGSHIP PHONE
16-10-2022,2022-2023,3,P/A/22,DEBIT,ACCESSORY,1,408.48,408.48,508.48,1008.48,600,CHARGER 
16-10-2021,2021-2022,3,P/M/A25,CASH,MOBILE,1,1208.04,1208.04,1308.04,1808.04,600,BUDGET PHONE
16-10-2021,2021-2022,3,P/M/A57,MOBILE PAYMENTS,MOBILE,1,7026.78,7026.78,7526.78,8026.78,1000,BUDGET PHONE
16-10-2021,2021-2022,3,P/M/A57,DEBIT,MOBILE,1,7026.78,7026.78,7526.78,8026.78,1000,BUDGET PHONE
16-10-2021,2021-2022,3,P/M/A75,CREDIT,MOBILE,1,59125,59125,60125,60625,1500,FLAGSHIP PHONE
1/10/2021,2021-2022,3,P/M/A9,MOBILE PAYMENTS,MOBILE,1,15448.3,15448.3,16448.3,16948.3,1500,MIDRANGE PHONE
17-10-2021,2021-2022,3,P/M/A41,DEBIT,MOBILE,1,46705.36,46705.36,47705.36,48205.36,1500,PREMIUM MIDRANGE PHONE
17-10-2021,2021-2022,3,P/M/A75,CREDIT,MOBILE,1,59125,59125,60125,60625,1500,FLAGSHIP PHONE
18-10-2022,2022-2023,3,P/A/35,CASH,ACCESSORY,1,1688.14,1688.14,1788.14,2288.14,600,COVER
3/10/2021,2021-2022,3,P/M/A9,CASH,MOBILE,1,15448.3,15448.3,16448.3,16948.3,1500,MIDRANGE PHONE
18-10-2021,2021-2022,3,P/M/A75,CREDIT,MOBILE,1,59125,59125,60125,60625,1500,FLAGSHIP PHONE
19-10-2022,2022-2023,3,P/A/47,MOBILE PAYMENTS,ACCESSORY,1,1349.16,1349.16,1449.16,1949.16,600,WIRELESS HEADSET
19-10-2022,2022-2023,3,P/A/47,DEBIT,ACCESSORY,1,1518.64,1518.64,1618.64,2118.64,600,WIRELESS HEADSET
4/10/2021,2021-2022,3,P/M/A9,MOBILE PAYMENTS,MOBILE,1,15448.3,15448.3,16448.3,16948.3,1500,MIDRANGE PHONE
19-10-2021,2021-2022,3,P/M/A59,CREDIT,MOBILE,1,10642.86,10642.86,11642.86,12142.86,1500,BUDGET PHONE
19-10-2021,2021-2022,3,P/M/A60,CASH,MOBILE,1,12776.78,12776.78,13776.78,14276.78,1500,BUDGET PHONE
20-10-2022,2022-2023,3,P/A/38,MOBILE PAYMENTS,ACCESSORY,1,2026.28,2026.28,2126.28,2626.28,600,COVER
20-10-2021,2021-2022,3,P/M/A55,MOBILE PAYMENTS,MOBILE,1,5669.64,5669.64,6169.64,6669.64,1000,BUDGET PHONE
20-10-2021,2021-2022,3,P/M/A75,MOBILE PAYMENTS,MOBILE,1,59125,59125,60125,60625,1500,FLAGSHIP PHONE
20-10-2021,2021-2022,3,P/M/A75,MOBILE PAYMENTS,MOBILE,1,59125,59125,60125,60625,1500,FLAGSHIP PHONE
21-10-2022,2022-2023,3,P/A/26,MOBILE PAYMENTS,ACCESSORY,1,1942.38,1942.38,2042.38,2542.38,600,CHARGER 
21-10-2022,2022-2023,3,P/A/35,CREDIT,ACCESSORY,1,1815.26,1815.26,1915.26,2415.26,600,COVER
21-10-2022,2022-2023,3,P/A/9,MOBILE PAYMENTS,ACCESSORY,1,17983.06,17983.06,18983.06,19483.06,1500,GALAXY WATCH
7/10/2021,2021-2022,3,P/M/A9,DEBIT,MOBILE,1,15448.3,15448.3,16448.3,16948.3,1500,MIDRANGE PHONE
7/10/2021,2021-2022,3,P/M/A9,CREDIT,MOBILE,1,15448.3,15448.3,16448.3,16948.3,1500,MIDRANGE PHONE
21-10-2021,2021-2022,3,P/M/A23,DEBIT,MOBILE,1,650,650,750,1250,600,BUDGET PHONE
21-10-2021,2021-2022,3,P/M/A23,CASH,MOBILE,1,650,650,750,1250,600,BUDGET PHONE
21-10-2021,2021-2022,3,P/M/A23,DEBIT,MOBILE,1,650,650,750,1250,600,BUDGET PHONE
21-10-2021,2021-2022,3,P/M/A55,CREDIT,MOBILE,1,5875,5875,6375,6875,1000,BUDGET PHONE
21-10-2021,2021-2022,3,P/M/A75,DEBIT,MOBILE,1,59125,59125,60125,60625,1500,FLAGSHIP PHONE
22-10-2021,2021-2022,3,P/M/A57,CASH,MOBILE,1,7026.78,7026.78,7526.78,8026.78,1000,BUDGET PHONE
23-10-2022,2022-2023,3,P/A/22,MOBILE PAYMENTS,ACCESSORY,1,408.47,408.47,508.47,1008.47,600,CHARGER 
23-10-2022,2022-2023,3,P/A/35,CREDIT,ACCESSORY,1,1772.88,1772.88,1872.88,2372.88,600,COVER
23-10-2021,2021-2022,3,P/M/A23,MOBILE PAYMENTS,MOBILE,1,650,650,750,1250,600,BUDGET PHONE
23-10-2021,2021-2022,3,P/M/A56,CREDIT,MOBILE,1,4357.14,4357.14,4857.14,5357.14,1000,BUDGET PHONE
24-10-2022,2022-2023,3,P/A/22,MOBILE PAYMENTS,ACCESSORY,1,408.48,408.48,508.48,1008.48,600,CHARGER 
24-10-2022,2022-2023,3,P/A/47,DEBIT,ACCESSORY,1,1349.16,1349.16,1449.16,1949.16,600,WIRELESS HEADSET
24-10-2021,2021-2022,3,P/M/A56,CREDIT,MOBILE,1,4526.78,4526.78,5026.78,5526.78,1000,BUDGET PHONE
24-10-2021,2021-2022,3,P/M/A60,CASH,MOBILE,1,12776.78,12776.78,13776.78,14276.78,1500,BUDGET PHONE
26-10-2022,2022-2023,3,P/A/22,CASH,ACCESSORY,1,408.48,408.48,508.48,1008.48,600,CHARGER 
26-10-2021,2021-2022,3,P/M/A59,MOBILE PAYMENTS,MOBILE,1,9651.78,9651.78,10651.78,11151.78,1500,BUDGET PHONE
26-10-2021,2021-2022,3,P/M/A59,MOBILE PAYMENTS,MOBILE,1,10642.86,10642.86,11642.86,12142.86,1500,BUDGET PHONE
27-10-2022,2022-2023,3,P/A/22,CREDIT,ACCESSORY,1,408.48,408.48,508.48,1008.48,600,CHARGER 
27-10-2022,2022-2023,3,P/A/26,DEBIT,ACCESSORY,1,1984.74,1984.74,2084.74,2584.74,600,CHARGER 
27-10-2022,2022-2023,3,P/A/38,CASH,ACCESSORY,1,1942.38,1942.38,2042.38,2542.38,600,COVER
27-10-2022,2022-2023,3,P/A/7,CREDIT,ACCESSORY,1,5779.66,5779.66,6279.66,6779.66,1000,GALAXY WATCH
13-10-2021,2021-2022,3,P/M/A9,DEBIT,MOBILE,1,15448.3,15448.3,16448.3,16948.3,1500,MIDRANGE PHONE
19-10-2021,2021-2022,3,P/M/A9,CREDIT,MOBILE,1,15448.3,15448.3,16448.3,16948.3,1500,MIDRANGE PHONE
20-10-2021,2021-2022,3,P/M/A9,DEBIT,MOBILE,1,15448.3,15448.3,16448.3,16948.3,1500,MIDRANGE PHONE
27-10-2021,2021-2022,3,P/M/A59,DEBIT,MOBILE,1,10627.68,10627.68,11627.68,12127.68,1500,BUDGET PHONE
27-10-2021,2021-2022,3,P/M/A60,MOBILE PAYMENTS,MOBILE,1,12776.78,12776.78,13776.78,14276.78,1500,BUDGET PHONE
27-10-2021,2021-2022,3,P/M/A60,CREDIT,MOBILE,1,11883.92,11883.92,12883.92,13383.92,1500,BUDGET PHONE
27-10-2021,2021-2022,3,P/M/A60,DEBIT,MOBILE,1,12776.78,12776.78,13776.78,14276.78,1500,BUDGET PHONE
27-10-2021,2021-2022,3,P/M/A75,CREDIT,MOBILE,1,59125,59125,60125,60625,1500,FLAGSHIP PHONE
27-10-2022,2022-2023,3,P/T/S1,CREDIT,TABLET,1,7050.84,7050.84,7550.84,8050.84,1000,BUDGET TABLET
28-10-2022,2022-2023,3,P/A/35,CASH,ACCESSORY,1,1518.64,1518.64,1618.64,2118.64,600,COVER
20-10-2021,2021-2022,3,P/M/A9,DEBIT,MOBILE,1,15448.3,15448.3,16448.3,16948.3,1500,MIDRANGE PHONE
28-10-2021,2021-2022,3,P/M/A24,MOBILE PAYMENTS,MOBILE,1,873.22,873.22,973.22,1473.22,600,BUDGET PHONE
28-10-2021,2021-2022,3,P/M/A57,DEBIT,MOBILE,1,7026.78,7026.78,7526.78,8026.78,1000,BUDGET PHONE
28-10-2021,2021-2022,3,P/M/A75,DEBIT,MOBILE,1,59125,59125,60125,60625,1500,FLAGSHIP PHONE
29-10-2022,2022-2023,3,P/A/3,CREDIT,ACCESSORY,1,23915.26,23915.26,24915.26,25415.26,1500,GALAXY WATCH
29-10-2021,2021-2022,3,P/M/A23,MOBILE PAYMENTS,MOBILE,1,650,650,750,1250,600,BUDGET PHONE
29-10-2021,2021-2022,3,P/M/A24,MOBILE PAYMENTS,MOBILE,1,850.9,850.9,950.9,1450.9,600,BUDGET PHONE
29-10-2021,2021-2022,3,P/M/A57,MOBILE PAYMENTS,MOBILE,1,7026.78,7026.78,7526.78,8026.78,1000,BUDGET PHONE
29-10-2022,2022-2023,3,P/T/S1,CREDIT,TABLET,1,7050.84,7050.84,7550.84,8050.84,1000,BUDGET TABLET
30-10-2022,2022-2023,3,P/A/35,CREDIT,ACCESSORY,1,1603.38,1603.38,1703.38,2203.38,600,COVER
30-10-2021,2021-2022,3,P/M/A43,CREDIT,MOBILE,1,60017.86,60017.86,61017.86,61517.86,1500,FLAGSHIP PHONE
31-10-2022,2022-2023,3,P/A/41,MOBILE PAYMENTS,ACCESSORY,1,1857.62,1857.62,1957.62,2457.62,600,POWER BANK
31-10-2022,2022-2023,3,P/A/47,CREDIT,ACCESSORY,1,1349.16,1349.16,1449.16,1949.16,600,WIRELESS HEADSET
31-10-2021,2021-2022,3,P/M/A42,DEBIT,MOBILE,1,50196.42,50196.42,51196.42,51696.42,1500,FLAGSHIP PHONE
25-10-2021,2021-2022,3,P/M/A9,DEBIT,MOBILE,1,15448.3,15448.3,16448.3,16948.3,1500,MIDRANGE PHONE
25-10-2021,2021-2022,3,P/M/A9,MOBILE PAYMENTS,MOBILE,1,15448.3,15448.3,16448.3,16948.3,1500,MIDRANGE PHONE
30-10-2021,2021-2022,3,P/M/A9,MOBILE PAYMENTS,MOBILE,1,15448.3,15448.3,16448.3,16948.3,1500,MIDRANGE PHONE
1/11/2021,2021-2022,3,P/M/A58,CREDIT,MOBILE,1,8464.28,8464.28,8964.28,9464.28,1000,BUDGET PHONE
2/11/2022,2022-2023,3,P/A/3,DEBIT,ACCESSORY,1,23915.26,23915.26,24915.26,25415.26,1500,GALAXY WATCH
2/11/2022,2022-2023,3,P/A/34,CASH,ACCESSORY,1,5355.08,5355.08,5855.08,6355.08,1000,COVER
1/11/2021,2021-2022,3,P/M/A9,MOBILE PAYMENTS,MOBILE,1,15448.3,15448.3,16448.3,16948.3,1500,MIDRANGE PHONE
2/11/2021,2021-2022,3,P/M/A24,CASH,MOBILE,1,828.58,828.58,928.58,1428.58,600,BUDGET PHONE
2/11/2021,2021-2022,3,P/M/A59,CASH,MOBILE,1,9651.78,9651.78,10651.78,11151.78,1500,BUDGET PHONE
2/11/2021,2021-2022,3,P/M/A60,MOBILE PAYMENTS,MOBILE,1,12776.78,12776.78,13776.78,14276.78,1500,BUDGET PHONE
3/11/2022,2022-2023,3,P/A/3,MOBILE PAYMENTS,ACCESSORY,1,23915.26,23915.26,24915.26,25415.26,1500,GALAXY WATCH
3/11/2022,2022-2023,3,P/A/36,MOBILE PAYMENTS,ACCESSORY,1,1900,1900,2000,2500,600,COVER
1/11/2021,2021-2022,3,P/M/A9,DEBIT,MOBILE,1,15448.3,15448.3,16448.3,16948.3,1500,MIDRANGE PHONE
3/11/2021,2021-2022,3,P/M/A9,CREDIT,MOBILE,1,15448.3,15448.3,16448.3,16948.3,1500,MIDRANGE PHONE
3/11/2021,2021-2022,3,P/M/A56,DEBIT,MOBILE,1,4526.78,4526.78,5026.78,5526.78,1000,BUDGET PHONE
3/11/2021,2021-2022,3,P/M/A75,MOBILE PAYMENTS,MOBILE,1,59125,59125,60125,60625,1500,FLAGSHIP PHONE
4/11/2022,2022-2023,3,P/A/35,DEBIT,ACCESSORY,1,1772.88,1772.88,1872.88,2372.88,600,COVER
4/11/2021,2021-2022,3,P/M/A9,CREDIT,MOBILE,1,15448.3,15448.3,16448.3,16948.3,1500,MIDRANGE PHONE
4/11/2021,2021-2022,3,P/M/A60,MOBILE PAYMENTS,MOBILE,1,12776.78,12776.78,13776.78,14276.78,1500,BUDGET PHONE
5/11/2022,2022-2023,3,P/A/21,CREDIT,ACCESSORY,1,332.2,332.2,432.2,932.2,600,CHARGER 
11/11/2021,2021-2022,3,P/M/A9,DEBIT,MOBILE,1,15448.3,15448.3,16448.3,16948.3,1500,MIDRANGE PHONE
14-11-2021,2021-2022,3,P/M/A9,CREDIT,MOBILE,1,15448.3,15448.3,16448.3,16948.3,1500,MIDRANGE PHONE
17-11-2021,2021-2022,3,P/M/A9,MOBILE PAYMENTS,MOBILE,1,15448.3,15448.3,16448.3,16948.3,1500,MIDRANGE PHONE
5/11/2021,2021-2022,3,P/M/A23,MOBILE PAYMENTS,MOBILE,1,650,650,750,1250,600,BUDGET PHONE
5/11/2021,2021-2022,3,P/M/A43,MOBILE PAYMENTS,MOBILE,1,55553.58,55553.58,56553.58,57053.58,1500,FLAGSHIP PHONE
5/11/2021,2021-2022,3,P/M/A59,MOBILE PAYMENTS,MOBILE,1,9267.86,9267.86,9767.86,10267.86,1000,BUDGET PHONE
18-11-2021,2021-2022,3,P/M/A9,CREDIT,MOBILE,1,15448.3,15448.3,16448.3,16948.3,1500,MIDRANGE PHONE
18-11-2021,2021-2022,3,P/M/A9,MOBILE PAYMENTS,MOBILE,1,15448.3,15448.3,16448.3,16948.3,1500,MIDRANGE PHONE
6/11/2022,2022-2023,3,P/A/16,DEBIT,ACCESSORY,1,924.58,924.58,1024.58,1524.58,600,BATTERY
6/11/2022,2022-2023,3,P/A/46,CREDIT,ACCESSORY,1,9932.2,9932.2,10932.2,11432.2,1500,WIRELESS EARPHONES
12/12/2021,2021-2022,3,P/M/A9,DEBIT,MOBILE,1,15448.3,15448.3,16448.3,16948.3,1500,MIDRANGE PHONE
19-12-2021,2021-2022,3,P/M/A9,DEBIT,MOBILE,1,15448.3,15448.3,16448.3,16948.3,1500,MIDRANGE PHONE
6/11/2021,2021-2022,3,P/M/A59,CREDIT,MOBILE,1,10627.68,10627.68,11627.68,12127.68,1500,BUDGET PHONE
6/11/2021,2021-2022,3,P/M/A59,CASH,MOBILE,1,9651.78,9651.78,10651.78,11151.78,1500,BUDGET PHONE
30-12-2021,2021-2022,3,P/M/A9,CASH,MOBILE,1,15448.3,15448.3,16448.3,16948.3,1500,MIDRANGE PHONE
7/11/2022,2022-2023,3,P/A/22,CASH,ACCESSORY,1,408.48,408.48,508.48,1008.48,600,CHARGER 
7/11/2022,2022-2023,3,P/A/3,MOBILE PAYMENTS,ACCESSORY,1,23915.26,23915.26,24915.26,25415.26,1500,GALAXY WATCH
7/11/2022,2022-2023,3,P/A/35,CREDIT,ACCESSORY,1,1518.64,1518.64,1618.64,2118.64,600,COVER
7/11/2021,2021-2022,3,P/M/A56,MOBILE PAYMENTS,MOBILE,1,4526.78,4526.78,5026.78,5526.78,1000,BUDGET PHONE
7/11/2021,2021-2022,3,P/M/A58,DEBIT,MOBILE,1,6580.36,6580.36,7080.36,7580.36,1000,BUDGET PHONE
7/11/2021,2021-2022,3,P/M/A59,MOBILE PAYMENTS,MOBILE,1,9267.86,9267.86,9767.86,10267.86,1000,BUDGET PHONE
7/11/2021,2021-2022,3,P/M/A59,CREDIT,MOBILE,1,9267.86,9267.86,9767.86,10267.86,1000,BUDGET PHONE
7/11/2021,2021-2022,3,P/M/A59,CREDIT,MOBILE,1,10627.68,10627.68,11627.68,12127.68,1500,BUDGET PHONE
7/11/2021,2021-2022,3,P/M/A60,CASH,MOBILE,1,12776.78,12776.78,13776.78,14276.78,1500,BUDGET PHONE
7/11/2021,2021-2022,3,P/M/A60,CREDIT,MOBILE,1,12776.78,12776.78,13776.78,14276.78,1500,BUDGET PHONE
7/11/2021,2021-2022,3,P/M/A75,DEBIT,MOBILE,1,59125,59125,60125,60625,1500,FLAGSHIP PHONE
8/11/2022,2022-2023,3,P/A/47,MOBILE PAYMENTS,ACCESSORY,1,1391.52,1391.52,1491.52,1991.52,600,WIRELESS HEADSET
31-12-2021,2021-2022,3,P/M/A9,MOBILE PAYMENTS,MOBILE,1,15448.3,15448.3,16448.3,16948.3,1500,MIDRANGE PHONE
8/11/2021,2021-2022,3,P/M/A23,MOBILE PAYMENTS,MOBILE,1,650,650,750,1250,600,BUDGET PHONE
8/11/2021,2021-2022,3,P/M/A55,CASH,MOBILE,1,5875,5875,6375,6875,1000,BUDGET PHONE
8/11/2021,2021-2022,3,P/M/A55,CASH,MOBILE,1,5696.42,5696.42,6196.42,6696.42,1000,BUDGET PHONE
8/11/2021,2021-2022,3,P/M/A60,CREDIT,MOBILE,1,12428.58,12428.58,13428.58,13928.58,1500,BUDGET PHONE
8/11/2021,2021-2022,3,P/M/A60,DEBIT,MOBILE,1,12776.78,12776.78,13776.78,14276.78,1500,BUDGET PHONE
9/11/2022,2022-2023,3,P/A/22,CASH,ACCESSORY,1,332.2,332.2,432.2,932.2,600,CHARGER 
9/11/2022,2022-2023,3,P/A/47,CASH,ACCESSORY,1,1306.78,1306.78,1406.78,1906.78,600,WIRELESS HEADSET
9/11/2021,2021-2022,3,P/M/A55,DEBIT,MOBILE,1,5875,5875,6375,6875,1000,BUDGET PHONE
9/11/2021,2021-2022,3,P/M/A57,MOBILE PAYMENTS,MOBILE,1,6589.28,6589.28,7089.28,7589.28,1000,BUDGET PHONE
10/11/2021,2021-2022,3,P/M/A43,MOBILE PAYMENTS,MOBILE,1,50196.42,50196.42,51196.42,51696.42,1500,FLAGSHIP PHONE
10/11/2021,2021-2022,3,P/M/A59,MOBILE PAYMENTS,MOBILE,2,7526.78,15053.56,8026.78,17053.57,2000,BUDGET PHONE
3/10/2021,2021-2022,3,P/M/A9,DEBIT,MOBILE,1,15448.31,15448.31,16448.31,16948.31,1500,MIDRANGE PHONE
15-12-2021,2021-2022,3,P/M/A9,MOBILE PAYMENTS,MOBILE,1,15448.31,15448.31,16448.31,16948.31,1500,MIDRANGE PHONE
12/11/2022,2022-2023,3,P/A/47,CREDIT,ACCESSORY,1,1349.16,1349.16,1449.16,1949.16,600,WIRELESS HEADSET
12/11/2021,2021-2022,3,P/M/A59,CASH,MOBILE,1,10627.68,10627.68,11627.68,12127.68,1500,BUDGET PHONE
13-11-2022,2022-2023,3,P/A/22,CASH,ACCESSORY,1,408.48,408.48,508.48,1008.48,600,CHARGER 
13-11-2021,2021-2022,3,P/M/A24,CREDIT,MOBILE,1,873.22,873.22,973.22,1473.22,600,BUDGET PHONE
13-11-2021,2021-2022,3,P/M/A42,MOBILE PAYMENTS,MOBILE,1,53767.86,53767.86,54767.86,55267.86,1500,FLAGSHIP PHONE
13-11-2021,2021-2022,3,P/M/A75,MOBILE PAYMENTS,MOBILE,1,59125,59125,60125,60625,1500,FLAGSHIP PHONE
14-11-2022,2022-2023,3,P/A/47,DEBIT,ACCESSORY,1,1391.52,1391.52,1491.52,1991.52,600,WIRELESS HEADSET
14-11-2022,2022-2023,3,P/A/48,DEBIT,ACCESSORY,1,586.44,586.44,686.44,1186.44,600,WIRELESS HEADSET
14-11-2021,2021-2022,3,P/M/A75,MOBILE PAYMENTS,MOBILE,1,59125,59125,60125,60625,1500,FLAGSHIP PHONE
14-11-2021,2021-2022,3,P/M/A75,CREDIT,MOBILE,1,59125,59125,60125,60625,1500,FLAGSHIP PHONE
15-11-2022,2022-2023,3,P/A/22,MOBILE PAYMENTS,ACCESSORY,1,332.2,332.2,432.2,932.2,600,CHARGER 
15-11-2022,2022-2023,3,P/A/9,DEBIT,ACCESSORY,1,17983.06,17983.06,18983.06,19483.06,1500,GALAXY WATCH
15-11-2021,2021-2022,3,P/M/A23,MOBILE PAYMENTS,MOBILE,1,650,650,750,1250,600,BUDGET PHONE
15-11-2021,2021-2022,3,P/M/A42,MOBILE PAYMENTS,MOBILE,1,53767.86,53767.86,54767.86,55267.86,1500,FLAGSHIP PHONE
15-11-2021,2021-2022,3,P/M/A57,MOBILE PAYMENTS,MOBILE,1,7026.78,7026.78,7526.78,8026.78,1000,BUDGET PHONE
15-11-2021,2021-2022,3,P/M/A57,MOBILE PAYMENTS,MOBILE,1,8812.5,8812.5,9312.5,9812.5,1000,BUDGET PHONE
15-11-2021,2021-2022,3,P/M/A59,MOBILE PAYMENTS,MOBILE,1,10627.68,10627.68,11627.68,12127.68,1500,BUDGET PHONE
16-11-2022,2022-2023,3,P/A/30,CREDIT,ACCESSORY,1,1941.52,1941.52,2041.52,2541.52,600,COVER
17-11-2022,2022-2023,3,P/A/26,DEBIT,ACCESSORY,1,2195.76,2195.76,2295.76,2795.76,600,CHARGER 
17-11-2021,2021-2022,3,P/M/A23,MOBILE PAYMENTS,MOBILE,1,650,650,750,1250,600,BUDGET PHONE
17-11-2021,2021-2022,3,P/M/A55,CREDIT,MOBILE,1,5875,5875,6375,6875,1000,BUDGET PHONE
17-11-2021,2021-2022,3,P/M/A55,CREDIT,MOBILE,1,5875,5875,6375,6875,1000,BUDGET PHONE
17-11-2021,2021-2022,3,P/M/A57,DEBIT,MOBILE,1,8812.5,8812.5,9312.5,9812.5,1000,BUDGET PHONE
17-11-2021,2021-2022,3,P/M/A60,CASH,MOBILE,1,12776.78,12776.78,13776.78,14276.78,1500,BUDGET PHONE
18-11-2022,2022-2023,3,P/A/21,DEBIT,ACCESSORY,1,332.2,332.2,432.2,932.2,600,CHARGER 
18-11-2022,2022-2023,3,P/A/3,MOBILE PAYMENTS,ACCESSORY,1,23915.26,23915.26,24915.26,25415.26,1500,GALAXY WATCH
18-11-2022,2022-2023,3,P/A/47,CASH,ACCESSORY,1,1433.9,1433.9,1533.9,2033.9,600,WIRELESS HEADSET
18-11-2021,2021-2022,3,P/M/A59,CASH,MOBILE,1,10627.68,10627.68,11627.68,12127.68,1500,BUDGET PHONE
19-11-2022,2022-2023,3,P/A/21,MOBILE PAYMENTS,ACCESSORY,1,408.48,408.48,508.48,1008.48,600,CHARGER 
19-11-2022,2022-2023,3,P/A/21,DEBIT,ACCESSORY,1,408.48,408.48,508.48,1008.48,600,CHARGER 
19-11-2021,2021-2022,3,P/M/A23,MOBILE PAYMENTS,MOBILE,1,650,650,750,1250,600,BUDGET PHONE
19-11-2021,2021-2022,3,P/M/A59,DEBIT,MOBILE,1,9651.78,9651.78,10651.78,11151.78,1500,BUDGET PHONE
20-11-2022,2022-2023,3,P/A/3,MOBILE PAYMENTS,ACCESSORY,1,23915.26,23915.26,24915.26,25415.26,1500,GALAXY WATCH
21-11-2022,2022-2023,3,P/A/47,CASH,ACCESSORY,1,1433.9,1433.9,1533.9,2033.9,600,WIRELESS HEADSET
21-11-2021,2021-2022,3,P/M/A37,MOBILE PAYMENTS,MOBILE,11,19482.14,214303.54,20482.14,230803.57,16500,MIDRANGE PHONE
21-11-2021,2021-2022,3,P/M/A75,CREDIT,MOBILE,1,59125,59125,60125,60625,1500,FLAGSHIP PHONE
22-11-2021,2021-2022,3,P/M/A23,CREDIT,MOBILE,1,650,650,750,1250,600,BUDGET PHONE
22-11-2021,2021-2022,3,P/M/A59,CASH,MOBILE,1,10627.68,10627.68,11627.68,12127.68,1500,BUDGET PHONE
23-11-2021,2021-2022,3,P/M/A55,MOBILE PAYMENTS,MOBILE,1,5687.5,5687.5,6187.5,6687.5,1000,BUDGET PHONE
23-11-2021,2021-2022,3,P/M/A55,CREDIT,MOBILE,1,5687.5,5687.5,6187.5,6687.5,1000,BUDGET PHONE
23-11-2021,2021-2022,3,P/M/A59,CASH,MOBILE,1,10627.68,10627.68,11627.68,12127.68,1500,BUDGET PHONE
23-11-2021,2021-2022,3,P/M/A59,CASH,MOBILE,1,9651.78,9651.78,10651.78,11151.78,1500,BUDGET PHONE
23-11-2021,2021-2022,3,P/M/A59,MOBILE PAYMENTS,MOBILE,1,9651.78,9651.78,10651.78,11151.78,1500,BUDGET PHONE
23-11-2021,2021-2022,3,P/M/A75,CREDIT,MOBILE,1,59125,59125,60125,60625,1500,FLAGSHIP PHONE
24-11-2022,2022-2023,3,P/A/29,DEBIT,ACCESSORY,1,585.6,585.6,685.6,1185.6,600,COVER
24-11-2022,2022-2023,3,P/A/34,DEBIT,ACCESSORY,1,4169.5,4169.5,4669.5,5169.5,1000,COVER
24-11-2022,2022-2023,3,P/A/47,DEBIT,ACCESSORY,1,1433.9,1433.9,1533.9,2033.9,600,WIRELESS HEADSET
24-11-2021,2021-2022,3,P/M/A23,CREDIT,MOBILE,1,650,650,750,1250,600,BUDGET PHONE
24-11-2021,2021-2022,3,P/M/A55,DEBIT,MOBILE,1,5875,5875,6375,6875,1000,BUDGET PHONE
25-11-2022,2022-2023,3,P/A/35,CREDIT,ACCESSORY,1,2111.86,2111.86,2211.86,2711.86,600,COVER
25-11-2021,2021-2022,3,P/M/A43,DEBIT,MOBILE,1,56446.42,56446.42,57446.42,57946.42,1500,FLAGSHIP PHONE
25-11-2021,2021-2022,3,P/M/A58,CREDIT,MOBILE,1,8812.5,8812.5,9312.5,9812.5,1000,BUDGET PHONE
26-11-2021,2021-2022,3,P/M/A59,MOBILE PAYMENTS,MOBILE,1,9258.92,9258.92,9758.92,10258.92,1000,BUDGET PHONE
26-11-2021,2021-2022,3,P/M/A64,DEBIT,MOBILE,1,12776.78,12776.78,13776.78,14276.78,1500,BUDGET PHONE
27-11-2021,2021-2022,3,P/M/A55,CASH,MOBILE,1,5687.5,5687.5,6187.5,6687.5,1000,BUDGET PHONE
28-11-2021,2021-2022,3,P/M/A24,DEBIT,MOBILE,1,882.14,882.14,982.14,1482.14,600,BUDGET PHONE
28-11-2021,2021-2022,3,P/M/A58,DEBIT,MOBILE,1,8812.5,8812.5,9312.5,9812.5,1000,BUDGET PHONE
29-11-2021,2021-2022,3,P/M/A60,CREDIT,MOBILE,1,11437.5,11437.5,12437.5,12937.5,1500,BUDGET PHONE
30-11-2021,2021-2022,3,P/M/A22,MOBILE PAYMENTS,MOBILE,1,31526.78,31526.78,32526.78,33026.78,1500,PREMIUM MIDRANGE PHONE
30-11-2021,2021-2022,3,P/M/A59,MOBILE PAYMENTS,MOBILE,1,9392.86,9392.86,10392.86,10892.86,1500,BUDGET PHONE
1/12/2021,2021-2022,3,P/M/A22,DEBIT,MOBILE,1,34205.36,34205.36,35205.36,35705.36,1500,PREMIUM MIDRANGE PHONE
1/12/2021,2021-2022,3,P/M/A24,CREDIT,MOBILE,1,873.22,873.22,973.22,1473.22,600,BUDGET PHONE
2/12/2022,2022-2023,3,P/A/15,CASH,ACCESSORY,1,416.94,416.94,516.94,1016.94,600,BATTERY
2/12/2022,2022-2023,3,P/A/35,DEBIT,ACCESSORY,1,1857.62,1857.62,1957.62,2457.62,600,COVER
2/12/2021,2021-2022,3,P/M/A42,MOBILE PAYMENTS,MOBILE,1,53767.86,53767.86,54767.86,55267.86,1500,FLAGSHIP PHONE
2/12/2021,2021-2022,3,P/M/A43,MOBILE PAYMENTS,MOBILE,1,49303.58,49303.58,50303.58,50803.58,1500,FLAGSHIP PHONE
2/12/2021,2021-2022,3,P/M/A59,CREDIT,MOBILE,1,9392.86,9392.86,10392.86,10892.86,1500,BUDGET PHONE
2/12/2021,2021-2022,3,P/M/A59,MOBILE PAYMENTS,MOBILE,1,9267.86,9267.86,9767.86,10267.86,1000,BUDGET PHONE
2/12/2021,2021-2022,3,P/M/A60,MOBILE PAYMENTS,MOBILE,1,10098.22,10098.22,11098.22,11598.22,1500,BUDGET PHONE
3/12/2022,2022-2023,3,P/A/35,DEBIT,ACCESSORY,1,1603.38,1603.38,1703.38,2203.38,600,COVER
3/12/2022,2022-2023,3,P/A/47,CREDIT,ACCESSORY,1,1433.9,1433.9,1533.9,2033.9,600,WIRELESS HEADSET
4/12/2021,2021-2022,3,P/M/A22,CASH,MOBILE,1,31526.78,31526.78,32526.78,33026.78,1500,PREMIUM MIDRANGE PHONE
4/12/2021,2021-2022,3,P/M/A24,CREDIT,MOBILE,1,882.14,882.14,982.14,1482.14,600,BUDGET PHONE
4/12/2021,2021-2022,3,P/M/A24,CREDIT,MOBILE,1,882.14,882.14,982.14,1482.14,600,BUDGET PHONE
4/12/2021,2021-2022,3,P/M/A39,CASH,MOBILE,1,30553.58,30553.58,31553.58,32053.58,1500,PREMIUM MIDRANGE PHONE
4/12/2021,2021-2022,3,P/M/A45,MOBILE PAYMENTS,MOBILE,1,58232.14,58232.14,59232.14,59732.14,1500,FLAGSHIP PHONE
6/12/2021,2021-2022,3,P/M/A22,CASH,MOBILE,1,31526.78,31526.78,32526.78,33026.78,1500,PREMIUM MIDRANGE PHONE
6/12/2021,2021-2022,3,P/M/A57,MOBILE PAYMENTS,MOBILE,1,7928.58,7928.58,8428.58,8928.58,1000,BUDGET PHONE
6/12/2021,2021-2022,3,P/M/A59,CREDIT,MOBILE,1,9258.92,9258.92,9758.92,10258.92,1000,BUDGET PHONE
7/12/2021,2021-2022,3,P/M/A58,MOBILE PAYMENTS,MOBILE,1,7919.64,7919.64,8419.64,8919.64,1000,BUDGET PHONE
7/12/2021,2021-2022,3,P/M/A58,DEBIT,MOBILE,1,7919.64,7919.64,8419.64,8919.64,1000,BUDGET PHONE
7/12/2021,2021-2022,3,P/M/A59,MOBILE PAYMENTS,MOBILE,1,9258.92,9258.92,9758.92,10258.92,1000,BUDGET PHONE
7/12/2021,2021-2022,3,P/M/A75,DEBIT,MOBILE,1,59125,59125,60125,60625,1500,FLAGSHIP PHONE
8/12/2022,2022-2023,3,P/A/47,CREDIT,ACCESSORY,1,1518.64,1518.64,1618.64,2118.64,600,WIRELESS HEADSET
8/12/2021,2021-2022,3,P/M/A26,MOBILE PAYMENTS,MOBILE,1,2346.42,2346.42,2446.42,2946.42,600,BUDGET PHONE
9/12/2022,2022-2023,3,P/A/21,CREDIT,ACCESSORY,1,408.48,408.48,508.48,1008.48,600,CHARGER 
9/12/2021,2021-2022,3,P/M/A57,CASH,MOBILE,1,7026.78,7026.78,7526.78,8026.78,1000,BUDGET PHONE
9/12/2021,2021-2022,3,P/M/A57,CASH,MOBILE,1,6812.5,6812.5,7312.5,7812.5,1000,BUDGET PHONE
10/12/2022,2022-2023,3,P/A/13,CASH,ACCESSORY,1,416.94,416.94,516.94,1016.94,600,BATTERY
10/12/2022,2022-2023,3,P/A/3,DEBIT,ACCESSORY,1,23915.26,23915.26,24915.26,25415.26,1500,GALAXY WATCH
10/12/2022,2022-2023,3,P/A/36,MOBILE PAYMENTS,ACCESSORY,1,1942.38,1942.38,2042.38,2542.38,600,COVER
10/12/2021,2021-2022,3,P/M/A57,CASH,MOBILE,1,6812.5,6812.5,7312.5,7812.5,1000,BUDGET PHONE
10/12/2021,2021-2022,3,P/M/A64,DEBIT,MOBILE,1,12776.78,12776.78,13776.78,14276.78,1500,BUDGET PHONE
11/12/2022,2022-2023,3,P/A/26,CREDIT,ACCESSORY,1,1688.14,1688.14,1788.14,2288.14,600,CHARGER 
11/12/2021,2021-2022,3,P/M/A59,CASH,MOBILE,1,9651.78,9651.78,10651.78,11151.78,1500,BUDGET PHONE
13-12-2022,2022-2023,3,P/T/S1,CASH,TABLET,1,7050.84,7050.84,7550.84,8050.84,1000,BUDGET TABLET
14-12-2021,2021-2022,3,P/M/A60,CREDIT,MOBILE,1,10107.14,10107.14,11107.14,11607.14,1500,BUDGET PHONE
15-12-2022,2022-2023,3,P/A/47,CREDIT,ACCESSORY,1,1433.9,1433.9,1533.9,2033.9,600,WIRELESS HEADSET
15-12-2021,2021-2022,3,P/M/A24,DEBIT,MOBILE,1,873.22,873.22,973.22,1473.22,600,BUDGET PHONE
16-12-2022,2022-2023,3,P/A/15,CASH,ACCESSORY,1,315.26,315.26,415.26,915.26,600,BATTERY
16-12-2022,2022-2023,3,P/A/34,CASH,ACCESSORY,1,5355.08,5355.08,5855.08,6355.08,1000,COVER
16-12-2022,2022-2023,3,P/A/47,CREDIT,ACCESSORY,1,1349.16,1349.16,1449.16,1949.16,600,WIRELESS HEADSET
16-12-2022,2022-2023,3,P/A/49,CASH,ACCESSORY,1,671.18,671.18,771.18,1271.18,600,WIRELESS HEADSET
16-12-2021,2021-2022,3,P/M/A22,CREDIT,MOBILE,1,34205.36,34205.36,35205.36,35705.36,1500,PREMIUM MIDRANGE PHONE
16-12-2021,2021-2022,3,P/M/A24,CREDIT,MOBILE,1,873.22,873.22,973.22,1473.22,600,BUDGET PHONE
16-12-2021,2021-2022,3,P/M/A59,MOBILE PAYMENTS,MOBILE,1,9258.92,9258.92,9758.92,10258.92,1000,BUDGET PHONE
17-12-2022,2022-2023,3,P/A/47,CREDIT,ACCESSORY,1,1433.9,1433.9,1533.9,2033.9,600,WIRELESS HEADSET
17-12-2021,2021-2022,3,P/M/A42,DEBIT,MOBILE,1,53767.86,53767.86,54767.86,55267.86,1500,FLAGSHIP PHONE
18-12-2022,2022-2023,3,P/A/35,DEBIT,ACCESSORY,1,1941.52,1941.52,2041.52,2541.52,600,COVER
18-12-2021,2021-2022,3,P/M/A22,CASH,MOBILE,1,31526.78,31526.78,32526.78,33026.78,1500,PREMIUM MIDRANGE PHONE
21-12-2022,2022-2023,3,P/A/3,MOBILE PAYMENTS,ACCESSORY,1,23915.26,23915.26,24915.26,25415.26,1500,GALAXY WATCH
21-12-2021,2021-2022,3,P/M/A23,CREDIT,MOBILE,1,605.36,605.36,705.36,1205.36,600,BUDGET PHONE
22-12-2022,2022-2023,3,P/A/1,MOBILE PAYMENTS,ACCESSORY,1,19677.96,19677.96,20677.96,21177.96,1500,GALAXY WATCH
22-12-2022,2022-2023,3,P/A/26,MOBILE PAYMENTS,ACCESSORY,1,1942.38,1942.38,2042.38,2542.38,600,CHARGER 
22-12-2022,2022-2023,3,P/A/39,DEBIT,ACCESSORY,1,459.32,459.32,559.32,1059.32,600,COVER
22-12-2022,2022-2023,3,P/A/41,MOBILE PAYMENTS,ACCESSORY,1,925.42,925.42,1025.42,1525.42,600,POWER BANK
22-12-2021,2021-2022,3,P/M/A75,DEBIT,MOBILE,1,59125,59125,60125,60625,1500,FLAGSHIP PHONE
23-12-2021,2021-2022,3,P/M/A58,CASH,MOBILE,1,8812.5,8812.5,9312.5,9812.5,1000,BUDGET PHONE
23-12-2021,2021-2022,3,P/M/A59,MOBILE PAYMENTS,MOBILE,1,9258.92,9258.92,9758.92,10258.92,1000,BUDGET PHONE
25-12-2022,2022-2023,3,P/A/22,DEBIT,ACCESSORY,2,374.58,749.16,474.58,1949.16,1200,CHARGER 
25-12-2022,2022-2023,3,P/A/47,CASH,ACCESSORY,1,1518.64,1518.64,1618.64,2118.64,600,WIRELESS HEADSET
25-12-2021,2021-2022,3,P/M/A22,CREDIT,MOBILE,1,34205.36,34205.36,35205.36,35705.36,1500,PREMIUM MIDRANGE PHONE
25-12-2021,2021-2022,3,P/M/A23,CASH,MOBILE,1,650,650,750,1250,600,BUDGET PHONE
25-12-2021,2021-2022,3,P/M/A58,DEBIT,MOBILE,1,6580.36,6580.36,7080.36,7580.36,1000,BUDGET PHONE
25-12-2021,2021-2022,3,P/M/A64,DEBIT,MOBILE,1,12776.78,12776.78,13776.78,14276.78,1500,BUDGET PHONE
26-12-2022,2022-2023,3,P/A/38,CASH,ACCESSORY,1,1900,1900,2000,2500,600,COVER
3/11/2021,2021-2022,3,P/M/A20,DEBIT,MOBILE,1,15455.36,15455.36,16455.36,16955.36,1500,MIDRANGE PHONE
28-12-2022,2022-2023,3,P/A/41,CASH,ACCESSORY,1,671.18,671.18,771.18,1271.18,600,POWER BANK
28-12-2021,2021-2022,3,P/M/A24,CREDIT,MOBILE,1,882.14,882.14,982.14,1482.14,600,BUDGET PHONE
28-12-2021,2021-2022,3,P/M/A64,MOBILE PAYMENTS,MOBILE,1,12776.78,12776.78,13776.78,14276.78,1500,BUDGET PHONE
29-12-2022,2022-2023,3,P/A/1,MOBILE PAYMENTS,ACCESSORY,1,19677.96,19677.96,20677.96,21177.96,1500,GALAXY WATCH
29-12-2022,2022-2023,3,P/A/35,CASH,ACCESSORY,1,1772.88,1772.88,1872.88,2372.88,600,COVER
29-12-2021,2021-2022,3,P/M/A22,CASH,MOBILE,1,28848.22,28848.22,29848.22,30348.22,1500,PREMIUM MIDRANGE PHONE
30-12-2022,2022-2023,3,P/A/49,MOBILE PAYMENTS,ACCESSORY,1,586.44,586.44,686.44,1186.44,600,WIRELESS HEADSET
1/12/2021,2021-2022,3,P/M/A14,CASH,MOBILE,1,15455.36,15455.36,16455.36,16955.36,1500,MIDRANGE PHONE
30-12-2021,2021-2022,3,P/M/A55,MOBILE PAYMENTS,MOBILE,1,5696.42,5696.42,6196.42,6696.42,1000,BUDGET PHONE
30-12-2021,2021-2022,3,P/M/A59,MOBILE PAYMENTS,MOBILE,1,9258.92,9258.92,9758.92,10258.92,1000,BUDGET PHONE
30-12-2021,2021-2022,3,P/M/A59,CASH,MOBILE,1,9258.92,9258.92,9758.92,10258.92,1000,BUDGET PHONE
31-12-2021,2021-2022,3,P/M/A1,CREDIT,MOBILE,1,6580.36,6580.36,7080.36,7580.36,1000,BUDGET PHONE
31-12-2021,2021-2022,3,P/M/A23,CREDIT,MOBILE,1,650,650,750,1250,600,BUDGET PHONE
31-12-2021,2021-2022,3,P/M/A59,DEBIT,MOBILE,1,10098.22,10098.22,11098.22,11598.22,1500,BUDGET PHONE
31-12-2021,2021-2022,3,P/M/A59,DEBIT,MOBILE,1,10098.22,10098.22,11098.22,11598.22,1500,BUDGET PHONE
16-12-2021,2021-2022,3,P/M/A14,DEBIT,MOBILE,1,15455.36,15455.36,16455.36,16955.36,1500,MIDRANGE PHONE
22-12-2021,2021-2022,3,P/M/A14,CASH,MOBILE,1,15455.36,15455.36,16455.36,16955.36,1500,MIDRANGE PHONE
13-11-2021,2021-2022,3,P/M/A12,CREDIT,MOBILE,1,17990.68,17990.68,18990.68,19490.68,1500,MIDRANGE PHONE
15-11-2021,2021-2022,3,P/M/A12,CREDIT,MOBILE,1,17990.68,17990.68,18990.68,19490.68,1500,MIDRANGE PHONE
28-11-2021,2021-2022,3,P/M/A12,CASH,MOBILE,1,17990.68,17990.68,18990.68,19490.68,1500,MIDRANGE PHONE
27-12-2021,2021-2022,3,P/M/A12,MOBILE PAYMENTS,MOBILE,1,17990.68,17990.68,18990.68,19490.68,1500,MIDRANGE PHONE
11/10/2021,2021-2022,3,P/M/A14,MOBILE PAYMENTS,MOBILE,1,18133.92,18133.92,19133.92,19633.92,1500,MIDRANGE PHONE
15-10-2021,2021-2022,3,P/M/A14,DEBIT,MOBILE,1,18133.92,18133.92,19133.92,19633.92,1500,MIDRANGE PHONE
21-10-2021,2021-2022,3,P/M/A14,MOBILE PAYMENTS,MOBILE,1,18133.92,18133.92,19133.92,19633.92,1500,MIDRANGE PHONE
27-10-2021,2021-2022,3,P/M/A14,DEBIT,MOBILE,1,18133.92,18133.92,19133.92,19633.92,1500,MIDRANGE PHONE
10/12/2021,2021-2022,3,P/M/A14,DEBIT,MOBILE,1,18133.92,18133.92,19133.92,19633.92,1500,MIDRANGE PHONE
11/12/2021,2021-2022,3,P/M/A20,DEBIT,MOBILE,1,18133.92,18133.92,19133.92,19633.92,1500,MIDRANGE PHONE
17-12-2021,2021-2022,3,P/M/A20,DEBIT,MOBILE,1,18133.92,18133.92,19133.92,19633.92,1500,MIDRANGE PHONE
21-12-2021,2021-2022,3,P/M/A20,CASH,MOBILE,1,18133.92,18133.92,19133.92,19633.92,1500,MIDRANGE PHONE
22-12-2021,2021-2022,3,P/M/A20,DEBIT,MOBILE,1,18133.92,18133.92,19133.92,19633.92,1500,MIDRANGE PHONE
23-12-2021,2021-2022,3,P/M/A20,DEBIT,MOBILE,1,18133.92,18133.92,19133.92,19633.92,1500,MIDRANGE PHONE
25-12-2021,2021-2022,3,P/M/A20,CASH,MOBILE,1,18133.92,18133.92,19133.92,19633.92,1500,MIDRANGE PHONE
26-12-2021,2021-2022,3,P/M/A20,DEBIT,MOBILE,1,18133.92,18133.92,19133.92,19633.92,1500,MIDRANGE PHONE
26-12-2021,2021-2022,3,P/M/A20,MOBILE PAYMENTS,MOBILE,1,18133.92,18133.92,19133.92,19633.92,1500,MIDRANGE PHONE
30-12-2021,2021-2022,3,P/M/A20,CASH,MOBILE,1,18133.92,18133.92,19133.92,19633.92,1500,MIDRANGE PHONE
17-10-2021,2021-2022,3,P/M/A13,CREDIT,MOBILE,1,18428.58,18428.58,19428.58,19928.58,1500,MIDRANGE PHONE
18-10-2021,2021-2022,3,P/M/A13,MOBILE PAYMENTS,MOBILE,1,18428.58,18428.58,19428.58,19928.58,1500,MIDRANGE PHONE
17-11-2021,2021-2022,3,P/M/A12,DEBIT,MOBILE,1,19261.86,19261.86,20261.86,20761.86,1500,MIDRANGE PHONE
6/11/2021,2021-2022,3,P/M/A20,DEBIT,MOBILE,1,19303.58,19303.58,20303.58,20803.58,1500,MIDRANGE PHONE
2/10/2021,2021-2022,3,P/M/A20,CASH,MOBILE,1,19919.64,19919.64,20919.64,21419.64,1500,MIDRANGE PHONE
5/10/2021,2021-2022,3,P/M/A20,CREDIT,MOBILE,1,19919.64,19919.64,20919.64,21419.64,1500,MIDRANGE PHONE
10/10/2021,2021-2022,3,P/M/A20,DEBIT,MOBILE,1,19919.64,19919.64,20919.64,21419.64,1500,MIDRANGE PHONE
10/10/2021,2021-2022,3,P/M/A20,CREDIT,MOBILE,1,19919.64,19919.64,20919.64,21419.64,1500,MIDRANGE PHONE
12/10/2021,2021-2022,3,P/M/A20,MOBILE PAYMENTS,MOBILE,1,19919.64,19919.64,20919.64,21419.64,1500,MIDRANGE PHONE
12/10/2021,2021-2022,3,P/M/A20,MOBILE PAYMENTS,MOBILE,1,19919.64,19919.64,20919.64,21419.64,1500,MIDRANGE PHONE
14-10-2021,2021-2022,3,P/M/A20,DEBIT,MOBILE,1,19919.64,19919.64,20919.64,21419.64,1500,MIDRANGE PHONE
15-10-2021,2021-2022,3,P/M/A20,DEBIT,MOBILE,1,19919.64,19919.64,20919.64,21419.64,1500,MIDRANGE PHONE
15-10-2021,2021-2022,3,P/M/A20,DEBIT,MOBILE,1,19919.64,19919.64,20919.64,21419.64,1500,MIDRANGE PHONE
21-10-2021,2021-2022,3,P/M/A20,CREDIT,MOBILE,1,19919.64,19919.64,20919.64,21419.64,1500,MIDRANGE PHONE
27-10-2021,2021-2022,3,P/M/A20,MOBILE PAYMENTS,MOBILE,1,19919.64,19919.64,20919.64,21419.64,1500,MIDRANGE PHONE
27-10-2021,2021-2022,3,P/M/A20,MOBILE PAYMENTS,MOBILE,1,19919.64,19919.64,20919.64,21419.64,1500,MIDRANGE PHONE
1/11/2021,2021-2022,3,P/M/A20,CREDIT,MOBILE,1,19919.64,19919.64,20919.64,21419.64,1500,MIDRANGE PHONE
1/11/2021,2021-2022,3,P/M/A20,DEBIT,MOBILE,1,19919.64,19919.64,20919.64,21419.64,1500,MIDRANGE PHONE
2/11/2021,2021-2022,3,P/M/A20,CASH,MOBILE,1,19919.64,19919.64,20919.64,21419.64,1500,MIDRANGE PHONE
3/11/2021,2021-2022,3,P/M/A20,DEBIT,MOBILE,1,19919.64,19919.64,20919.64,21419.64,1500,MIDRANGE PHONE
4/11/2021,2021-2022,3,P/M/A20,DEBIT,MOBILE,1,19919.64,19919.64,20919.64,21419.64,1500,MIDRANGE PHONE
5/11/2021,2021-2022,3,P/M/A20,DEBIT,MOBILE,1,19919.64,19919.64,20919.64,21419.64,1500,MIDRANGE PHONE
5/11/2021,2021-2022,3,P/M/A20,CASH,MOBILE,1,19919.64,19919.64,20919.64,21419.64,1500,MIDRANGE PHONE
6/11/2021,2021-2022,3,P/M/A20,DEBIT,MOBILE,1,19919.64,19919.64,20919.64,21419.64,1500,MIDRANGE PHONE
8/11/2021,2021-2022,3,P/M/A20,CREDIT,MOBILE,1,19919.64,19919.64,20919.64,21419.64,1500,MIDRANGE PHONE
8/11/2021,2021-2022,3,P/M/A20,MOBILE PAYMENTS,MOBILE,1,19919.64,19919.64,20919.64,21419.64,1500,MIDRANGE PHONE
8/11/2021,2021-2022,3,P/M/A20,CREDIT,MOBILE,1,19919.64,19919.64,20919.64,21419.64,1500,MIDRANGE PHONE
11/11/2021,2021-2022,3,P/M/A20,CREDIT,MOBILE,1,19919.64,19919.64,20919.64,21419.64,1500,MIDRANGE PHONE
11/11/2021,2021-2022,3,P/M/A20,DEBIT,MOBILE,1,19919.64,19919.64,20919.64,21419.64,1500,MIDRANGE PHONE
13-11-2021,2021-2022,3,P/M/A20,DEBIT,MOBILE,1,19919.64,19919.64,20919.64,21419.64,1500,MIDRANGE PHONE
13-11-2021,2021-2022,3,P/M/A20,MOBILE PAYMENTS,MOBILE,1,19919.64,19919.64,20919.64,21419.64,1500,MIDRANGE PHONE
17-11-2021,2021-2022,3,P/M/A20,CASH,MOBILE,1,19919.64,19919.64,20919.64,21419.64,1500,MIDRANGE PHONE
20-11-2021,2021-2022,3,P/M/A20,DEBIT,MOBILE,1,19919.64,19919.64,20919.64,21419.64,1500,MIDRANGE PHONE
25-11-2021,2021-2022,3,P/M/A20,CREDIT,MOBILE,1,19919.64,19919.64,20919.64,21419.64,1500,MIDRANGE PHONE
26-11-2021,2021-2022,3,P/M/A20,MOBILE PAYMENTS,MOBILE,1,19919.64,19919.64,20919.64,21419.64,1500,MIDRANGE PHONE
2/12/2021,2021-2022,3,P/M/A20,MOBILE PAYMENTS,MOBILE,1,19919.64,19919.64,20919.64,21419.64,1500,MIDRANGE PHONE
30-12-2021,2021-2022,3,P/M/A16,CREDIT,MOBILE,1,20449.16,20449.16,21449.16,21949.16,1500,MIDRANGE PHONE
25-10-2021,2021-2022,3,P/M/A72,CREDIT,MOBILE,1,21380.5,21380.5,22380.5,22880.5,1500,MIDRANGE PHONE
25-10-2021,2021-2022,3,P/M/A72,CREDIT,MOBILE,1,21380.5,21380.5,22380.5,22880.5,1500,MIDRANGE PHONE
6/11/2021,2021-2022,3,P/M/A72,DEBIT,MOBILE,1,21380.5,21380.5,22380.5,22880.5,1500,MIDRANGE PHONE
23-12-2021,2021-2022,3,P/M/A20,DEBIT,MOBILE,1,21705.36,21705.36,22705.36,23205.36,1500,MIDRANGE PHONE
25-12-2021,2021-2022,3,P/M/A20,CREDIT,MOBILE,1,21705.36,21705.36,22705.36,23205.36,1500,MIDRANGE PHONE
19-10-2021,2021-2022,3,P/M/A14,CREDIT,MOBILE,1,21714.28,21714.28,22714.28,23214.28,1500,MIDRANGE PHONE
9/11/2021,2021-2022,3,P/M/A17,DEBIT,MOBILE,1,22771.18,22771.18,23771.18,24271.18,1500,MIDRANGE PHONE
14-10-2021,2021-2022,3,P/M/A17,DEBIT,MOBILE,1,26499.16,26499.16,27499.16,27999.16,1500,MIDRANGE PHONE
21-10-2021,2021-2022,3,P/M/A17,MOBILE PAYMENTS,MOBILE,1,26499.16,26499.16,27499.16,27999.16,1500,MIDRANGE PHONE
24-10-2021,2021-2022,3,P/M/A17,CASH,MOBILE,1,26499.16,26499.16,27499.16,27999.16,1500,MIDRANGE PHONE
30-10-2021,2021-2022,3,P/M/A17,CASH,MOBILE,1,26499.16,26499.16,27499.16,27999.16,1500,MIDRANGE PHONE
5/11/2021,2021-2022,3,P/M/A17,DEBIT,MOBILE,1,26499.16,26499.16,27499.16,27999.16,1500,MIDRANGE PHONE
7/11/2021,2021-2022,3,P/M/A17,DEBIT,MOBILE,1,26499.16,26499.16,27499.16,27999.16,1500,MIDRANGE PHONE
19-11-2021,2021-2022,3,P/M/A17,CREDIT,MOBILE,1,26499.16,26499.16,27499.16,27999.16,1500,MIDRANGE PHONE
23-11-2021,2021-2022,3,P/M/A17,CREDIT,MOBILE,1,26499.16,26499.16,27499.16,27999.16,1500,MIDRANGE PHONE
5/12/2021,2021-2022,3,P/M/A17,DEBIT,MOBILE,1,26499.16,26499.16,27499.16,27999.16,1500,MIDRANGE PHONE
20-12-2021,2021-2022,3,P/M/A17,DEBIT,MOBILE,1,26499.16,26499.16,27499.16,27999.16,1500,MIDRANGE PHONE
22-12-2021,2021-2022,3,P/M/A17,CASH,MOBILE,1,26499.16,26499.16,27499.16,27999.16,1500,MIDRANGE PHONE
1/11/2021,2021-2022,3,P/M/A20,CREDIT,MOBILE,1,23633.93,23633.93,24633.93,25133.93,1500,MIDRANGE PHONE
30-11-2021,2021-2022,3,P/M/A20,CASH,MOBILE,1,23678.58,23678.58,24678.58,25178.58,1500,MIDRANGE PHONE
2/12/2021,2021-2022,3,P/M/A20,MOBILE PAYMENTS,MOBILE,1,23678.58,23678.58,24678.58,25178.58,1500,MIDRANGE PHONE
28-10-2021,2021-2022,3,P/M/A20,CREDIT,MOBILE,1,24383.92,24383.92,25383.92,25883.92,1500,MIDRANGE PHONE
5/11/2021,2021-2022,3,P/M/A20,CREDIT,MOBILE,1,24383.92,24383.92,25383.92,25883.92,1500,MIDRANGE PHONE
9/11/2021,2021-2022,3,P/M/A20,CASH,MOBILE,1,24383.92,24383.92,25383.92,25883.92,1500,MIDRANGE PHONE
13-11-2021,2021-2022,3,P/M/A20,DEBIT,MOBILE,1,24383.92,24383.92,25383.92,25883.92,1500,MIDRANGE PHONE
17-11-2021,2021-2022,3,P/M/A20,CREDIT,MOBILE,1,24383.92,24383.92,25383.92,25883.92,1500,MIDRANGE PHONE
1/12/2021,2021-2022,3,P/M/A20,DEBIT,MOBILE,1,24383.92,24383.92,25383.92,25883.92,1500,MIDRANGE PHONE
14-12-2021,2021-2022,3,P/M/A20,DEBIT,MOBILE,1,24383.92,24383.92,25383.92,25883.92,1500,MIDRANGE PHONE
2/10/2022,2022-2023,3,P/A/25,MOBILE PAYMENTS,ACCESSORY,1,1941.52,1941.52,2041.52,2541.52,600,CHARGER 
2/10/2021,2021-2022,3,P/M/A5,CASH,MOBILE,1,11211.02,11211.02,12211.02,12711.02,1500,BUDGET PHONE
2/10/2021,2021-2022,3,P/M/A79,CREDIT,MOBILE,1,101550,101550,102550,103050,1500,LUXURY PHONE
3/10/2021,2021-2022,3,P/M/A65,DEBIT,MOBILE,1,4083.9,4083.9,4583.9,5083.9,1000,BUDGET PHONE
3/10/2021,2021-2022,3,P/M/A65,CASH,MOBILE,1,3236.44,3236.44,3736.44,4236.44,1000,BUDGET PHONE
3/10/2021,2021-2022,3,P/M/A67,MOBILE PAYMENTS,MOBILE,1,9168.64,9168.64,9668.64,10168.64,1000,BUDGET PHONE
4/10/2022,2022-2023,3,P/A/41,CREDIT,ACCESSORY,1,671.18,671.18,771.18,1271.18,600,POWER BANK
4/10/2021,2021-2022,3,P/M/A5,MOBILE PAYMENTS,MOBILE,1,11211.02,11211.02,12211.02,12711.02,1500,BUDGET PHONE
7/10/2022,2022-2023,3,P/A/11,DEBIT,ACCESSORY,1,48152.54,48152.54,49152.54,49652.54,1500,GALAXY WATCH
7/10/2021,2021-2022,3,P/M/A5,DEBIT,MOBILE,1,48152.54,48152.54,49152.54,49652.54,1500,PREMIUM MIDRANGE PHONE
8/10/2021,2021-2022,3,P/M/A76,DEBIT,MOBILE,1,60105.94,60105.94,61105.94,61605.94,1500,FLAGSHIP PHONE
9/10/2021,2021-2022,3,P/M/A5,MOBILE PAYMENTS,MOBILE,1,11211.02,11211.02,12211.02,12711.02,1500,BUDGET PHONE
11/10/2021,2021-2022,3,P/M/A67,CREDIT,MOBILE,1,9168.64,9168.64,9668.64,10168.64,1000,BUDGET PHONE
11/10/2022,2022-2023,3,P/T/S2,DEBIT,TABLET,1,9161.02,9161.02,9661.02,10161.02,1000,BUDGET TABLET
12/10/2021,2021-2022,3,P/M/A65,DEBIT,MOBILE,1,4254.24,4254.24,4754.24,5254.24,1000,BUDGET PHONE
13-10-2021,2021-2022,3,P/M/A65,CREDIT,MOBILE,1,3236.44,3236.44,3736.44,4236.44,1000,BUDGET PHONE
15-10-2022,2022-2023,3,P/A/41,MOBILE PAYMENTS,ACCESSORY,1,586.44,586.44,686.44,1186.44,600,POWER BANK
15-10-2021,2021-2022,3,P/M/A67,CASH,MOBILE,1,9168.64,9168.64,9668.64,10168.64,1000,BUDGET PHONE
15-10-2021,2021-2022,3,P/M/A78,DEBIT,MOBILE,1,64600.84,64600.84,65600.84,66100.84,1500,FLAGSHIP PHONE
16-10-2021,2021-2022,3,P/M/A66,CREDIT,MOBILE,1,5778.82,5778.82,6278.82,6778.82,1000,BUDGET PHONE
17-10-2022,2022-2023,3,P/A/26,DEBIT,ACCESSORY,1,1942.38,1942.38,2042.38,2542.38,600,CHARGER 
17-10-2022,2022-2023,3,P/A/26,MOBILE PAYMENTS,ACCESSORY,1,1942.38,1942.38,2042.38,2542.38,600,CHARGER 
17-10-2021,2021-2022,3,P/M/A78,DEBIT,MOBILE,1,64600.84,64600.84,65600.84,66100.84,1500,FLAGSHIP PHONE
18-10-2021,2021-2022,3,P/M/A2,CREDIT,MOBILE,1,6800.84,6800.84,7300.84,7800.84,1000,BUDGET PHONE
18-10-2021,2021-2022,3,P/M/A5,CASH,MOBILE,1,13330.5,13330.5,14330.5,14830.5,1500,BUDGET PHONE
18-10-2021,2021-2022,3,P/M/A5,CASH,MOBILE,1,11211.02,11211.02,12211.02,12711.02,1500,BUDGET PHONE
19-10-2022,2022-2023,3,P/A/35,CREDIT,ACCESSORY,1,1857.62,1857.62,1957.62,2457.62,600,COVER
19-10-2021,2021-2022,3,P/M/A66,CREDIT,MOBILE,1,5778.82,5778.82,6278.82,6778.82,1000,BUDGET PHONE
20-10-2022,2022-2023,3,P/A/22,CASH,ACCESSORY,1,408.48,408.48,508.48,1008.48,600,CHARGER 
20-10-2022,2022-2023,3,P/A/45,MOBILE PAYMENTS,ACCESSORY,1,9347.46,9347.46,10347.46,10847.46,1500,WIRELESS EARPHONES
20-10-2021,2021-2022,3,P/M/A36,MOBILE PAYMENTS,MOBILE,1,40872.04,40872.04,41872.04,42372.04,1500,PREMIUM MIDRANGE PHONE
21-10-2022,2022-2023,3,P/A/24,CREDIT,ACCESSORY,1,925.42,925.42,1025.42,1525.42,600,CHARGER 
21-10-2022,2022-2023,3,P/A/35,DEBIT,ACCESSORY,1,1306.78,1306.78,1406.78,1906.78,600,COVER
22-10-2021,2021-2022,3,P/M/A65,MOBILE PAYMENTS,MOBILE,1,3236.44,3236.44,3736.44,4236.44,1000,BUDGET PHONE
22-10-2022,2022-2023,3,P/T/S12,DEBIT,TABLET,1,52736.44,52736.44,53736.44,54236.44,1500,FLAGSHIP TAB
23-10-2021,2021-2022,3,P/M/A24,CREDIT,MOBILE,1,806.78,806.78,906.78,1406.78,600,BUDGET PHONE
24-10-2021,2021-2022,3,P/M/A48,MOBILE PAYMENTS,MOBILE,1,64600.84,64600.84,65600.84,66100.84,1500,FLAGSHIP PHONE
25-10-2022,2022-2023,3,P/A/24,CREDIT,ACCESSORY,1,925.42,925.42,1025.42,1525.42,600,CHARGER 
25-10-2021,2021-2022,3,P/M/A24,MOBILE PAYMENTS,MOBILE,1,849.16,849.16,949.16,1449.16,600,BUDGET PHONE
25-10-2021,2021-2022,3,P/M/A48,MOBILE PAYMENTS,MOBILE,1,64600.84,64600.84,65600.84,66100.84,1500,FLAGSHIP PHONE
25-10-2021,2021-2022,3,P/M/A5,MOBILE PAYMENTS,MOBILE,1,11211.02,11211.02,12211.02,12711.02,1500,BUDGET PHONE
27-10-2021,2021-2022,3,P/M/A23,CREDIT,MOBILE,1,628.82,628.82,728.82,1228.82,600,BUDGET PHONE
28-10-2021,2021-2022,3,P/M/A67,DEBIT,MOBILE,1,9168.64,9168.64,9668.64,10168.64,1000,BUDGET PHONE
30-10-2022,2022-2023,3,P/A/22,DEBIT,ACCESSORY,1,408.48,408.48,508.48,1008.48,600,CHARGER 
30-10-2021,2021-2022,3,P/M/A36,DEBIT,MOBILE,1,40872.04,40872.04,41872.04,42372.04,1500,PREMIUM MIDRANGE PHONE
30-10-2021,2021-2022,3,P/M/A5,CASH,MOBILE,1,11211.02,11211.02,12211.02,12711.02,1500,BUDGET PHONE
30-10-2021,2021-2022,3,P/M/A73,CREDIT,MOBILE,1,30702.54,30702.54,31702.54,32202.54,1500,PREMIUM MIDRANGE PHONE
30-10-2022,2022-2023,3,P/T/S2,MOBILE PAYMENTS,TABLET,1,9169.5,9169.5,9669.5,10169.5,1000,BUDGET TABLET
31-10-2022,2022-2023,3,P/A/22,CASH,ACCESSORY,1,408.48,408.48,508.48,1008.48,600,CHARGER 
3/11/2022,2022-2023,3,P/A/35,MOBILE PAYMENTS,ACCESSORY,1,2111.86,2111.86,2211.86,2711.86,600,COVER
3/11/2021,2021-2022,3,P/M/A65,CASH,MOBILE,1,4083.9,4083.9,4583.9,5083.9,1000,BUDGET PHONE
3/11/2021,2021-2022,3,P/M/A79,CREDIT,MOBILE,1,101550,101550,102550,103050,1500,LUXURY PHONE
4/11/2021,2021-2022,3,P/M/A24,CASH,MOBILE,1,849.16,849.16,949.16,1449.16,600,BUDGET PHONE
4/11/2021,2021-2022,3,P/M/A67,CASH,MOBILE,1,9168.64,9168.64,9668.64,10168.64,1000,BUDGET PHONE
5/11/2022,2022-2023,3,P/A/35,MOBILE PAYMENTS,ACCESSORY,1,1518.64,1518.64,1618.64,2118.64,600,COVER
5/11/2021,2021-2022,3,P/M/A36,MOBILE PAYMENTS,MOBILE,1,46872.04,46872.04,47872.04,48372.04,1500,PREMIUM MIDRANGE PHONE
5/11/2021,2021-2022,3,P/M/A48,DEBIT,MOBILE,1,64600.85,64600.85,65600.85,66100.85,1500,FLAGSHIP PHONE
5/11/2021,2021-2022,3,P/M/A65,DEBIT,MOBILE,1,4083.9,4083.9,4583.9,5083.9,1000,BUDGET PHONE
6/11/2022,2022-2023,3,P/A/47,DEBIT,ACCESSORY,1,1349.16,1349.16,1449.16,1949.16,600,WIRELESS HEADSET
6/11/2021,2021-2022,3,P/M/A78,DEBIT,MOBILE,1,64600.84,64600.84,65600.84,66100.84,1500,FLAGSHIP PHONE
8/11/2021,2021-2022,3,P/M/A5,MOBILE PAYMENTS,MOBILE,1,11211.02,11211.02,12211.02,12711.02,1500,BUDGET PHONE
8/11/2021,2021-2022,3,P/M/A65,CREDIT,MOBILE,1,4254.24,4254.24,4754.24,5254.24,1000,BUDGET PHONE
8/11/2021,2021-2022,3,P/M/A79,CREDIT,MOBILE,1,101550,101550,102550,103050,1500,LUXURY PHONE
16-10-2021,2021-2022,3,P/M/A40,CREDIT,MOBILE,1,25196.42,25196.42,26196.42,26696.42,1500,MIDRANGE PHONE
9/11/2021,2021-2022,3,P/M/A24,CASH,MOBILE,1,883.06,883.06,983.06,1483.06,600,BUDGET PHONE
9/11/2021,2021-2022,3,P/M/A48,DEBIT,MOBILE,1,64600.84,64600.84,65600.84,66100.84,1500,FLAGSHIP PHONE
10/11/2021,2021-2022,3,P/M/A66,CREDIT,MOBILE,1,5949.16,5949.16,6449.16,6949.16,1000,BUDGET PHONE
15-12-2021,2021-2022,3,P/M/A28,DEBIT,MOBILE,1,25196.42,25196.42,26196.42,26696.42,1500,MIDRANGE PHONE
11/11/2021,2021-2022,3,P/M/A5,MOBILE PAYMENTS,MOBILE,1,13330.5,13330.5,14330.5,14830.5,1500,BUDGET PHONE
12/11/2021,2021-2022,3,P/M/A67,DEBIT,MOBILE,1,9168.64,9168.64,9668.64,10168.64,1000,BUDGET PHONE
15-11-2021,2021-2022,3,P/M/A67,CASH,MOBILE,1,9168.64,9168.64,9668.64,10168.64,1000,BUDGET PHONE
15-11-2021,2021-2022,3,P/M/A67,CASH,MOBILE,1,9168.64,9168.64,9668.64,10168.64,1000,BUDGET PHONE
16-11-2021,2021-2022,3,P/M/A36,CREDIT,MOBILE,1,46872.04,46872.04,47872.04,48372.04,1500,PREMIUM MIDRANGE PHONE
17-11-2022,2022-2023,3,P/A/47,CREDIT,ACCESSORY,1,1518.64,1518.64,1618.64,2118.64,600,WIRELESS HEADSET
17-11-2021,2021-2022,3,P/M/A36,CREDIT,MOBILE,1,46872.04,46872.04,47872.04,48372.04,1500,PREMIUM MIDRANGE PHONE
17-11-2021,2021-2022,3,P/M/A65,DEBIT,MOBILE,1,4083.9,4083.9,4583.9,5083.9,1000,BUDGET PHONE
17-11-2021,2021-2022,3,P/M/A8,CASH,MOBILE,1,12779.66,12779.66,13779.66,14279.66,1500,BUDGET PHONE
18-11-2022,2022-2023,3,P/A/21,MOBILE PAYMENTS,ACCESSORY,1,408.48,408.48,508.48,1008.48,600,CHARGER 
18-11-2022,2022-2023,3,P/A/22,DEBIT,ACCESSORY,1,408.48,408.48,508.48,1008.48,600,CHARGER 
19-11-2022,2022-2023,3,P/A/47,MOBILE PAYMENTS,ACCESSORY,1,1603.38,1603.38,1703.38,2203.38,600,WIRELESS HEADSET
20-11-2022,2022-2023,3,P/A/35,MOBILE PAYMENTS,ACCESSORY,1,1942.38,1942.38,2042.38,2542.38,600,COVER
20-11-2021,2021-2022,3,P/M/A49,CREDIT,MOBILE,1,101550,101550,102550,103050,1500,LUXURY PHONE
21-11-2022,2022-2023,3,P/A/21,CASH,ACCESSORY,1,332.2,332.2,432.2,932.2,600,CHARGER 
22-11-2022,2022-2023,3,P/A/25,CASH,ACCESSORY,1,1941.52,1941.52,2041.52,2541.52,600,CHARGER 
25-10-2021,2021-2022,3,P/M/A80,DEBIT,MOBILE,1,27617.8,27617.8,28617.8,29117.8,1500,MIDRANGE PHONE
26-11-2021,2021-2022,3,P/M/A67,MOBILE PAYMENTS,MOBILE,1,9168.64,9168.64,9668.64,10168.64,1000,BUDGET PHONE
6/11/2021,2021-2022,3,P/M/A80,DEBIT,MOBILE,1,27617.8,27617.8,28617.8,29117.8,1500,MIDRANGE PHONE
28-11-2021,2021-2022,3,P/M/A67,MOBILE PAYMENTS,MOBILE,1,7897.46,7897.46,8397.46,8897.46,1000,BUDGET PHONE
29-11-2021,2021-2022,3,P/M/A36,MOBILE PAYMENTS,MOBILE,1,46872.04,46872.04,47872.04,48372.04,1500,PREMIUM MIDRANGE PHONE
29-11-2021,2021-2022,3,P/M/A47,DEBIT,MOBILE,2,57605.93,115211.86,58605.93,118211.86,3000,FLAGSHIP PHONE
29-11-2021,2021-2022,3,P/M/A65,CASH,MOBILE,1,4083.9,4083.9,4583.9,5083.9,1000,BUDGET PHONE
30-11-2021,2021-2022,3,P/M/A66,MOBILE PAYMENTS,MOBILE,1,5949.16,5949.16,6449.16,6949.16,1000,BUDGET PHONE
3/12/2021,2021-2022,3,P/M/A36,MOBILE PAYMENTS,MOBILE,1,46872.04,46872.04,47872.04,48372.04,1500,PREMIUM MIDRANGE PHONE
7/11/2021,2021-2022,3,P/M/A80,CASH,MOBILE,1,27617.8,27617.8,28617.8,29117.8,1500,MIDRANGE PHONE
8/11/2021,2021-2022,3,P/M/A80,CREDIT,MOBILE,1,27617.8,27617.8,28617.8,29117.8,1500,MIDRANGE PHONE
6/12/2022,2022-2023,3,P/A/25,MOBILE PAYMENTS,ACCESSORY,1,1772.88,1772.88,1872.88,2372.88,600,CHARGER 
6/12/2021,2021-2022,3,P/M/A23,CREDIT,MOBILE,1,628.82,628.82,728.82,1228.82,600,BUDGET PHONE
11/11/2021,2021-2022,3,P/M/A80,MOBILE PAYMENTS,MOBILE,1,27617.8,27617.8,28617.8,29117.8,1500,MIDRANGE PHONE
12/11/2021,2021-2022,3,P/M/A80,CASH,MOBILE,1,27617.8,27617.8,28617.8,29117.8,1500,MIDRANGE PHONE
13-11-2021,2021-2022,3,P/M/A80,DEBIT,MOBILE,1,27617.8,27617.8,28617.8,29117.8,1500,MIDRANGE PHONE
10/12/2022,2022-2023,3,P/A/22,DEBIT,ACCESSORY,1,408.48,408.48,508.48,1008.48,600,CHARGER 
10/12/2021,2021-2022,3,P/M/A67,CREDIT,MOBILE,1,9168.64,9168.64,9668.64,10168.64,1000,BUDGET PHONE
11/12/2022,2022-2023,3,P/A/45,DEBIT,ACCESSORY,1,9508.48,9508.48,10508.48,11008.48,1500,WIRELESS EARPHONES
7/12/2021,2021-2022,3,P/M/A80,DEBIT,MOBILE,1,27617.8,27617.8,28617.8,29117.8,1500,MIDRANGE PHONE
12/12/2021,2021-2022,3,P/M/A36,DEBIT,MOBILE,1,46872.04,46872.04,47872.04,48372.04,1500,PREMIUM MIDRANGE PHONE
12/12/2021,2021-2022,3,P/M/A36,CREDIT,MOBILE,1,46872.04,46872.04,47872.04,48372.04,1500,PREMIUM MIDRANGE PHONE
13-12-2021,2021-2022,3,P/M/A36,DEBIT,MOBILE,1,46872.04,46872.04,47872.04,48372.04,1500,PREMIUM MIDRANGE PHONE
13-12-2021,2021-2022,3,P/M/A66,DEBIT,MOBILE,1,5778.82,5778.82,6278.82,6778.82,1000,BUDGET PHONE
15-12-2021,2021-2022,3,P/M/A36,MOBILE PAYMENTS,MOBILE,1,46872.04,46872.04,47872.04,48372.04,1500,PREMIUM MIDRANGE PHONE
15-12-2021,2021-2022,3,P/M/A36,DEBIT,MOBILE,1,46872.04,46872.04,47872.04,48372.04,1500,PREMIUM MIDRANGE PHONE
11/12/2021,2021-2022,3,P/M/A17,CASH,MOBILE,1,25650.84,25650.84,26650.84,27150.84,1500,MIDRANGE PHONE
16-12-2022,2022-2023,3,P/A/45,CREDIT,ACCESSORY,1,9169.5,9169.5,9669.5,10169.5,1000,WIRELESS EARPHONES
16-12-2021,2021-2022,3,P/M/A67,DEBIT,MOBILE,1,9168.64,9168.64,9668.64,10168.64,1000,BUDGET PHONE
18-12-2021,2021-2022,3,P/M/A67,MOBILE PAYMENTS,MOBILE,1,9168.64,9168.64,9668.64,10168.64,1000,BUDGET PHONE
18-12-2021,2021-2022,3,P/M/A69,DEBIT,MOBILE,1,11892.38,11892.38,12892.38,13392.38,1500,BUDGET PHONE
22-12-2021,2021-2022,3,P/M/A24,MOBILE PAYMENTS,MOBILE,1,925.42,925.42,1025.42,1525.42,600,BUDGET PHONE
22-12-2021,2021-2022,3,P/M/A36,DEBIT,MOBILE,1,46872.04,46872.04,47872.04,48372.04,1500,PREMIUM MIDRANGE PHONE
22-12-2021,2021-2022,3,P/M/A67,MOBILE PAYMENTS,MOBILE,1,8322.04,8322.04,8822.04,9322.04,1000,BUDGET PHONE
22-12-2021,2021-2022,3,P/M/A69,MOBILE PAYMENTS,MOBILE,1,11892.38,11892.38,12892.38,13392.38,1500,BUDGET PHONE
24-12-2021,2021-2022,3,P/M/A36,MOBILE PAYMENTS,MOBILE,1,46872.04,46872.04,47872.04,48372.04,1500,PREMIUM MIDRANGE PHONE
24-12-2021,2021-2022,3,P/M/A78,CREDIT,MOBILE,1,64600.84,64600.84,65600.84,66100.84,1500,FLAGSHIP PHONE
25-12-2022,2022-2023,3,P/A/21,DEBIT,ACCESSORY,1,408.48,408.48,508.48,1008.48,600,CHARGER 
25-12-2022,2022-2023,3,P/A/26,CREDIT,ACCESSORY,1,3236.44,3236.44,3736.44,4236.44,1000,CHARGER 
26-12-2022,2022-2023,3,P/A/41,CASH,ACCESSORY,1,586.44,586.44,686.44,1186.44,600,POWER BANK
27-12-2021,2021-2022,3,P/M/A67,CREDIT,MOBILE,1,7897.46,7897.46,8397.46,8897.46,1000,BUDGET PHONE
29-12-2022,2022-2023,3,P/A/25,MOBILE PAYMENTS,ACCESSORY,1,1941.52,1941.52,2041.52,2541.52,600,CHARGER 
29-12-2022,2022-2023,3,P/A/35,CREDIT,ACCESSORY,1,1942.38,1942.38,2042.38,2542.38,600,COVER
29-12-2021,2021-2022,3,P/M/A35,CREDIT,MOBILE,1,39177.12,39177.12,40177.12,40677.12,1500,PREMIUM MIDRANGE PHONE
30-12-2021,2021-2022,3,P/M/A36,CREDIT,MOBILE,1,40872.03,40872.03,41872.03,42372.03,1500,PREMIUM MIDRANGE PHONE
8/3/2022,2021-2022,4,P/M/A48,MOBILE PAYMENTS,MOBILE,1,64570.54,64570.54,65570.54,66070.54,1500,FLAGSHIP PHONE
15-03-2022,2021-2022,4,P/M/A7,DEBIT,MOBILE,1,13669.64,13669.64,14669.64,15169.64,1500,MIDRANGE PHONE
15-03-2022,2021-2022,4,P/M/A7,DEBIT,MOBILE,1,13669.64,13669.64,14669.64,15169.64,1500,MIDRANGE PHONE
8/3/2022,2021-2022,4,P/M/A70,CREDIT,MOBILE,1,13677.68,13677.68,14677.68,15177.68,1500,MIDRANGE PHONE
13-03-2022,2021-2022,4,P/M/A21,MOBILE PAYMENTS,MOBILE,1,41348.22,41348.22,42348.22,42848.22,1500,PREMIUM MIDRANGE PHONE
18-01-2022,2021-2022,4,P/M/A44,MOBILE PAYMENTS,MOBILE,1,38589.28,38589.28,39589.28,40089.28,1500,PREMIUM MIDRANGE PHONE
5/2/2022,2021-2022,4,P/M/A73,MOBILE PAYMENTS,MOBILE,1,35106.24,35106.24,36106.24,36606.24,1500,PREMIUM MIDRANGE PHONE
14-02-2022,2021-2022,4,P/M/A73,MOBILE PAYMENTS,MOBILE,1,35106.24,35106.24,36106.24,36606.24,1500,PREMIUM MIDRANGE PHONE
21-02-2022,2021-2022,4,P/M/A73,MOBILE PAYMENTS,MOBILE,1,35106.24,35106.24,36106.24,36606.24,1500,PREMIUM MIDRANGE PHONE
7/3/2022,2021-2022,4,P/M/A22,DEBIT,MOBILE,1,28848.22,28848.22,29848.22,30348.22,1500,PREMIUM MIDRANGE PHONE
12/1/2022,2021-2022,4,P/M/A16,DEBIT,MOBILE,1,26177.68,26177.68,27177.68,27677.68,1500,MIDRANGE PHONE
2/3/2022,2021-2022,4,P/M/A17,CASH,MOBILE,1,25284.82,25284.82,26284.82,26784.82,1500,MIDRANGE PHONE
15-03-2022,2021-2022,4,P/A/4,MOBILE PAYMENTS,ACCESSORY,1,24762.71,24762.71,25762.71,26262.71,1500,GALAXY WATCH
5/1/2022,2021-2022,4,P/M/A16,MOBILE PAYMENTS,MOBILE,1,24391.96,24391.96,25391.96,25891.96,1500,MIDRANGE PHONE
6/1/2022,2021-2022,4,P/M/A16,CASH,MOBILE,1,24391.96,24391.96,25391.96,25891.96,1500,MIDRANGE PHONE
20-02-2022,2021-2022,4,P/M/A16,MOBILE PAYMENTS,MOBILE,1,22606.24,22606.24,23606.24,24106.24,1500,MIDRANGE PHONE
24-02-2022,2021-2022,4,P/M/A11,CASH,MOBILE,1,20820.54,20820.54,21820.54,22320.54,1500,MIDRANGE PHONE
11/3/2022,2021-2022,4,P/M/A12,MOBILE PAYMENTS,MOBILE,1,19927.68,19927.68,20927.68,21427.68,1500,MIDRANGE PHONE
6/1/2022,2021-2022,4,P/M/A11,CASH,MOBILE,1,18141.96,18141.96,19141.96,19641.96,1500,MIDRANGE PHONE
26-02-2022,2021-2022,4,P/M/A11,DEBIT,MOBILE,1,18141.96,18141.96,19141.96,19641.96,1500,MIDRANGE PHONE
1/3/2022,2021-2022,4,P/M/A11,MOBILE PAYMENTS,MOBILE,1,17571.42,17571.42,18571.42,19071.42,1500,MIDRANGE PHONE
2/3/2022,2021-2022,4,P/M/A71,MOBILE PAYMENTS,MOBILE,1,16803.58,16803.58,17803.58,18303.58,1500,MIDRANGE PHONE
8/3/2022,2021-2022,4,P/M/A37,DEBIT,MOBILE,1,16357.14,16357.14,17357.14,17857.14,1500,MIDRANGE PHONE
2/1/2022,2021-2022,4,P/M/A11,DEBIT,MOBILE,1,16356.24,16356.24,17356.24,17856.24,1500,MIDRANGE PHONE
4/1/2022,2021-2022,4,P/M/A11,CASH,MOBILE,1,16356.24,16356.24,17356.24,17856.24,1500,MIDRANGE PHONE
20-02-2022,2021-2022,4,P/M/A11,CASH,MOBILE,1,16356.24,16356.24,17356.24,17856.24,1500,MIDRANGE PHONE
12/3/2022,2021-2022,4,P/M/A20,MOBILE PAYMENTS,MOBILE,1,15455.36,15455.36,16455.36,16955.36,1500,MIDRANGE PHONE
8/3/2022,2021-2022,4,P/M/A70,CASH,MOBILE,1,13677.68,13677.68,14677.68,15177.68,1500,MIDRANGE PHONE
27-01-2022,2021-2022,4,P/M/A8,CASH,MOBILE,1,12784.82,12784.82,13784.82,14284.82,1500,BUDGET PHONE
16-02-2022,2021-2022,4,P/M/A8,CASH,MOBILE,1,12784.82,12784.82,13784.82,14284.82,1500,BUDGET PHONE
1/1/2022,2021-2022,4,P/M/A8,CASH,MOBILE,1,11891.96,11891.96,12891.96,13391.96,1500,BUDGET PHONE
19-01-2022,2021-2022,4,P/M/A8,CASH,MOBILE,1,11891.96,11891.96,12891.96,13391.96,1500,BUDGET PHONE
6/2/2022,2021-2022,4,P/M/A8,CASH,MOBILE,1,11891.96,11891.96,12891.96,13391.96,1500,BUDGET PHONE
8/2/2022,2021-2022,4,P/M/A8,CASH,MOBILE,1,11891.96,11891.96,12891.96,13391.96,1500,BUDGET PHONE
17-01-2022,2021-2022,4,P/M/A4,CASH,MOBILE,1,9213.4,9213.4,10213.4,10713.4,1500,BUDGET PHONE
19-01-2022,2021-2022,4,P/M/A4,CASH,MOBILE,1,9213.4,9213.4,10213.4,10713.4,1500,BUDGET PHONE
9/2/2022,2021-2022,4,P/M/A10,DEBIT,MOBILE,1,16348.22,16348.22,17348.22,17848.22,1500,MIDRANGE PHONE
21-03-2022,2021-2022,4,P/M/A10,CREDIT,MOBILE,1,16348.22,16348.22,17348.22,17848.22,1500,MIDRANGE PHONE
8/3/2022,2021-2022,4,P/M/A4,CASH,MOBILE,1,9401.78,9401.78,9901.78,10401.78,1000,BUDGET PHONE
11/1/2022,2021-2022,4,P/M/A11,CREDIT,MOBILE,1,16356.24,16356.24,17356.24,17856.24,1500,MIDRANGE PHONE
11/1/2022,2021-2022,4,P/M/A11,CREDIT,MOBILE,1,16356.24,16356.24,17356.24,17856.24,1500,MIDRANGE PHONE
12/1/2022,2021-2022,4,P/M/A11,MOBILE PAYMENTS,MOBILE,1,16356.24,16356.24,17356.24,17856.24,1500,MIDRANGE PHONE
12/1/2022,2021-2022,4,P/M/A11,DEBIT,MOBILE,1,16356.24,16356.24,17356.24,17856.24,1500,MIDRANGE PHONE
14-01-2022,2021-2022,4,P/M/A11,CREDIT,MOBILE,1,16356.24,16356.24,17356.24,17856.24,1500,MIDRANGE PHONE
17-01-2022,2021-2022,4,P/M/A11,MOBILE PAYMENTS,MOBILE,1,16356.24,16356.24,17356.24,17856.24,1500,MIDRANGE PHONE
7/2/2022,2021-2022,4,P/M/A11,MOBILE PAYMENTS,MOBILE,1,16356.24,16356.24,17356.24,17856.24,1500,MIDRANGE PHONE
27-01-2022,2021-2022,4,P/T/S2,DEBIT,TABLET,1,9161.02,9161.02,9661.02,10161.02,1000,BUDGET TABLET
1/3/2022,2021-2022,4,P/M/A11,CREDIT,MOBILE,1,16356.24,16356.24,17356.24,17856.24,1500,MIDRANGE PHONE
2/3/2022,2021-2022,4,P/T/S2,MOBILE PAYMENTS,TABLET,1,9161.02,9161.02,9661.02,10161.02,1000,BUDGET TABLET
6/3/2022,2021-2022,4,P/M/A71,MOBILE PAYMENTS,MOBILE,1,16794.64,16794.64,17794.64,18294.64,1500,MIDRANGE PHONE
3/2/2022,2021-2022,4,P/M/A2,CASH,MOBILE,1,7927.68,7927.68,8427.68,8927.68,1000,BUDGET PHONE
5/2/2022,2021-2022,4,P/A/44,CASH,ACCESSORY,1,7466.1,7466.1,7966.1,8466.1,1000,WIRELESS EARPHONES
8/1/2022,2021-2022,4,P/M/A11,MOBILE PAYMENTS,MOBILE,1,18141.96,18141.96,19141.96,19641.96,1500,MIDRANGE PHONE
9/1/2022,2021-2022,4,P/M/A11,DEBIT,MOBILE,1,18141.96,18141.96,19141.96,19641.96,1500,MIDRANGE PHONE
15-01-2022,2021-2022,4,P/M/A11,MOBILE PAYMENTS,MOBILE,1,18141.96,18141.96,19141.96,19641.96,1500,MIDRANGE PHONE
15-01-2022,2021-2022,4,P/M/A11,DEBIT,MOBILE,1,18141.96,18141.96,19141.96,19641.96,1500,MIDRANGE PHONE
19-01-2022,2021-2022,4,P/M/A11,CREDIT,MOBILE,1,18141.96,18141.96,19141.96,19641.96,1500,MIDRANGE PHONE
26-01-2022,2021-2022,4,P/M/A11,CREDIT,MOBILE,1,18141.96,18141.96,19141.96,19641.96,1500,MIDRANGE PHONE
16-03-2022,2021-2022,4,P/M/A20,MOBILE PAYMENTS,MOBILE,1,19026.78,19026.78,20026.78,20526.78,1500,MIDRANGE PHONE
1/1/2022,2021-2022,4,P/M/A24,MOBILE PAYMENTS,MOBILE,1,873.22,873.22,973.22,1473.22,600,BUDGET PHONE
3/1/2022,2021-2022,4,P/A/35,MOBILE PAYMENTS,ACCESSORY,1,2026.28,2026.28,2126.28,2626.28,600,COVER
3/1/2022,2021-2022,4,P/M/A2,DEBIT,MOBILE,1,7927.68,7927.68,8427.68,8927.68,1000,BUDGET PHONE
3/1/2022,2021-2022,4,P/M/A8,CREDIT,MOBILE,1,11891.96,11891.96,12891.96,13391.96,1500,BUDGET PHONE
4/1/2022,2021-2022,4,P/A/35,DEBIT,ACCESSORY,1,1942.38,1942.38,2042.38,2542.38,600,COVER
5/1/2022,2021-2022,4,P/A/47,CREDIT,ACCESSORY,1,1518.64,1518.64,1618.64,2118.64,600,WIRELESS HEADSET
6/1/2022,2021-2022,4,P/A/5,DEBIT,ACCESSORY,1,15448.3,15448.3,16448.3,16948.3,1500,GALAXY WATCH
20-01-2022,2021-2022,4,P/M/A12,CREDIT,MOBILE,1,19927.68,19927.68,20927.68,21427.68,1500,MIDRANGE PHONE
31-01-2022,2021-2022,4,P/M/A12,CREDIT,MOBILE,1,19927.68,19927.68,20927.68,21427.68,1500,MIDRANGE PHONE
6/1/2022,2021-2022,4,P/M/A29,CREDIT,MOBILE,1,382.14,382.14,482.14,982.14,600,BUDGET PHONE
6/1/2022,2021-2022,4,P/M/A29,MOBILE PAYMENTS,MOBILE,1,382.14,382.14,482.14,982.14,600,BUDGET PHONE
6/1/2022,2021-2022,4,P/M/A29,DEBIT,MOBILE,1,382.14,382.14,482.14,982.14,600,BUDGET PHONE
6/1/2022,2021-2022,4,P/M/A8,CREDIT,MOBILE,1,12784.82,12784.82,13784.82,14284.82,1500,BUDGET PHONE
31-01-2022,2021-2022,4,P/M/A12,CREDIT,MOBILE,1,19927.68,19927.68,20927.68,21427.68,1500,MIDRANGE PHONE
14-02-2022,2021-2022,4,P/M/A12,MOBILE PAYMENTS,MOBILE,1,19927.68,19927.68,20927.68,21427.68,1500,MIDRANGE PHONE
21-02-2022,2021-2022,4,P/M/A12,MOBILE PAYMENTS,MOBILE,1,19927.68,19927.68,20927.68,21427.68,1500,MIDRANGE PHONE
9/1/2022,2021-2022,4,P/M/A2,DEBIT,MOBILE,1,7927.68,7927.68,8427.68,8927.68,1000,BUDGET PHONE
9/1/2022,2021-2022,4,P/M/A35,DEBIT,MOBILE,1,38677.68,38677.68,39677.68,40177.68,1500,PREMIUM MIDRANGE PHONE
9/1/2022,2021-2022,4,P/M/A8,MOBILE PAYMENTS,MOBILE,1,12784.82,12784.82,13784.82,14284.82,1500,BUDGET PHONE
10/1/2022,2021-2022,4,P/A/44,DEBIT,ACCESSORY,1,7466.1,7466.1,7966.1,8466.1,1000,WIRELESS EARPHONES
10/1/2022,2021-2022,4,P/M/A8,CREDIT,MOBILE,1,11891.96,11891.96,12891.96,13391.96,1500,BUDGET PHONE
11/1/2022,2021-2022,4,P/A/25,DEBIT,ACCESSORY,1,1518.64,1518.64,1618.64,2118.64,600,CHARGER 
11/1/2022,2021-2022,4,P/A/41,CASH,ACCESSORY,1,2281.36,2281.36,2381.36,2881.36,600,POWER BANK
11/1/2022,2021-2022,4,P/A/44,CREDIT,ACCESSORY,1,7296.62,7296.62,7796.62,8296.62,1000,WIRELESS EARPHONES
5/3/2022,2021-2022,4,P/M/A12,MOBILE PAYMENTS,MOBILE,1,19927.68,19927.68,20927.68,21427.68,1500,MIDRANGE PHONE
7/3/2022,2021-2022,4,P/M/A12,CREDIT,MOBILE,1,19927.68,19927.68,20927.68,21427.68,1500,MIDRANGE PHONE
11/1/2022,2021-2022,4,P/M/A77,MOBILE PAYMENTS,MOBILE,1,69927.68,69927.68,70927.68,71427.68,1500,FLAGSHIP PHONE
12/1/2022,2021-2022,4,P/A/35,MOBILE PAYMENTS,ACCESSORY,1,2026.28,2026.28,2126.28,2626.28,600,COVER
18-03-2022,2021-2022,4,P/M/A12,DEBIT,MOBILE,1,19927.68,19927.68,20927.68,21427.68,1500,MIDRANGE PHONE
12/1/2022,2021-2022,4,P/M/A23,MOBILE PAYMENTS,MOBILE,1,627.68,627.68,727.68,1227.68,600,BUDGET PHONE
12/1/2022,2021-2022,4,P/M/A24,DEBIT,MOBILE,1,873.22,873.22,973.22,1473.22,600,BUDGET PHONE
12/1/2022,2021-2022,4,P/T/S2,MOBILE PAYMENTS,TABLET,1,9161.02,9161.02,9661.02,10161.02,1000,BUDGET TABLET
2/1/2022,2021-2022,4,P/A/50,CASH,ACCESSORY,1,2196.62,2196.62,2296.62,2796.62,600,WIRELESS HEADSET
14-01-2022,2021-2022,4,P/M/A2,CREDIT,MOBILE,1,7034.82,7034.82,7534.82,8034.82,1000,BUDGET PHONE
14-01-2022,2021-2022,4,P/M/A24,MOBILE PAYMENTS,MOBILE,1,783.92,783.92,883.92,1383.92,600,BUDGET PHONE
16-01-2022,2021-2022,4,P/M/A2,MOBILE PAYMENTS,MOBILE,1,7927.68,7927.68,8427.68,8927.68,1000,BUDGET PHONE
16-01-2022,2021-2022,4,P/M/A29,MOBILE PAYMENTS,MOBILE,1,382.14,382.14,482.14,982.14,600,BUDGET PHONE
7/2/2022,2021-2022,4,P/A/41,CASH,ACCESSORY,1,2196.62,2196.62,2296.62,2796.62,600,POWER BANK
18-01-2022,2021-2022,4,P/A/35,CREDIT,ACCESSORY,1,2069.5,2069.5,2169.5,2669.5,600,COVER
18-01-2022,2021-2022,4,P/M/A4,CREDIT,MOBILE,1,10999.1,10999.1,11999.1,12499.1,1500,BUDGET PHONE
17-03-2022,2021-2022,4,P/A/41,CASH,ACCESSORY,1,2111.86,2111.86,2211.86,2711.86,600,POWER BANK
8/3/2022,2021-2022,4,P/A/35,CASH,ACCESSORY,1,2026.28,2026.28,2126.28,2626.28,600,COVER
20-01-2022,2021-2022,4,P/M/A2,MOBILE PAYMENTS,MOBILE,1,7927.68,7927.68,8427.68,8927.68,1000,BUDGET PHONE
22-01-2022,2021-2022,4,P/M/A4,MOBILE PAYMENTS,MOBILE,1,9213.4,9213.4,10213.4,10713.4,1500,BUDGET PHONE
22-01-2022,2021-2022,4,P/M/A8,CREDIT,MOBILE,1,12784.82,12784.82,13784.82,14284.82,1500,BUDGET PHONE
23-01-2022,2021-2022,4,P/A/34,CREDIT,ACCESSORY,1,5778.82,5778.82,6278.82,6778.82,1000,COVER
11/1/2022,2021-2022,4,P/A/35,CASH,ACCESSORY,1,1772.88,1772.88,1872.88,2372.88,600,COVER
18-02-2022,2021-2022,4,P/A/7,CASH,ACCESSORY,1,1594.92,1594.92,1694.92,2194.92,600,GALAXY WATCH
25-01-2022,2021-2022,4,P/M/A46,CREDIT,MOBILE,1,64482.14,64482.14,65482.14,65982.14,1500,FLAGSHIP PHONE
27-01-2022,2021-2022,4,P/A/41,MOBILE PAYMENTS,ACCESSORY,1,628.82,628.82,728.82,1228.82,600,POWER BANK
27-01-2022,2021-2022,4,P/M/A35,DEBIT,MOBILE,1,34213.4,34213.4,35213.4,35713.4,1500,PREMIUM MIDRANGE PHONE
13-02-2022,2021-2022,4,P/A/47,CASH,ACCESSORY,1,1518.64,1518.64,1618.64,2118.64,600,WIRELESS HEADSET
28-01-2022,2021-2022,4,P/M/A24,DEBIT,MOBILE,1,882.14,882.14,982.14,1482.14,600,BUDGET PHONE
29-01-2022,2021-2022,4,P/M/A8,DEBIT,MOBILE,1,11891.96,11891.96,12891.96,13391.96,1500,BUDGET PHONE
24-02-2022,2021-2022,4,P/A/47,CASH,ACCESSORY,1,1518.64,1518.64,1618.64,2118.64,600,WIRELESS HEADSET
1/2/2022,2021-2022,4,P/A/22,MOBILE PAYMENTS,ACCESSORY,1,408.48,408.48,508.48,1008.48,600,CHARGER 
2/2/2022,2021-2022,4,P/A/21,MOBILE PAYMENTS,ACCESSORY,1,408.48,408.48,508.48,1008.48,600,CHARGER 
2/2/2022,2021-2022,4,P/M/A2,DEBIT,MOBILE,1,7927.68,7927.68,8427.68,8927.68,1000,BUDGET PHONE
3/2/2022,2021-2022,4,P/A/35,MOBILE PAYMENTS,ACCESSORY,1,2026.28,2026.28,2126.28,2626.28,600,COVER
4/3/2022,2021-2022,4,P/A/47,CASH,ACCESSORY,1,1518.64,1518.64,1618.64,2118.64,600,WIRELESS HEADSET
3/2/2022,2021-2022,4,P/M/A2,DEBIT,MOBILE,1,7927.68,7927.68,8427.68,8927.68,1000,BUDGET PHONE
4/2/2022,2021-2022,4,P/A/21,CREDIT,ACCESSORY,1,408.48,408.48,508.48,1008.48,600,CHARGER 
5/2/2022,2021-2022,4,P/M/A6,MOBILE PAYMENTS,MOBILE,1,3723.22,3723.22,4223.22,4723.22,1000,BUDGET PHONE
7/2/2022,2021-2022,4,P/A/44,DEBIT,ACCESSORY,1,7042.38,7042.38,7542.38,8042.38,1000,WIRELESS EARPHONES
7/2/2022,2021-2022,4,P/M/A2,CREDIT,MOBILE,1,7034.82,7034.82,7534.82,8034.82,1000,BUDGET PHONE
9/2/2022,2021-2022,4,P/M/A73,CREDIT,MOBILE,1,35106.24,35106.24,36106.24,36606.24,1500,PREMIUM MIDRANGE PHONE
12/2/2022,2021-2022,4,P/M/A35,MOBILE PAYMENTS,MOBILE,1,38677.68,38677.68,39677.68,40177.68,1500,PREMIUM MIDRANGE PHONE
13-02-2022,2021-2022,4,P/A/22,MOBILE PAYMENTS,ACCESSORY,1,408.48,408.48,508.48,1008.48,600,CHARGER 
13-02-2022,2021-2022,4,P/A/41,CREDIT,ACCESSORY,1,2281.36,2281.36,2381.36,2881.36,600,POWER BANK
14-02-2022,2021-2022,4,P/A/47,CREDIT,ACCESSORY,1,1518.64,1518.64,1618.64,2118.64,600,WIRELESS HEADSET
14-02-2022,2021-2022,4,P/M/A23,CREDIT,MOBILE,1,650,650,750,1250,600,BUDGET PHONE
2/3/2022,2021-2022,4,P/M/A24,CASH,MOBILE,1,917.86,917.86,1017.86,1517.86,600,BUDGET PHONE
14-02-2022,2021-2022,4,P/M/A8,MOBILE PAYMENTS,MOBILE,1,11891.96,11891.96,12891.96,13391.96,1500,BUDGET PHONE
15-02-2022,2021-2022,4,P/M/A4,MOBILE PAYMENTS,MOBILE,1,9213.4,9213.4,10213.4,10713.4,1500,BUDGET PHONE
16-02-2022,2021-2022,4,P/M/A23,DEBIT,MOBILE,1,650,650,750,1250,600,BUDGET PHONE
30-01-2022,2021-2022,4,P/M/A24,CASH,MOBILE,1,850.9,850.9,950.9,1450.9,600,BUDGET PHONE
18-02-2022,2021-2022,4,P/A/21,CREDIT,ACCESSORY,1,408.48,408.48,508.48,1008.48,600,CHARGER 
18-02-2022,2021-2022,4,P/M/A2,MOBILE PAYMENTS,MOBILE,1,7034.82,7034.82,7534.82,8034.82,1000,BUDGET PHONE
18-02-2022,2021-2022,4,P/M/A8,MOBILE PAYMENTS,MOBILE,1,12784.82,12784.82,13784.82,14284.82,1500,BUDGET PHONE
19-02-2022,2021-2022,4,P/A/21,MOBILE PAYMENTS,ACCESSORY,1,408.48,408.48,508.48,1008.48,600,CHARGER 
19-02-2022,2021-2022,4,P/A/35,MOBILE PAYMENTS,ACCESSORY,1,1772.04,1772.04,1872.04,2372.04,600,COVER
19-02-2022,2021-2022,4,P/M/A2,DEBIT,MOBILE,1,7034.82,7034.82,7534.82,8034.82,1000,BUDGET PHONE
19-02-2022,2021-2022,4,P/M/A73,DEBIT,MOBILE,1,35106.24,35106.24,36106.24,36606.24,1500,PREMIUM MIDRANGE PHONE
19-02-2022,2021-2022,4,P/M/A8,MOBILE PAYMENTS,MOBILE,1,11891.96,11891.96,12891.96,13391.96,1500,BUDGET PHONE
20-02-2022,2021-2022,4,P/A/30,MOBILE PAYMENTS,ACCESSORY,1,5440.68,5440.68,5940.68,6440.68,1000,COVER
20-02-2022,2021-2022,4,P/A/4,CREDIT,ACCESSORY,1,22652.54,22652.54,23652.54,24152.54,1500,GALAXY WATCH
20-02-2022,2021-2022,4,P/M/A4,CREDIT,MOBILE,1,9401.78,9401.78,9901.78,10401.78,1000,BUDGET PHONE
20-02-2022,2021-2022,4,P/T/S11,CASH,TABLET,1,49262.72,49262.72,50262.72,50762.72,1500,FLAGSHIP TAB
18-01-2022,2021-2022,4,P/A/41,CASH,ACCESSORY,1,671.18,671.18,771.18,1271.18,600,POWER BANK
23-02-2022,2021-2022,4,P/M/A25,DEBIT,MOBILE,1,1230.36,1230.36,1330.36,1830.36,600,BUDGET PHONE
23-02-2022,2021-2022,4,P/M/A73,CREDIT,MOBILE,1,33320.54,33320.54,34320.54,34820.54,1500,PREMIUM MIDRANGE PHONE
24-02-2022,2021-2022,4,P/A/30,DEBIT,ACCESSORY,1,8321.19,8321.19,8821.19,9321.19,1000,COVER
27-02-2022,2021-2022,4,P/A/41,CREDIT,ACCESSORY,1,2238.98,2238.98,2338.98,2838.98,600,POWER BANK
28-02-2022,2021-2022,4,P/A/41,DEBIT,ACCESSORY,1,671.18,671.18,771.18,1271.18,600,POWER BANK
28-02-2022,2021-2022,4,P/M/A45,DEBIT,MOBILE,1,58232.14,58232.14,59232.14,59732.14,1500,FLAGSHIP PHONE
28-05-2021,2021-2022,4,P/M/A76,DEBIT,MOBILE,1,60999.1,60999.1,61999.1,62499.1,1500,FLAGSHIP PHONE
1/3/2022,2021-2022,4,P/M/A24,CREDIT,MOBILE,1,882.14,882.14,982.14,1482.14,600,BUDGET PHONE
6/2/2022,2021-2022,4,P/M/A23,CASH,MOBILE,1,627.68,627.68,727.68,1227.68,600,BUDGET PHONE
3/3/2022,2021-2022,4,P/A/35,DEBIT,ACCESSORY,1,2195.76,2195.76,2295.76,2795.76,600,COVER
4/3/2022,2021-2022,4,P/M/A3,DEBIT,MOBILE,1,9651.78,9651.78,10651.78,11151.78,1500,BUDGET PHONE
5/3/2022,2021-2022,4,P/A/44,MOBILE PAYMENTS,ACCESSORY,1,6627.12,6627.12,7127.12,7627.12,1000,WIRELESS EARPHONES
5/3/2022,2021-2022,4,P/M/A25,MOBILE PAYMENTS,MOBILE,1,1208.04,1208.04,1308.04,1808.04,600,BUDGET PHONE
5/3/2022,2021-2022,4,P/M/A8,CREDIT,MOBILE,1,11891.96,11891.96,12891.96,13391.96,1500,BUDGET PHONE
5/3/2022,2021-2022,4,P/M/A8,MOBILE PAYMENTS,MOBILE,1,12784.82,12784.82,13784.82,14284.82,1500,BUDGET PHONE
6/3/2022,2021-2022,4,P/M/A47,DEBIT,MOBILE,1,58320.54,58320.54,59320.54,59820.54,1500,FLAGSHIP PHONE
6/3/2022,2021-2022,4,P/M/A48,CREDIT,MOBILE,1,64570.54,64570.54,65570.54,66070.54,1500,FLAGSHIP PHONE
6/3/2022,2021-2022,4,P/M/A48,DEBIT,MOBILE,1,64570.54,64570.54,65570.54,66070.54,1500,FLAGSHIP PHONE
6/3/2022,2021-2022,4,P/M/A48,CREDIT,MOBILE,1,64570.54,64570.54,65570.54,66070.54,1500,FLAGSHIP PHONE
7/3/2022,2021-2022,4,P/M/A70,MOBILE PAYMENTS,MOBILE,1,12784.82,12784.82,13784.82,14284.82,1500,BUDGET PHONE
9/3/2022,2021-2022,4,P/M/A2,DEBIT,MOBILE,1,7927.68,7927.68,8427.68,8927.68,1000,BUDGET PHONE
9/3/2022,2021-2022,4,P/M/A4,CREDIT,MOBILE,1,10106.24,10106.24,11106.24,11606.24,1500,BUDGET PHONE
11/3/2022,2021-2022,4,P/A/47,DEBIT,ACCESSORY,1,1772.88,1772.88,1872.88,2372.88,600,WIRELESS HEADSET
12/3/2022,2021-2022,4,P/A/41,CREDIT,ACCESSORY,1,2154.24,2154.24,2254.24,2754.24,600,POWER BANK
12/3/2022,2021-2022,4,P/A/43,CREDIT,ACCESSORY,1,416.94,416.94,516.94,1016.94,600,WIRELESS EARPHONES
12/3/2022,2021-2022,4,P/M/A49,CREDIT,MOBILE,1,81534.82,81534.82,82534.82,83034.82,1500,LUXURY PHONE
14-03-2022,2021-2022,4,P/M/A69,CREDIT,MOBILE,1,12784.82,12784.82,13784.82,14284.82,1500,BUDGET PHONE
14-03-2022,2021-2022,4,P/M/A77,DEBIT,MOBILE,1,69927.68,69927.68,70927.68,71427.68,1500,FLAGSHIP PHONE
15-03-2022,2021-2022,4,P/M/A23,CREDIT,MOBILE,1,650,650,750,1250,600,BUDGET PHONE
15-03-2022,2021-2022,4,P/M/A45,MOBILE PAYMENTS,MOBILE,1,58232.14,58232.14,59232.14,59732.14,1500,FLAGSHIP PHONE
15-03-2022,2021-2022,4,P/M/A75,MOBILE PAYMENTS,MOBILE,1,59125,59125,60125,60625,1500,FLAGSHIP PHONE
15-03-2022,2021-2022,4,P/M/A8,DEBIT,MOBILE,1,12784.82,12784.82,13784.82,14284.82,1500,BUDGET PHONE
16-03-2022,2021-2022,4,P/M/A3,CREDIT,MOBILE,1,9651.78,9651.78,10651.78,11151.78,1500,BUDGET PHONE
16-03-2022,2021-2022,4,P/M/A3,MOBILE PAYMENTS,MOBILE,1,9651.78,9651.78,10651.78,11151.78,1500,BUDGET PHONE
16-03-2022,2021-2022,4,P/M/A4,CREDIT,MOBILE,1,9213.4,9213.4,10213.4,10713.4,1500,BUDGET PHONE
16-03-2022,2021-2022,4,P/M/A8,DEBIT,MOBILE,1,11891.96,11891.96,12891.96,13391.96,1500,BUDGET PHONE
24-01-2022,2021-2022,4,P/A/41,CASH,ACCESSORY,1,459.32,459.32,559.32,1059.32,600,POWER BANK
17-03-2022,2021-2022,4,P/M/A47,CREDIT,MOBILE,1,58320.54,58320.54,59320.54,59820.54,1500,FLAGSHIP PHONE
18-03-2022,2021-2022,4,P/A/2,MOBILE PAYMENTS,ACCESSORY,1,22644.06,22644.06,23644.06,24144.06,1500,GALAXY WATCH
18-03-2022,2021-2022,4,P/M/A24,MOBILE PAYMENTS,MOBILE,1,873.22,873.22,973.22,1473.22,600,BUDGET PHONE
18-03-2022,2021-2022,4,P/M/A75,DEBIT,MOBILE,1,59125,59125,60125,60625,1500,FLAGSHIP PHONE
19-03-2022,2021-2022,4,P/M/A24,DEBIT,MOBILE,1,828.58,828.58,928.58,1428.58,600,BUDGET PHONE
20-03-2022,2021-2022,4,P/A/6,DEBIT,ACCESSORY,1,29000,29000,30000,30500,1500,GALAXY WATCH
9/2/2022,2021-2022,4,P/M/A15,CREDIT,MOBILE,1,24383.92,24383.92,25383.92,25883.92,1500,MIDRANGE PHONE
1/3/2022,2021-2022,4,P/M/A15,CREDIT,MOBILE,1,24383.92,24383.92,25383.92,25883.92,1500,MIDRANGE PHONE
15-03-2022,2021-2022,4,P/M/A15,CREDIT,MOBILE,1,24383.92,24383.92,25383.92,25883.92,1500,MIDRANGE PHONE
2/1/2022,2021-2022,4,P/M/A16,MOBILE PAYMENTS,MOBILE,1,24391.96,24391.96,25391.96,25891.96,1500,MIDRANGE PHONE
9/1/2022,2021-2022,4,P/M/A16,MOBILE PAYMENTS,MOBILE,1,24391.96,24391.96,25391.96,25891.96,1500,MIDRANGE PHONE
1/2/2022,2021-2022,4,P/M/A17,DEBIT,MOBILE,1,25284.82,25284.82,26284.82,26784.82,1500,MIDRANGE PHONE
26-02-2022,2021-2022,4,P/M/A17,CREDIT,MOBILE,1,25284.82,25284.82,26284.82,26784.82,1500,MIDRANGE PHONE
1/3/2022,2021-2022,4,P/M/A17,DEBIT,MOBILE,1,25284.82,25284.82,26284.82,26784.82,1500,MIDRANGE PHONE
5/3/2022,2021-2022,4,P/M/A17,CREDIT,MOBILE,1,25284.82,25284.82,26284.82,26784.82,1500,MIDRANGE PHONE
9/3/2022,2021-2022,4,P/M/A17,DEBIT,MOBILE,1,25284.82,25284.82,26284.82,26784.82,1500,MIDRANGE PHONE
15-03-2022,2021-2022,4,P/M/A17,MOBILE PAYMENTS,MOBILE,1,25284.82,25284.82,26284.82,26784.82,1500,MIDRANGE PHONE
16-03-2022,2021-2022,4,P/M/A17,MOBILE PAYMENTS,MOBILE,1,25284.82,25284.82,26284.82,26784.82,1500,MIDRANGE PHONE
14-01-2022,2021-2022,4,P/A/22,CASH,ACCESSORY,1,408.48,408.48,508.48,1008.48,600,CHARGER 
1/1/2022,2021-2022,4,P/M/A16,DEBIT,MOBILE,1,26177.68,26177.68,27177.68,27677.68,1500,MIDRANGE PHONE
15-02-2022,2021-2022,4,P/A/21,CASH,ACCESSORY,1,408.48,408.48,508.48,1008.48,600,CHARGER 
24-01-2022,2021-2022,4,P/M/A16,DEBIT,MOBILE,1,26177.68,26177.68,27177.68,27677.68,1500,MIDRANGE PHONE
25-01-2022,2021-2022,4,P/M/A16,MOBILE PAYMENTS,MOBILE,1,26177.68,26177.68,27177.68,27677.68,1500,MIDRANGE PHONE
1/2/2022,2021-2022,4,P/M/A16,CREDIT,MOBILE,1,26177.68,26177.68,27177.68,27677.68,1500,MIDRANGE PHONE
3/2/2022,2021-2022,4,P/M/A16,MOBILE PAYMENTS,MOBILE,1,26177.68,26177.68,27177.68,27677.68,1500,MIDRANGE PHONE
3/1/2022,2021-2022,4,P/A/22,CASH,ACCESSORY,1,374.58,374.58,474.58,974.58,600,CHARGER 
21-04-2021,2021-2022,1,P/M/A62,MOBILE PAYMENTS,MOBILE,1,13669.64,13669.64,14669.64,15169.64,1500,MIDRANGE PHONE
22-04-2021,2021-2022,1,P/M/A62,CREDIT,MOBILE,1,13669.64,13669.64,14669.64,15169.64,1500,MIDRANGE PHONE
2/5/2021,2021-2022,1,P/M/A62,CREDIT,MOBILE,1,13669.64,13669.64,14669.64,15169.64,1500,MIDRANGE PHONE
3/5/2021,2021-2022,1,P/M/A62,CREDIT,MOBILE,1,13669.64,13669.64,14669.64,15169.64,1500,MIDRANGE PHONE
17-06-2021,2021-2022,1,P/M/A62,CREDIT,MOBILE,1,13669.64,13669.64,14669.64,15169.64,1500,MIDRANGE PHONE
29-06-2021,2021-2022,1,P/M/A63,DEBIT,MOBILE,1,13669.64,13669.64,14669.64,15169.64,1500,MIDRANGE PHONE
27-05-2021,2021-2022,1,P/M/A63,DEBIT,MOBILE,1,14857.14,14857.14,15857.14,16357.14,1500,MIDRANGE PHONE
17-05-2021,2021-2022,1,P/M/A63,MOBILE PAYMENTS,MOBILE,1,14883.92,14883.92,15883.92,16383.92,1500,MIDRANGE PHONE
3/6/2021,2021-2022,1,P/M/A63,CASH,MOBILE,1,14883.92,14883.92,15883.92,16383.92,1500,MIDRANGE PHONE
5/6/2021,2021-2022,1,P/M/A63,CREDIT,MOBILE,1,14883.92,14883.92,15883.92,16383.92,1500,MIDRANGE PHONE
7/6/2021,2021-2022,1,P/M/A63,MOBILE PAYMENTS,MOBILE,1,14883.92,14883.92,15883.92,16383.92,1500,MIDRANGE PHONE
4/4/2021,2021-2022,1,P/M/A63,MOBILE PAYMENTS,MOBILE,1,15375,15375,16375,16875,1500,MIDRANGE PHONE
9/4/2021,2021-2022,1,P/M/A63,MOBILE PAYMENTS,MOBILE,1,15375,15375,16375,16875,1500,MIDRANGE PHONE
14-04-2021,2021-2022,1,P/M/A63,MOBILE PAYMENTS,MOBILE,1,15375,15375,16375,16875,1500,MIDRANGE PHONE
14-04-2021,2021-2022,1,P/M/A63,MOBILE PAYMENTS,MOBILE,1,15375,15375,16375,16875,1500,MIDRANGE PHONE
15-04-2021,2021-2022,1,P/M/A63,CREDIT,MOBILE,1,15375,15375,16375,16875,1500,MIDRANGE PHONE
15-04-2021,2021-2022,1,P/M/A63,DEBIT,MOBILE,1,15375,15375,16375,16875,1500,MIDRANGE PHONE
18-04-2021,2021-2022,1,P/M/A63,MOBILE PAYMENTS,MOBILE,1,15375,15375,16375,16875,1500,MIDRANGE PHONE
21-04-2021,2021-2022,1,P/M/A63,CASH,MOBILE,1,15375,15375,16375,16875,1500,MIDRANGE PHONE
25-04-2021,2021-2022,1,P/M/A63,DEBIT,MOBILE,1,15375,15375,16375,16875,1500,MIDRANGE PHONE
7/5/2021,2021-2022,1,P/M/A63,CASH,MOBILE,1,15375,15375,16375,16875,1500,MIDRANGE PHONE
24-05-2021,2021-2022,1,P/M/A13,DEBIT,MOBILE,1,18133.92,18133.92,19133.92,19633.92,1500,MIDRANGE PHONE
7/6/2021,2021-2022,1,P/M/A13,CREDIT,MOBILE,1,18133.92,18133.92,19133.92,19633.92,1500,MIDRANGE PHONE
12/6/2021,2021-2022,1,P/M/A13,CASH,MOBILE,1,18133.92,18133.92,19133.92,19633.92,1500,MIDRANGE PHONE
2/5/2021,2021-2022,1,P/M/A13,CREDIT,MOBILE,1,18142.86,18142.86,19142.86,19642.86,1500,MIDRANGE PHONE
24-05-2021,2021-2022,1,P/M/A13,DEBIT,MOBILE,1,18142.86,18142.86,19142.86,19642.86,1500,MIDRANGE PHONE
30-05-2021,2021-2022,1,P/M/A13,DEBIT,MOBILE,1,18142.86,18142.86,19142.86,19642.86,1500,MIDRANGE PHONE
15-04-2021,2021-2022,1,P/M/A27,DEBIT,MOBILE,1,18500,18500,19500,20000,1500,MIDRANGE PHONE
22-04-2021,2021-2022,1,P/M/A27,CREDIT,MOBILE,1,18500,18500,19500,20000,1500,MIDRANGE PHONE
5/5/2021,2021-2022,1,P/M/A27,MOBILE PAYMENTS,MOBILE,1,18500,18500,19500,20000,1500,MIDRANGE PHONE
15-05-2021,2021-2022,1,P/M/A27,MOBILE PAYMENTS,MOBILE,1,18500,18500,19500,20000,1500,MIDRANGE PHONE
13-06-2021,2021-2022,1,P/M/A27,DEBIT,MOBILE,1,18500,18500,19500,20000,1500,MIDRANGE PHONE
17-06-2021,2021-2022,1,P/M/A27,CASH,MOBILE,1,18500,18500,19500,20000,1500,MIDRANGE PHONE
19-06-2021,2021-2022,1,P/M/A13,DEBIT,MOBILE,1,19026.78,19026.78,20026.78,20526.78,1500,MIDRANGE PHONE
3/6/2021,2021-2022,1,P/M/A20,CASH,MOBILE,1,19919.64,19919.64,20919.64,21419.64,1500,MIDRANGE PHONE
14-06-2021,2021-2022,1,P/M/A14,DEBIT,MOBILE,1,19919.64,19919.64,20919.64,21419.64,1500,MIDRANGE PHONE
29-06-2021,2021-2022,1,P/M/A14,MOBILE PAYMENTS,MOBILE,1,19919.64,19919.64,20919.64,21419.64,1500,MIDRANGE PHONE
30-06-2021,2021-2022,1,P/M/A14,DEBIT,MOBILE,1,19919.64,19919.64,20919.64,21419.64,1500,MIDRANGE PHONE
8/4/2021,2021-2022,1,P/M/A27,CREDIT,MOBILE,1,20732.14,20732.14,21732.14,22232.14,1500,MIDRANGE PHONE
9/4/2021,2021-2022,1,P/M/A27,CREDIT,MOBILE,1,20732.14,20732.14,21732.14,22232.14,1500,MIDRANGE PHONE
13-04-2021,2021-2022,1,P/M/A27,DEBIT,MOBILE,1,20732.14,20732.14,21732.14,22232.14,1500,MIDRANGE PHONE
26-05-2021,2021-2022,1,P/M/A14,CREDIT,MOBILE,1,21705.36,21705.36,22705.36,23205.36,1500,MIDRANGE PHONE
31-05-2021,2021-2022,1,P/M/A14,DEBIT,MOBILE,1,21705.36,21705.36,22705.36,23205.36,1500,MIDRANGE PHONE
2/6/2021,2021-2022,1,P/M/A14,DEBIT,MOBILE,1,21705.36,21705.36,22705.36,23205.36,1500,MIDRANGE PHONE
15-06-2021,2021-2022,1,P/M/A14,CREDIT,MOBILE,1,21705.36,21705.36,22705.36,23205.36,1500,MIDRANGE PHONE
20-04-2021,2021-2022,1,P/M/A28,DEBIT,MOBILE,1,25196.42,25196.42,26196.42,26696.42,1500,MIDRANGE PHONE
31-05-2021,2021-2022,1,P/M/A28,DEBIT,MOBILE,1,25196.42,25196.42,26196.42,26696.42,1500,MIDRANGE PHONE
3/6/2021,2021-2022,1,P/M/A19,CASH,MOBILE,1,26169.64,26169.64,27169.64,27669.64,1500,MIDRANGE PHONE
13-06-2021,2021-2022,1,P/M/A19,DEBIT,MOBILE,1,26169.64,26169.64,27169.64,27669.64,1500,MIDRANGE PHONE
2/7/2021,2021-2022,2,P/M/A62,CASH,MOBILE,1,13669.64,13669.64,14669.64,15169.64,1500,MIDRANGE PHONE
1/7/2021,2021-2022,2,P/M/A70,DEBIT,MOBILE,1,14177.12,14177.12,15177.12,15677.12,1500,MIDRANGE PHONE
8/7/2021,2021-2022,2,P/M/A5,CREDIT,MOBILE,1,14177.12,14177.12,15177.12,15677.12,1500,MIDRANGE PHONE
8/7/2021,2021-2022,2,P/M/A5,CREDIT,MOBILE,1,14177.12,14177.12,15177.12,15677.12,1500,MIDRANGE PHONE
10/7/2021,2021-2022,2,P/M/A5,DEBIT,MOBILE,1,14177.12,14177.12,15177.12,15677.12,1500,MIDRANGE PHONE
24-08-2021,2021-2022,2,P/M/A64,CASH,MOBILE,1,14562.5,14562.5,15562.5,16062.5,1500,MIDRANGE PHONE
29-08-2021,2021-2022,2,P/M/A64,MOBILE PAYMENTS,MOBILE,1,14562.5,14562.5,15562.5,16062.5,1500,MIDRANGE PHONE
1/9/2021,2021-2022,2,P/M/A64,CREDIT,MOBILE,1,14562.5,14562.5,15562.5,16062.5,1500,MIDRANGE PHONE
2/9/2021,2021-2022,2,P/M/A64,CREDIT,MOBILE,1,14562.5,14562.5,15562.5,16062.5,1500,MIDRANGE PHONE
4/9/2021,2021-2022,2,P/M/A64,CREDIT,MOBILE,1,14562.5,14562.5,15562.5,16062.5,1500,MIDRANGE PHONE
6/9/2021,2021-2022,2,P/M/A64,MOBILE PAYMENTS,MOBILE,1,14562.5,14562.5,15562.5,16062.5,1500,MIDRANGE PHONE
7/9/2021,2021-2022,2,P/M/A64,DEBIT,MOBILE,1,14562.5,14562.5,15562.5,16062.5,1500,MIDRANGE PHONE
7/9/2021,2021-2022,2,P/M/A64,CASH,MOBILE,1,14562.5,14562.5,15562.5,16062.5,1500,MIDRANGE PHONE
9/9/2021,2021-2022,2,P/M/A64,CREDIT,MOBILE,1,14562.5,14562.5,15562.5,16062.5,1500,MIDRANGE PHONE
14-09-2021,2021-2022,2,P/M/A64,DEBIT,MOBILE,1,14562.5,14562.5,15562.5,16062.5,1500,MIDRANGE PHONE
15-09-2021,2021-2022,2,P/M/A64,CASH,MOBILE,1,14562.5,14562.5,15562.5,16062.5,1500,MIDRANGE PHONE
18-09-2021,2021-2022,2,P/M/A64,DEBIT,MOBILE,1,14562.5,14562.5,15562.5,16062.5,1500,MIDRANGE PHONE
23-09-2021,2021-2022,2,P/M/A64,MOBILE PAYMENTS,MOBILE,1,14562.5,14562.5,15562.5,16062.5,1500,MIDRANGE PHONE
23-09-2021,2021-2022,2,P/M/A64,CREDIT,MOBILE,1,14562.5,14562.5,15562.5,16062.5,1500,MIDRANGE PHONE
25-09-2021,2021-2022,2,P/M/A64,MOBILE PAYMENTS,MOBILE,1,14562.5,14562.5,15562.5,16062.5,1500,MIDRANGE PHONE
24-08-2021,2021-2022,2,P/M/A64,CASH,MOBILE,1,14660.72,14660.72,15660.72,16160.72,1500,MIDRANGE PHONE
12/7/2021,2021-2022,2,P/M/A63,DEBIT,MOBILE,1,14883.92,14883.92,15883.92,16383.92,1500,MIDRANGE PHONE
7/8/2021,2021-2022,2,P/M/A63,CASH,MOBILE,1,14883.92,14883.92,15883.92,16383.92,1500,MIDRANGE PHONE
12/9/2021,2021-2022,2,P/M/A63,CREDIT,MOBILE,1,15375,15375,16375,16875,1500,MIDRANGE PHONE
4/9/2021,2021-2022,2,P/M/A9,CREDIT,MOBILE,1,15448.3,15448.3,16448.3,16948.3,1500,MIDRANGE PHONE
30-09-2021,2021-2022,2,P/M/A9,CREDIT,MOBILE,1,15448.3,15448.3,16448.3,16948.3,1500,MIDRANGE PHONE
30-09-2021,2021-2022,2,P/M/A9,DEBIT,MOBILE,1,15448.3,15448.3,16448.3,16948.3,1500,MIDRANGE PHONE
11/9/2021,2021-2022,2,P/M/A9,CREDIT,MOBILE,1,15448.31,15448.31,16448.31,16948.31,1500,MIDRANGE PHONE
17-09-2021,2021-2022,2,P/M/A9,MOBILE PAYMENTS,MOBILE,1,15448.31,15448.31,16448.31,16948.31,1500,MIDRANGE PHONE
4/7/2021,2021-2022,2,P/M/A64,DEBIT,MOBILE,1,15455.36,15455.36,16455.36,16955.36,1500,MIDRANGE PHONE
8/7/2021,2021-2022,2,P/M/A64,CREDIT,MOBILE,1,15455.36,15455.36,16455.36,16955.36,1500,MIDRANGE PHONE
11/7/2021,2021-2022,2,P/M/A64,MOBILE PAYMENTS,MOBILE,1,15455.36,15455.36,16455.36,16955.36,1500,MIDRANGE PHONE
12/7/2021,2021-2022,2,P/M/A64,CASH,MOBILE,1,15455.36,15455.36,16455.36,16955.36,1500,MIDRANGE PHONE
14-07-2021,2021-2022,2,P/M/A64,DEBIT,MOBILE,1,15455.36,15455.36,16455.36,16955.36,1500,MIDRANGE PHONE
14-07-2021,2021-2022,2,P/M/A64,CREDIT,MOBILE,1,15455.36,15455.36,16455.36,16955.36,1500,MIDRANGE PHONE
14-07-2021,2021-2022,2,P/M/A64,DEBIT,MOBILE,1,15455.36,15455.36,16455.36,16955.36,1500,MIDRANGE PHONE
21-04-2021,2021-2022,1,P/M/A62,MOBILE PAYMENTS,MOBILE,1,13669.64,13669.64,14669.64,15169.64,1500,MIDRANGE PHONE
22-04-2021,2021-2022,1,P/M/A62,CREDIT,MOBILE,1,13669.64,13669.64,14669.64,15169.64,1500,MIDRANGE PHONE
2/5/2021,2021-2022,1,P/M/A62,CREDIT,MOBILE,1,13669.64,13669.64,14669.64,15169.64,1500,MIDRANGE PHONE
3/5/2021,2021-2022,1,P/M/A62,CREDIT,MOBILE,1,13669.64,13669.64,14669.64,15169.64,1500,MIDRANGE PHONE
17-06-2021,2021-2022,1,P/M/A62,CREDIT,MOBILE,1,13669.64,13669.64,14669.64,15169.64,1500,MIDRANGE PHONE
29-06-2021,2021-2022,1,P/M/A63,DEBIT,MOBILE,1,13669.64,13669.64,14669.64,15169.64,1500,MIDRANGE PHONE
27-05-2021,2021-2022,1,P/M/A63,DEBIT,MOBILE,1,14857.14,14857.14,15857.14,16357.14,1500,MIDRANGE PHONE
17-05-2021,2021-2022,1,P/M/A63,MOBILE PAYMENTS,MOBILE,1,14883.92,14883.92,15883.92,16383.92,1500,MIDRANGE PHONE
3/6/2021,2021-2022,1,P/M/A63,CASH,MOBILE,1,14883.92,14883.92,15883.92,16383.92,1500,MIDRANGE PHONE
5/6/2021,2021-2022,1,P/M/A63,CREDIT,MOBILE,1,14883.92,14883.92,15883.92,16383.92,1500,MIDRANGE PHONE
7/6/2021,2021-2022,1,P/M/A63,MOBILE PAYMENTS,MOBILE,1,14883.92,14883.92,15883.92,16383.92,1500,MIDRANGE PHONE
4/4/2021,2021-2022,1,P/M/A63,MOBILE PAYMENTS,MOBILE,1,15375,15375,16375,16875,1500,MIDRANGE PHONE
9/4/2021,2021-2022,1,P/M/A63,MOBILE PAYMENTS,MOBILE,1,15375,15375,16375,16875,1500,MIDRANGE PHONE
14-04-2021,2021-2022,1,P/M/A63,MOBILE PAYMENTS,MOBILE,1,15375,15375,16375,16875,1500,MIDRANGE PHONE
14-04-2021,2021-2022,1,P/M/A63,MOBILE PAYMENTS,MOBILE,1,15375,15375,16375,16875,1500,MIDRANGE PHONE
15-04-2021,2021-2022,1,P/M/A63,CREDIT,MOBILE,1,15375,15375,16375,16875,1500,MIDRANGE PHONE
15-04-2021,2021-2022,1,P/M/A63,DEBIT,MOBILE,1,15375,15375,16375,16875,1500,MIDRANGE PHONE
18-04-2021,2021-2022,1,P/M/A63,MOBILE PAYMENTS,MOBILE,1,15375,15375,16375,16875,1500,MIDRANGE PHONE
21-04-2021,2021-2022,1,P/M/A63,CASH,MOBILE,1,15375,15375,16375,16875,1500,MIDRANGE PHONE
25-04-2021,2021-2022,1,P/M/A63,DEBIT,MOBILE,1,15375,15375,16375,16875,1500,MIDRANGE PHONE
7/5/2021,2021-2022,1,P/M/A63,CASH,MOBILE,1,15375,15375,16375,16875,1500,MIDRANGE PHONE
24-05-2021,2021-2022,1,P/M/A13,DEBIT,MOBILE,1,18133.92,18133.92,19133.92,19633.92,1500,MIDRANGE PHONE
7/6/2021,2021-2022,1,P/M/A13,CREDIT,MOBILE,1,18133.92,18133.92,19133.92,19633.92,1500,MIDRANGE PHONE
12/6/2021,2021-2022,1,P/M/A13,CASH,MOBILE,1,18133.92,18133.92,19133.92,19633.92,1500,MIDRANGE PHONE
2/5/2021,2021-2022,1,P/M/A13,CREDIT,MOBILE,1,18142.86,18142.86,19142.86,19642.86,1500,MIDRANGE PHONE
24-05-2021,2021-2022,1,P/M/A13,DEBIT,MOBILE,1,18142.86,18142.86,19142.86,19642.86,1500,MIDRANGE PHONE
30-05-2021,2021-2022,1,P/M/A13,DEBIT,MOBILE,1,18142.86,18142.86,19142.86,19642.86,1500,MIDRANGE PHONE
15-04-2021,2021-2022,1,P/M/A27,DEBIT,MOBILE,1,18500,18500,19500,20000,1500,MIDRANGE PHONE
22-04-2021,2021-2022,1,P/M/A27,CREDIT,MOBILE,1,18500,18500,19500,20000,1500,MIDRANGE PHONE
5/5/2021,2021-2022,1,P/M/A27,MOBILE PAYMENTS,MOBILE,1,18500,18500,19500,20000,1500,MIDRANGE PHONE
15-05-2021,2021-2022,1,P/M/A27,MOBILE PAYMENTS,MOBILE,1,18500,18500,19500,20000,1500,MIDRANGE PHONE
13-06-2021,2021-2022,1,P/M/A27,DEBIT,MOBILE,1,18500,18500,19500,20000,1500,MIDRANGE PHONE
17-06-2021,2021-2022,1,P/M/A27,CASH,MOBILE,1,18500,18500,19500,20000,1500,MIDRANGE PHONE
19-06-2021,2021-2022,1,P/M/A13,DEBIT,MOBILE,1,19026.78,19026.78,20026.78,20526.78,1500,MIDRANGE PHONE
3/6/2021,2021-2022,1,P/M/A20,CASH,MOBILE,1,19919.64,19919.64,20919.64,21419.64,1500,MIDRANGE PHONE
14-06-2021,2021-2022,1,P/M/A14,DEBIT,MOBILE,1,19919.64,19919.64,20919.64,21419.64,1500,MIDRANGE PHONE
29-06-2021,2021-2022,1,P/M/A14,MOBILE PAYMENTS,MOBILE,1,19919.64,19919.64,20919.64,21419.64,1500,MIDRANGE PHONE
30-06-2021,2021-2022,1,P/M/A14,DEBIT,MOBILE,1,19919.64,19919.64,20919.64,21419.64,1500,MIDRANGE PHONE
8/4/2021,2021-2022,1,P/M/A27,CREDIT,MOBILE,1,20732.14,20732.14,21732.14,22232.14,1500,MIDRANGE PHONE
9/4/2021,2021-2022,1,P/M/A27,CREDIT,MOBILE,1,20732.14,20732.14,21732.14,22232.14,1500,MIDRANGE PHONE
13-04-2021,2021-2022,1,P/M/A27,DEBIT,MOBILE,1,20732.14,20732.14,21732.14,22232.14,1500,MIDRANGE PHONE
26-05-2021,2021-2022,1,P/M/A14,CREDIT,MOBILE,1,21705.36,21705.36,22705.36,23205.36,1500,MIDRANGE PHONE
31-05-2021,2021-2022,1,P/M/A14,DEBIT,MOBILE,1,21705.36,21705.36,22705.36,23205.36,1500,MIDRANGE PHONE
2/6/2021,2021-2022,1,P/M/A14,DEBIT,MOBILE,1,21705.36,21705.36,22705.36,23205.36,1500,MIDRANGE PHONE
15-06-2021,2021-2022,1,P/M/A14,CREDIT,MOBILE,1,21705.36,21705.36,22705.36,23205.36,1500,MIDRANGE PHONE
20-04-2021,2021-2022,1,P/M/A28,DEBIT,MOBILE,1,25196.42,25196.42,26196.42,26696.42,1500,MIDRANGE PHONE
31-05-2021,2021-2022,1,P/M/A28,DEBIT,MOBILE,1,25196.42,25196.42,26196.42,26696.42,1500,MIDRANGE PHONE
3/6/2021,2021-2022,1,P/M/A19,CASH,MOBILE,1,26169.64,26169.64,27169.64,27669.64,1500,MIDRANGE PHONE
13-06-2021,2021-2022,1,P/M/A19,DEBIT,MOBILE,1,26169.64,26169.64,27169.64,27669.64,1500,MIDRANGE PHONE
2/7/2021,2021-2022,2,P/M/A62,CASH,MOBILE,1,13669.64,13669.64,14669.64,15169.64,1500,MIDRANGE PHONE
1/7/2021,2021-2022,2,P/M/A70,DEBIT,MOBILE,1,14177.12,14177.12,15177.12,15677.12,1500,MIDRANGE PHONE
8/7/2021,2021-2022,2,P/M/A5,CREDIT,MOBILE,1,14177.12,14177.12,15177.12,15677.12,1500,MIDRANGE PHONE
8/7/2021,2021-2022,2,P/M/A5,CREDIT,MOBILE,1,14177.12,14177.12,15177.12,15677.12,1500,MIDRANGE PHONE
10/7/2021,2021-2022,2,P/M/A5,DEBIT,MOBILE,1,14177.12,14177.12,15177.12,15677.12,1500,MIDRANGE PHONE
24-08-2021,2021-2022,2,P/M/A64,CASH,MOBILE,1,14562.5,14562.5,15562.5,16062.5,1500,MIDRANGE PHONE
29-08-2021,2021-2022,2,P/M/A64,MOBILE PAYMENTS,MOBILE,1,14562.5,14562.5,15562.5,16062.5,1500,MIDRANGE PHONE
1/9/2021,2021-2022,2,P/M/A64,CREDIT,MOBILE,1,14562.5,14562.5,15562.5,16062.5,1500,MIDRANGE PHONE
2/9/2021,2021-2022,2,P/M/A64,CREDIT,MOBILE,1,14562.5,14562.5,15562.5,16062.5,1500,MIDRANGE PHONE
4/9/2021,2021-2022,2,P/M/A64,CREDIT,MOBILE,1,14562.5,14562.5,15562.5,16062.5,1500,MIDRANGE PHONE
6/9/2021,2021-2022,2,P/M/A64,MOBILE PAYMENTS,MOBILE,1,14562.5,14562.5,15562.5,16062.5,1500,MIDRANGE PHONE
7/9/2021,2021-2022,2,P/M/A64,DEBIT,MOBILE,1,14562.5,14562.5,15562.5,16062.5,1500,MIDRANGE PHONE
7/9/2021,2021-2022,2,P/M/A64,CASH,MOBILE,1,14562.5,14562.5,15562.5,16062.5,1500,MIDRANGE PHONE
9/9/2021,2021-2022,2,P/M/A64,CREDIT,MOBILE,1,14562.5,14562.5,15562.5,16062.5,1500,MIDRANGE PHONE
14-09-2021,2021-2022,2,P/M/A64,DEBIT,MOBILE,1,14562.5,14562.5,15562.5,16062.5,1500,MIDRANGE PHONE
15-09-2021,2021-2022,2,P/M/A64,CASH,MOBILE,1,14562.5,14562.5,15562.5,16062.5,1500,MIDRANGE PHONE
18-09-2021,2021-2022,2,P/M/A64,DEBIT,MOBILE,1,14562.5,14562.5,15562.5,16062.5,1500,MIDRANGE PHONE
23-09-2021,2021-2022,2,P/M/A64,MOBILE PAYMENTS,MOBILE,1,14562.5,14562.5,15562.5,16062.5,1500,MIDRANGE PHONE
23-09-2021,2021-2022,2,P/M/A64,CREDIT,MOBILE,1,14562.5,14562.5,15562.5,16062.5,1500,MIDRANGE PHONE
25-09-2021,2021-2022,2,P/M/A64,MOBILE PAYMENTS,MOBILE,1,14562.5,14562.5,15562.5,16062.5,1500,MIDRANGE PHONE
24-08-2021,2021-2022,2,P/M/A64,CASH,MOBILE,1,14660.72,14660.72,15660.72,16160.72,1500,MIDRANGE PHONE
12/7/2021,2021-2022,2,P/M/A63,DEBIT,MOBILE,1,14883.92,14883.92,15883.92,16383.92,1500,MIDRANGE PHONE
7/8/2021,2021-2022,2,P/M/A63,CASH,MOBILE,1,14883.92,14883.92,15883.92,16383.92,1500,MIDRANGE PHONE
12/9/2021,2021-2022,2,P/M/A63,CREDIT,MOBILE,1,15375,15375,16375,16875,1500,MIDRANGE PHONE
4/9/2021,2021-2022,2,P/M/A9,CREDIT,MOBILE,1,15448.3,15448.3,16448.3,16948.3,1500,MIDRANGE PHONE
30-09-2021,2021-2022,2,P/M/A9,CREDIT,MOBILE,1,15448.3,15448.3,16448.3,16948.3,1500,MIDRANGE PHONE
30-09-2021,2021-2022,2,P/M/A9,DEBIT,MOBILE,1,15448.3,15448.3,16448.3,16948.3,1500,MIDRANGE PHONE
11/9/2021,2021-2022,2,P/M/A9,CREDIT,MOBILE,1,15448.31,15448.31,16448.31,16948.31,1500,MIDRANGE PHONE
17-09-2021,2021-2022,2,P/M/A9,MOBILE PAYMENTS,MOBILE,1,15448.31,15448.31,16448.31,16948.31,1500,MIDRANGE PHONE
4/7/2021,2021-2022,2,P/M/A64,DEBIT,MOBILE,1,15455.36,15455.36,16455.36,16955.36,1500,MIDRANGE PHONE
8/7/2021,2021-2022,2,P/M/A64,CREDIT,MOBILE,1,15455.36,15455.36,16455.36,16955.36,1500,MIDRANGE PHONE
11/7/2021,2021-2022,2,P/M/A64,MOBILE PAYMENTS,MOBILE,1,15455.36,15455.36,16455.36,16955.36,1500,MIDRANGE PHONE
12/7/2021,2021-2022,2,P/M/A64,CASH,MOBILE,1,15455.36,15455.36,16455.36,16955.36,1500,MIDRANGE PHONE
14-07-2021,2021-2022,2,P/M/A64,DEBIT,MOBILE,1,15455.36,15455.36,16455.36,16955.36,1500,MIDRANGE PHONE
14-07-2021,2021-2022,2,P/M/A64,CREDIT,MOBILE,1,15455.36,15455.36,16455.36,16955.36,1500,MIDRANGE PHONE
14-07-2021,2021-2022,2,P/M/A64,DEBIT,MOBILE,1,15455.36,15455.36,16455.36,16955.36,1500,MIDRANGE PHONE
21-04-2021,2021-2022,1,P/M/A62,MOBILE PAYMENTS,MOBILE,1,13669.64,13669.64,14669.64,15169.64,1500,MIDRANGE PHONE
22-04-2021,2021-2022,1,P/M/A62,CREDIT,MOBILE,1,13669.64,13669.64,14669.64,15169.64,1500,MIDRANGE PHONE
2/5/2021,2021-2022,1,P/M/A62,CREDIT,MOBILE,1,13669.64,13669.64,14669.64,15169.64,1500,MIDRANGE PHONE
3/5/2021,2021-2022,1,P/M/A62,CREDIT,MOBILE,1,13669.64,13669.64,14669.64,15169.64,1500,MIDRANGE PHONE
17-06-2021,2021-2022,1,P/M/A62,CREDIT,MOBILE,1,13669.64,13669.64,14669.64,15169.64,1500,MIDRANGE PHONE
29-06-2021,2021-2022,1,P/M/A63,DEBIT,MOBILE,1,13669.64,13669.64,14669.64,15169.64,1500,MIDRANGE PHONE
27-05-2021,2021-2022,1,P/M/A63,DEBIT,MOBILE,1,14857.14,14857.14,15857.14,16357.14,1500,MIDRANGE PHONE
17-05-2021,2021-2022,1,P/M/A63,MOBILE PAYMENTS,MOBILE,1,14883.92,14883.92,15883.92,16383.92,1500,MIDRANGE PHONE
3/6/2021,2021-2022,1,P/M/A63,CASH,MOBILE,1,14883.92,14883.92,15883.92,16383.92,1500,MIDRANGE PHONE
5/6/2021,2021-2022,1,P/M/A63,CREDIT,MOBILE,1,14883.92,14883.92,15883.92,16383.92,1500,MIDRANGE PHONE
7/6/2021,2021-2022,1,P/M/A63,MOBILE PAYMENTS,MOBILE,1,14883.92,14883.92,15883.92,16383.92,1500,MIDRANGE PHONE
4/4/2021,2021-2022,1,P/M/A63,MOBILE PAYMENTS,MOBILE,1,15375,15375,16375,16875,1500,MIDRANGE PHONE
9/4/2021,2021-2022,1,P/M/A63,MOBILE PAYMENTS,MOBILE,1,15375,15375,16375,16875,1500,MIDRANGE PHONE
14-04-2021,2021-2022,1,P/M/A63,MOBILE PAYMENTS,MOBILE,1,15375,15375,16375,16875,1500,MIDRANGE PHONE
14-04-2021,2021-2022,1,P/M/A63,MOBILE PAYMENTS,MOBILE,1,15375,15375,16375,16875,1500,MIDRANGE PHONE
15-04-2021,2021-2022,1,P/M/A63,CREDIT,MOBILE,1,15375,15375,16375,16875,1500,MIDRANGE PHONE
15-04-2021,2021-2022,1,P/M/A63,DEBIT,MOBILE,1,15375,15375,16375,16875,1500,MIDRANGE PHONE
18-04-2021,2021-2022,1,P/M/A63,MOBILE PAYMENTS,MOBILE,1,15375,15375,16375,16875,1500,MIDRANGE PHONE
21-04-2021,2021-2022,1,P/M/A63,CASH,MOBILE,1,15375,15375,16375,16875,1500,MIDRANGE PHONE
25-04-2021,2021-2022,1,P/M/A63,DEBIT,MOBILE,1,15375,15375,16375,16875,1500,MIDRANGE PHONE
7/5/2021,2021-2022,1,P/M/A63,CASH,MOBILE,1,15375,15375,16375,16875,1500,MIDRANGE PHONE
24-05-2021,2021-2022,1,P/M/A13,DEBIT,MOBILE,1,18133.92,18133.92,19133.92,19633.92,1500,MIDRANGE PHONE
7/6/2021,2021-2022,1,P/M/A13,CREDIT,MOBILE,1,18133.92,18133.92,19133.92,19633.92,1500,MIDRANGE PHONE
12/6/2021,2021-2022,1,P/M/A13,CASH,MOBILE,1,18133.92,18133.92,19133.92,19633.92,1500,MIDRANGE PHONE
2/5/2021,2021-2022,1,P/M/A13,CREDIT,MOBILE,1,18142.86,18142.86,19142.86,19642.86,1500,MIDRANGE PHONE
24-05-2021,2021-2022,1,P/M/A13,DEBIT,MOBILE,1,18142.86,18142.86,19142.86,19642.86,1500,MIDRANGE PHONE
30-05-2021,2021-2022,1,P/M/A13,DEBIT,MOBILE,1,18142.86,18142.86,19142.86,19642.86,1500,MIDRANGE PHONE
15-04-2021,2021-2022,1,P/M/A27,DEBIT,MOBILE,1,18500,18500,19500,20000,1500,MIDRANGE PHONE
22-04-2021,2021-2022,1,P/M/A27,CREDIT,MOBILE,1,18500,18500,19500,20000,1500,MIDRANGE PHONE
5/5/2021,2021-2022,1,P/M/A27,MOBILE PAYMENTS,MOBILE,1,18500,18500,19500,20000,1500,MIDRANGE PHONE
15-05-2021,2021-2022,1,P/M/A27,MOBILE PAYMENTS,MOBILE,1,18500,18500,19500,20000,1500,MIDRANGE PHONE
13-06-2021,2021-2022,1,P/M/A27,DEBIT,MOBILE,1,18500,18500,19500,20000,1500,MIDRANGE PHONE
17-06-2021,2021-2022,1,P/M/A27,CASH,MOBILE,1,18500,18500,19500,20000,1500,MIDRANGE PHONE
19-06-2021,2021-2022,1,P/M/A13,DEBIT,MOBILE,1,19026.78,19026.78,20026.78,20526.78,1500,MIDRANGE PHONE
3/6/2021,2021-2022,1,P/M/A20,CASH,MOBILE,1,19919.64,19919.64,20919.64,21419.64,1500,MIDRANGE PHONE
14-06-2021,2021-2022,1,P/M/A14,DEBIT,MOBILE,1,19919.64,19919.64,20919.64,21419.64,1500,MIDRANGE PHONE
29-06-2021,2021-2022,1,P/M/A14,MOBILE PAYMENTS,MOBILE,1,19919.64,19919.64,20919.64,21419.64,1500,MIDRANGE PHONE
30-06-2021,2021-2022,1,P/M/A14,DEBIT,MOBILE,1,19919.64,19919.64,20919.64,21419.64,1500,MIDRANGE PHONE
8/4/2021,2021-2022,1,P/M/A27,CREDIT,MOBILE,1,20732.14,20732.14,21732.14,22232.14,1500,MIDRANGE PHONE
9/4/2021,2021-2022,1,P/M/A27,CREDIT,MOBILE,1,20732.14,20732.14,21732.14,22232.14,1500,MIDRANGE PHONE
13-04-2021,2021-2022,1,P/M/A27,DEBIT,MOBILE,1,20732.14,20732.14,21732.14,22232.14,1500,MIDRANGE PHONE
26-05-2021,2021-2022,1,P/M/A14,CREDIT,MOBILE,1,21705.36,21705.36,22705.36,23205.36,1500,MIDRANGE PHONE
31-05-2021,2021-2022,1,P/M/A14,DEBIT,MOBILE,1,21705.36,21705.36,22705.36,23205.36,1500,MIDRANGE PHONE
2/6/2021,2021-2022,1,P/M/A14,DEBIT,MOBILE,1,21705.36,21705.36,22705.36,23205.36,1500,MIDRANGE PHONE
15-06-2021,2021-2022,1,P/M/A14,CREDIT,MOBILE,1,21705.36,21705.36,22705.36,23205.36,1500,MIDRANGE PHONE
20-04-2021,2021-2022,1,P/M/A28,DEBIT,MOBILE,1,25196.42,25196.42,26196.42,26696.42,1500,MIDRANGE PHONE
31-05-2021,2021-2022,1,P/M/A28,DEBIT,MOBILE,1,25196.42,25196.42,26196.42,26696.42,1500,MIDRANGE PHONE
3/6/2021,2021-2022,1,P/M/A19,CASH,MOBILE,1,26169.64,26169.64,27169.64,27669.64,1500,MIDRANGE PHONE
13-06-2021,2021-2022,1,P/M/A19,DEBIT,MOBILE,1,26169.64,26169.64,27169.64,27669.64,1500,MIDRANGE PHONE
2/7/2021,2021-2022,2,P/M/A62,CASH,MOBILE,1,13669.64,13669.64,14669.64,15169.64,1500,MIDRANGE PHONE
1/7/2021,2021-2022,2,P/M/A70,DEBIT,MOBILE,1,14177.12,14177.12,15177.12,15677.12,1500,MIDRANGE PHONE
8/7/2021,2021-2022,2,P/M/A5,CREDIT,MOBILE,1,14177.12,14177.12,15177.12,15677.12,1500,MIDRANGE PHONE
8/7/2021,2021-2022,2,P/M/A5,CREDIT,MOBILE,1,14177.12,14177.12,15177.12,15677.12,1500,MIDRANGE PHONE
10/7/2021,2021-2022,2,P/M/A5,DEBIT,MOBILE,1,14177.12,14177.12,15177.12,15677.12,1500,MIDRANGE PHONE
24-08-2021,2021-2022,2,P/M/A64,CASH,MOBILE,1,14562.5,14562.5,15562.5,16062.5,1500,MIDRANGE PHONE
29-08-2021,2021-2022,2,P/M/A64,MOBILE PAYMENTS,MOBILE,1,14562.5,14562.5,15562.5,16062.5,1500,MIDRANGE PHONE
1/9/2021,2021-2022,2,P/M/A64,CREDIT,MOBILE,1,14562.5,14562.5,15562.5,16062.5,1500,MIDRANGE PHONE
2/9/2021,2021-2022,2,P/M/A64,CREDIT,MOBILE,1,14562.5,14562.5,15562.5,16062.5,1500,MIDRANGE PHONE
4/9/2021,2021-2022,2,P/M/A64,CREDIT,MOBILE,1,14562.5,14562.5,15562.5,16062.5,1500,MIDRANGE PHONE
6/9/2021,2021-2022,2,P/M/A64,MOBILE PAYMENTS,MOBILE,1,14562.5,14562.5,15562.5,16062.5,1500,MIDRANGE PHONE
7/9/2021,2021-2022,2,P/M/A64,DEBIT,MOBILE,1,14562.5,14562.5,15562.5,16062.5,1500,MIDRANGE PHONE
7/9/2021,2021-2022,2,P/M/A64,CASH,MOBILE,1,14562.5,14562.5,15562.5,16062.5,1500,MIDRANGE PHONE
9/9/2021,2021-2022,2,P/M/A64,CREDIT,MOBILE,1,14562.5,14562.5,15562.5,16062.5,1500,MIDRANGE PHONE
14-09-2021,2021-2022,2,P/M/A64,DEBIT,MOBILE,1,14562.5,14562.5,15562.5,16062.5,1500,MIDRANGE PHONE
15-09-2021,2021-2022,2,P/M/A64,CASH,MOBILE,1,14562.5,14562.5,15562.5,16062.5,1500,MIDRANGE PHONE
18-09-2021,2021-2022,2,P/M/A64,DEBIT,MOBILE,1,14562.5,14562.5,15562.5,16062.5,1500,MIDRANGE PHONE
23-09-2021,2021-2022,2,P/M/A64,MOBILE PAYMENTS,MOBILE,1,14562.5,14562.5,15562.5,16062.5,1500,MIDRANGE PHONE
23-09-2021,2021-2022,2,P/M/A64,CREDIT,MOBILE,1,14562.5,14562.5,15562.5,16062.5,1500,MIDRANGE PHONE
25-09-2021,2021-2022,2,P/M/A64,MOBILE PAYMENTS,MOBILE,1,14562.5,14562.5,15562.5,16062.5,1500,MIDRANGE PHONE
24-08-2021,2021-2022,2,P/M/A64,CASH,MOBILE,1,14660.72,14660.72,15660.72,16160.72,1500,MIDRANGE PHONE
12/7/2021,2021-2022,2,P/M/A63,DEBIT,MOBILE,1,14883.92,14883.92,15883.92,16383.92,1500,MIDRANGE PHONE
7/8/2021,2021-2022,2,P/M/A63,CASH,MOBILE,1,14883.92,14883.92,15883.92,16383.92,1500,MIDRANGE PHONE
12/9/2021,2021-2022,2,P/M/A63,CREDIT,MOBILE,1,15375,15375,16375,16875,1500,MIDRANGE PHONE
4/9/2021,2021-2022,2,P/M/A9,CREDIT,MOBILE,1,15448.3,15448.3,16448.3,16948.3,1500,MIDRANGE PHONE
30-09-2021,2021-2022,2,P/M/A9,CREDIT,MOBILE,1,15448.3,15448.3,16448.3,16948.3,1500,MIDRANGE PHONE
30-09-2021,2021-2022,2,P/M/A9,DEBIT,MOBILE,1,15448.3,15448.3,16448.3,16948.3,1500,MIDRANGE PHONE
11/9/2021,2021-2022,2,P/M/A9,CREDIT,MOBILE,1,15448.31,15448.31,16448.31,16948.31,1500,MIDRANGE PHONE
17-09-2021,2021-2022,2,P/M/A9,MOBILE PAYMENTS,MOBILE,1,15448.31,15448.31,16448.31,16948.31,1500,MIDRANGE PHONE
4/7/2021,2021-2022,2,P/M/A64,DEBIT,MOBILE,1,15455.36,15455.36,16455.36,16955.36,1500,MIDRANGE PHONE
8/7/2021,2021-2022,2,P/M/A64,CREDIT,MOBILE,1,15455.36,15455.36,16455.36,16955.36,1500,MIDRANGE PHONE
11/7/2021,2021-2022,2,P/M/A64,MOBILE PAYMENTS,MOBILE,1,15455.36,15455.36,16455.36,16955.36,1500,MIDRANGE PHONE
12/7/2021,2021-2022,2,P/M/A64,CASH,MOBILE,1,15455.36,15455.36,16455.36,16955.36,1500,MIDRANGE PHONE
14-07-2021,2021-2022,2,P/M/A64,DEBIT,MOBILE,1,15455.36,15455.36,16455.36,16955.36,1500,MIDRANGE PHONE
14-07-2021,2021-2022,2,P/M/A64,CREDIT,MOBILE,1,15455.36,15455.36,16455.36,16955.36,1500,MIDRANGE PHONE
14-07-2021,2021-2022,2,P/M/A64,DEBIT,MOBILE,1,15455.36,15455.36,16455.36,16955.36,1500,MIDRANGE PHONE
21-04-2021,2021-2022,1,P/M/A62,MOBILE PAYMENTS,MOBILE,1,13669.64,13669.64,14669.64,15169.64,1500,MIDRANGE PHONE
22-04-2021,2021-2022,1,P/M/A62,CREDIT,MOBILE,1,13669.64,13669.64,14669.64,15169.64,1500,MIDRANGE PHONE
2/5/2021,2021-2022,1,P/M/A62,CREDIT,MOBILE,1,13669.64,13669.64,14669.64,15169.64,1500,MIDRANGE PHONE
3/5/2021,2021-2022,1,P/M/A62,CREDIT,MOBILE,1,13669.64,13669.64,14669.64,15169.64,1500,MIDRANGE PHONE
17-06-2021,2021-2022,1,P/M/A62,CREDIT,MOBILE,1,13669.64,13669.64,14669.64,15169.64,1500,MIDRANGE PHONE
29-06-2021,2021-2022,1,P/M/A63,DEBIT,MOBILE,1,13669.64,13669.64,14669.64,15169.64,1500,MIDRANGE PHONE
27-05-2021,2021-2022,1,P/M/A63,DEBIT,MOBILE,1,14857.14,14857.14,15857.14,16357.14,1500,MIDRANGE PHONE
17-05-2021,2021-2022,1,P/M/A63,MOBILE PAYMENTS,MOBILE,1,14883.92,14883.92,15883.92,16383.92,1500,MIDRANGE PHONE
3/6/2021,2021-2022,1,P/M/A63,CASH,MOBILE,1,14883.92,14883.92,15883.92,16383.92,1500,MIDRANGE PHONE
5/6/2021,2021-2022,1,P/M/A63,CREDIT,MOBILE,1,14883.92,14883.92,15883.92,16383.92,1500,MIDRANGE PHONE
7/6/2021,2021-2022,1,P/M/A63,MOBILE PAYMENTS,MOBILE,1,14883.92,14883.92,15883.92,16383.92,1500,MIDRANGE PHONE
4/4/2021,2021-2022,1,P/M/A63,MOBILE PAYMENTS,MOBILE,1,15375,15375,16375,16875,1500,MIDRANGE PHONE
9/4/2021,2021-2022,1,P/M/A63,MOBILE PAYMENTS,MOBILE,1,15375,15375,16375,16875,1500,MIDRANGE PHONE
14-04-2021,2021-2022,1,P/M/A63,MOBILE PAYMENTS,MOBILE,1,15375,15375,16375,16875,1500,MIDRANGE PHONE
14-04-2021,2021-2022,1,P/M/A63,MOBILE PAYMENTS,MOBILE,1,15375,15375,16375,16875,1500,MIDRANGE PHONE
15-04-2021,2021-2022,1,P/M/A63,CREDIT,MOBILE,1,15375,15375,16375,16875,1500,MIDRANGE PHONE
15-04-2021,2021-2022,1,P/M/A63,DEBIT,MOBILE,1,15375,15375,16375,16875,1500,MIDRANGE PHONE
18-04-2021,2021-2022,1,P/M/A63,MOBILE PAYMENTS,MOBILE,1,15375,15375,16375,16875,1500,MIDRANGE PHONE
21-04-2021,2021-2022,1,P/M/A63,CASH,MOBILE,1,15375,15375,16375,16875,1500,MIDRANGE PHONE
25-04-2021,2021-2022,1,P/M/A63,DEBIT,MOBILE,1,15375,15375,16375,16875,1500,MIDRANGE PHONE
7/5/2021,2021-2022,1,P/M/A63,CASH,MOBILE,1,15375,15375,16375,16875,1500,MIDRANGE PHONE
24-05-2021,2021-2022,1,P/M/A13,DEBIT,MOBILE,1,18133.92,18133.92,19133.92,19633.92,1500,MIDRANGE PHONE
7/6/2021,2021-2022,1,P/M/A13,CREDIT,MOBILE,1,18133.92,18133.92,19133.92,19633.92,1500,MIDRANGE PHONE
12/6/2021,2021-2022,1,P/M/A13,CASH,MOBILE,1,18133.92,18133.92,19133.92,19633.92,1500,MIDRANGE PHONE
2/5/2021,2021-2022,1,P/M/A13,CREDIT,MOBILE,1,18142.86,18142.86,19142.86,19642.86,1500,MIDRANGE PHONE
24-05-2021,2021-2022,1,P/M/A13,DEBIT,MOBILE,1,18142.86,18142.86,19142.86,19642.86,1500,MIDRANGE PHONE
30-05-2021,2021-2022,1,P/M/A13,DEBIT,MOBILE,1,18142.86,18142.86,19142.86,19642.86,1500,MIDRANGE PHONE
15-04-2021,2021-2022,1,P/M/A27,DEBIT,MOBILE,1,18500,18500,19500,20000,1500,MIDRANGE PHONE
22-04-2021,2021-2022,1,P/M/A27,CREDIT,MOBILE,1,18500,18500,19500,20000,1500,MIDRANGE PHONE
5/5/2021,2021-2022,1,P/M/A27,MOBILE PAYMENTS,MOBILE,1,18500,18500,19500,20000,1500,MIDRANGE PHONE
15-05-2021,2021-2022,1,P/M/A27,MOBILE PAYMENTS,MOBILE,1,18500,18500,19500,20000,1500,MIDRANGE PHONE
13-06-2021,2021-2022,1,P/M/A27,DEBIT,MOBILE,1,18500,18500,19500,20000,1500,MIDRANGE PHONE
17-06-2021,2021-2022,1,P/M/A27,CASH,MOBILE,1,18500,18500,19500,20000,1500,MIDRANGE PHONE
19-06-2021,2021-2022,1,P/M/A13,DEBIT,MOBILE,1,19026.78,19026.78,20026.78,20526.78,1500,MIDRANGE PHONE
3/6/2021,2021-2022,1,P/M/A20,CASH,MOBILE,1,19919.64,19919.64,20919.64,21419.64,1500,MIDRANGE PHONE
14-06-2021,2021-2022,1,P/M/A14,DEBIT,MOBILE,1,19919.64,19919.64,20919.64,21419.64,1500,MIDRANGE PHONE
29-06-2021,2021-2022,1,P/M/A14,MOBILE PAYMENTS,MOBILE,1,19919.64,19919.64,20919.64,21419.64,1500,MIDRANGE PHONE
30-06-2021,2021-2022,1,P/M/A14,DEBIT,MOBILE,1,19919.64,19919.64,20919.64,21419.64,1500,MIDRANGE PHONE
8/4/2021,2021-2022,1,P/M/A27,CREDIT,MOBILE,1,20732.14,20732.14,21732.14,22232.14,1500,MIDRANGE PHONE
9/4/2021,2021-2022,1,P/M/A27,CREDIT,MOBILE,1,20732.14,20732.14,21732.14,22232.14,1500,MIDRANGE PHONE
13-04-2021,2021-2022,1,P/M/A27,DEBIT,MOBILE,1,20732.14,20732.14,21732.14,22232.14,1500,MIDRANGE PHONE
26-05-2021,2021-2022,1,P/M/A14,CREDIT,MOBILE,1,21705.36,21705.36,22705.36,23205.36,1500,MIDRANGE PHONE
31-05-2021,2021-2022,1,P/M/A14,DEBIT,MOBILE,1,21705.36,21705.36,22705.36,23205.36,1500,MIDRANGE PHONE
2/6/2021,2021-2022,1,P/M/A14,DEBIT,MOBILE,1,21705.36,21705.36,22705.36,23205.36,1500,MIDRANGE PHONE
15-06-2021,2021-2022,1,P/M/A14,CREDIT,MOBILE,1,21705.36,21705.36,22705.36,23205.36,1500,MIDRANGE PHONE
20-04-2021,2021-2022,1,P/M/A28,DEBIT,MOBILE,1,25196.42,25196.42,26196.42,26696.42,1500,MIDRANGE PHONE
31-05-2021,2021-2022,1,P/M/A28,DEBIT,MOBILE,1,25196.42,25196.42,26196.42,26696.42,1500,MIDRANGE PHONE
3/6/2021,2021-2022,1,P/M/A19,CASH,MOBILE,1,26169.64,26169.64,27169.64,27669.64,1500,MIDRANGE PHONE
13-06-2021,2021-2022,1,P/M/A19,DEBIT,MOBILE,1,26169.64,26169.64,27169.64,27669.64,1500,MIDRANGE PHONE
2/7/2021,2021-2022,2,P/M/A62,CASH,MOBILE,1,13669.64,13669.64,14669.64,15169.64,1500,MIDRANGE PHONE
1/7/2021,2021-2022,2,P/M/A70,DEBIT,MOBILE,1,14177.12,14177.12,15177.12,15677.12,1500,MIDRANGE PHONE
8/7/2021,2021-2022,2,P/M/A5,CREDIT,MOBILE,1,14177.12,14177.12,15177.12,15677.12,1500,MIDRANGE PHONE
8/7/2021,2021-2022,2,P/M/A5,CREDIT,MOBILE,1,14177.12,14177.12,15177.12,15677.12,1500,MIDRANGE PHONE
10/7/2021,2021-2022,2,P/M/A5,DEBIT,MOBILE,1,14177.12,14177.12,15177.12,15677.12,1500,MIDRANGE PHONE
24-08-2021,2021-2022,2,P/M/A64,CASH,MOBILE,1,14562.5,14562.5,15562.5,16062.5,1500,MIDRANGE PHONE
29-08-2021,2021-2022,2,P/M/A64,MOBILE PAYMENTS,MOBILE,1,14562.5,14562.5,15562.5,16062.5,1500,MIDRANGE PHONE
1/9/2021,2021-2022,2,P/M/A64,CREDIT,MOBILE,1,14562.5,14562.5,15562.5,16062.5,1500,MIDRANGE PHONE
2/9/2021,2021-2022,2,P/M/A64,CREDIT,MOBILE,1,14562.5,14562.5,15562.5,16062.5,1500,MIDRANGE PHONE
4/9/2021,2021-2022,2,P/M/A64,CREDIT,MOBILE,1,14562.5,14562.5,15562.5,16062.5,1500,MIDRANGE PHONE
6/9/2021,2021-2022,2,P/M/A64,MOBILE PAYMENTS,MOBILE,1,14562.5,14562.5,15562.5,16062.5,1500,MIDRANGE PHONE
7/9/2021,2021-2022,2,P/M/A64,DEBIT,MOBILE,1,14562.5,14562.5,15562.5,16062.5,1500,MIDRANGE PHONE
7/9/2021,2021-2022,2,P/M/A64,CASH,MOBILE,1,14562.5,14562.5,15562.5,16062.5,1500,MIDRANGE PHONE
9/9/2021,2021-2022,2,P/M/A64,CREDIT,MOBILE,1,14562.5,14562.5,15562.5,16062.5,1500,MIDRANGE PHONE
14-09-2021,2021-2022,2,P/M/A64,DEBIT,MOBILE,1,14562.5,14562.5,15562.5,16062.5,1500,MIDRANGE PHONE
15-09-2021,2021-2022,2,P/M/A64,CASH,MOBILE,1,14562.5,14562.5,15562.5,16062.5,1500,MIDRANGE PHONE
18-09-2021,2021-2022,2,P/M/A64,DEBIT,MOBILE,1,14562.5,14562.5,15562.5,16062.5,1500,MIDRANGE PHONE
23-09-2021,2021-2022,2,P/M/A64,MOBILE PAYMENTS,MOBILE,1,14562.5,14562.5,15562.5,16062.5,1500,MIDRANGE PHONE
23-09-2021,2021-2022,2,P/M/A64,CREDIT,MOBILE,1,14562.5,14562.5,15562.5,16062.5,1500,MIDRANGE PHONE
25-09-2021,2021-2022,2,P/M/A64,MOBILE PAYMENTS,MOBILE,1,14562.5,14562.5,15562.5,16062.5,1500,MIDRANGE PHONE
24-08-2021,2021-2022,2,P/M/A64,CASH,MOBILE,1,14660.72,14660.72,15660.72,16160.72,1500,MIDRANGE PHONE
12/7/2021,2021-2022,2,P/M/A63,DEBIT,MOBILE,1,14883.92,14883.92,15883.92,16383.92,1500,MIDRANGE PHONE
7/8/2021,2021-2022,2,P/M/A63,CASH,MOBILE,1,14883.92,14883.92,15883.92,16383.92,1500,MIDRANGE PHONE
12/9/2021,2021-2022,2,P/M/A63,CREDIT,MOBILE,1,15375,15375,16375,16875,1500,MIDRANGE PHONE
4/9/2021,2021-2022,2,P/M/A9,CREDIT,MOBILE,1,15448.3,15448.3,16448.3,16948.3,1500,MIDRANGE PHONE
30-09-2021,2021-2022,2,P/M/A9,CREDIT,MOBILE,1,15448.3,15448.3,16448.3,16948.3,1500,MIDRANGE PHONE
30-09-2021,2021-2022,2,P/M/A9,DEBIT,MOBILE,1,15448.3,15448.3,16448.3,16948.3,1500,MIDRANGE PHONE
11/9/2021,2021-2022,2,P/M/A9,CREDIT,MOBILE,1,15448.31,15448.31,16448.31,16948.31,1500,MIDRANGE PHONE
17-09-2021,2021-2022,2,P/M/A9,MOBILE PAYMENTS,MOBILE,1,15448.31,15448.31,16448.31,16948.31,1500,MIDRANGE PHONE
4/7/2021,2021-2022,2,P/M/A64,DEBIT,MOBILE,1,15455.36,15455.36,16455.36,16955.36,1500,MIDRANGE PHONE
8/7/2021,2021-2022,2,P/M/A64,CREDIT,MOBILE,1,15455.36,15455.36,16455.36,16955.36,1500,MIDRANGE PHONE
11/7/2021,2021-2022,2,P/M/A64,MOBILE PAYMENTS,MOBILE,1,15455.36,15455.36,16455.36,16955.36,1500,MIDRANGE PHONE
12/7/2021,2021-2022,2,P/M/A64,CASH,MOBILE,1,15455.36,15455.36,16455.36,16955.36,1500,MIDRANGE PHONE
14-07-2021,2021-2022,2,P/M/A64,DEBIT,MOBILE,1,15455.36,15455.36,16455.36,16955.36,1500,MIDRANGE PHONE
14-07-2021,2021-2022,2,P/M/A64,CREDIT,MOBILE,1,15455.36,15455.36,16455.36,16955.36,1500,MIDRANGE PHONE
14-07-2021,2021-2022,2,P/M/A64,DEBIT,MOBILE,1,15455.36,15455.36,16455.36,16955.36,1500,MIDRANGE PHONE
21-04-2021,2021-2022,1,P/M/A62,MOBILE PAYMENTS,MOBILE,1,13669.64,13669.64,14669.64,15169.64,1500,MIDRANGE PHONE
22-04-2021,2021-2022,1,P/M/A62,CREDIT,MOBILE,1,13669.64,13669.64,14669.64,15169.64,1500,MIDRANGE PHONE
2/5/2021,2021-2022,1,P/M/A62,CREDIT,MOBILE,1,13669.64,13669.64,14669.64,15169.64,1500,MIDRANGE PHONE
3/5/2021,2021-2022,1,P/M/A62,CREDIT,MOBILE,1,13669.64,13669.64,14669.64,15169.64,1500,MIDRANGE PHONE
17-06-2021,2021-2022,1,P/M/A62,CREDIT,MOBILE,1,13669.64,13669.64,14669.64,15169.64,1500,MIDRANGE PHONE
29-06-2021,2021-2022,1,P/M/A63,DEBIT,MOBILE,1,13669.64,13669.64,14669.64,15169.64,1500,MIDRANGE PHONE
27-05-2021,2021-2022,1,P/M/A63,DEBIT,MOBILE,1,14857.14,14857.14,15857.14,16357.14,1500,MIDRANGE PHONE
17-05-2021,2021-2022,1,P/M/A63,MOBILE PAYMENTS,MOBILE,1,14883.92,14883.92,15883.92,16383.92,1500,MIDRANGE PHONE
3/6/2021,2021-2022,1,P/M/A63,CASH,MOBILE,1,14883.92,14883.92,15883.92,16383.92,1500,MIDRANGE PHONE
5/6/2021,2021-2022,1,P/M/A63,CREDIT,MOBILE,1,14883.92,14883.92,15883.92,16383.92,1500,MIDRANGE PHONE
7/6/2021,2021-2022,1,P/M/A63,MOBILE PAYMENTS,MOBILE,1,14883.92,14883.92,15883.92,16383.92,1500,MIDRANGE PHONE
4/4/2021,2021-2022,1,P/M/A63,MOBILE PAYMENTS,MOBILE,1,15375,15375,16375,16875,1500,MIDRANGE PHONE
9/4/2021,2021-2022,1,P/M/A63,MOBILE PAYMENTS,MOBILE,1,15375,15375,16375,16875,1500,MIDRANGE PHONE
14-04-2021,2021-2022,1,P/M/A63,MOBILE PAYMENTS,MOBILE,1,15375,15375,16375,16875,1500,MIDRANGE PHONE
14-04-2021,2021-2022,1,P/M/A63,MOBILE PAYMENTS,MOBILE,1,15375,15375,16375,16875,1500,MIDRANGE PHONE
15-04-2021,2021-2022,1,P/M/A63,CREDIT,MOBILE,1,15375,15375,16375,16875,1500,MIDRANGE PHONE
15-04-2021,2021-2022,1,P/M/A63,DEBIT,MOBILE,1,15375,15375,16375,16875,1500,MIDRANGE PHONE
18-04-2021,2021-2022,1,P/M/A63,MOBILE PAYMENTS,MOBILE,1,15375,15375,16375,16875,1500,MIDRANGE PHONE
21-04-2021,2021-2022,1,P/M/A63,CASH,MOBILE,1,15375,15375,16375,16875,1500,MIDRANGE PHONE
25-04-2021,2021-2022,1,P/M/A63,DEBIT,MOBILE,1,15375,15375,16375,16875,1500,MIDRANGE PHONE
7/5/2021,2021-2022,1,P/M/A63,CASH,MOBILE,1,15375,15375,16375,16875,1500,MIDRANGE PHONE
24-05-2021,2021-2022,1,P/M/A13,DEBIT,MOBILE,1,18133.92,18133.92,19133.92,19633.92,1500,MIDRANGE PHONE
7/6/2021,2021-2022,1,P/M/A13,CREDIT,MOBILE,1,18133.92,18133.92,19133.92,19633.92,1500,MIDRANGE PHONE
12/6/2021,2021-2022,1,P/M/A13,CASH,MOBILE,1,18133.92,18133.92,19133.92,19633.92,1500,MIDRANGE PHONE
2/5/2021,2021-2022,1,P/M/A13,CREDIT,MOBILE,1,18142.86,18142.86,19142.86,19642.86,1500,MIDRANGE PHONE
24-05-2021,2021-2022,1,P/M/A13,DEBIT,MOBILE,1,18142.86,18142.86,19142.86,19642.86,1500,MIDRANGE PHONE
30-05-2021,2021-2022,1,P/M/A13,DEBIT,MOBILE,1,18142.86,18142.86,19142.86,19642.86,1500,MIDRANGE PHONE
15-04-2021,2021-2022,1,P/M/A27,DEBIT,MOBILE,1,18500,18500,19500,20000,1500,MIDRANGE PHONE
22-04-2021,2021-2022,1,P/M/A27,CREDIT,MOBILE,1,18500,18500,19500,20000,1500,MIDRANGE PHONE
5/5/2021,2021-2022,1,P/M/A27,MOBILE PAYMENTS,MOBILE,1,18500,18500,19500,20000,1500,MIDRANGE PHONE
15-05-2021,2021-2022,1,P/M/A27,MOBILE PAYMENTS,MOBILE,1,18500,18500,19500,20000,1500,MIDRANGE PHONE
13-06-2021,2021-2022,1,P/M/A27,DEBIT,MOBILE,1,18500,18500,19500,20000,1500,MIDRANGE PHONE
17-06-2021,2021-2022,1,P/M/A27,CASH,MOBILE,1,18500,18500,19500,20000,1500,MIDRANGE PHONE
19-06-2021,2021-2022,1,P/M/A13,DEBIT,MOBILE,1,19026.78,19026.78,20026.78,20526.78,1500,MIDRANGE PHONE
3/6/2021,2021-2022,1,P/M/A20,CASH,MOBILE,1,19919.64,19919.64,20919.64,21419.64,1500,MIDRANGE PHONE
14-06-2021,2021-2022,1,P/M/A14,DEBIT,MOBILE,1,19919.64,19919.64,20919.64,21419.64,1500,MIDRANGE PHONE
29-06-2021,2021-2022,1,P/M/A14,MOBILE PAYMENTS,MOBILE,1,19919.64,19919.64,20919.64,21419.64,1500,MIDRANGE PHONE
30-06-2021,2021-2022,1,P/M/A14,DEBIT,MOBILE,1,19919.64,19919.64,20919.64,21419.64,1500,MIDRANGE PHONE
8/4/2021,2021-2022,1,P/M/A27,CREDIT,MOBILE,1,20732.14,20732.14,21732.14,22232.14,1500,MIDRANGE PHONE
9/4/2021,2021-2022,1,P/M/A27,CREDIT,MOBILE,1,20732.14,20732.14,21732.14,22232.14,1500,MIDRANGE PHONE
13-04-2021,2021-2022,1,P/M/A27,DEBIT,MOBILE,1,20732.14,20732.14,21732.14,22232.14,1500,MIDRANGE PHONE
26-05-2021,2021-2022,1,P/M/A14,CREDIT,MOBILE,1,21705.36,21705.36,22705.36,23205.36,1500,MIDRANGE PHONE
31-05-2021,2021-2022,1,P/M/A14,DEBIT,MOBILE,1,21705.36,21705.36,22705.36,23205.36,1500,MIDRANGE PHONE
2/6/2021,2021-2022,1,P/M/A14,DEBIT,MOBILE,1,21705.36,21705.36,22705.36,23205.36,1500,MIDRANGE PHONE
15-06-2021,2021-2022,1,P/M/A14,CREDIT,MOBILE,1,21705.36,21705.36,22705.36,23205.36,1500,MIDRANGE PHONE
20-04-2021,2021-2022,1,P/M/A28,DEBIT,MOBILE,1,25196.42,25196.42,26196.42,26696.42,1500,MIDRANGE PHONE
31-05-2021,2021-2022,1,P/M/A28,DEBIT,MOBILE,1,25196.42,25196.42,26196.42,26696.42,1500,MIDRANGE PHONE
3/6/2021,2021-2022,1,P/M/A19,CASH,MOBILE,1,26169.64,26169.64,27169.64,27669.64,1500,MIDRANGE PHONE
13-06-2021,2021-2022,1,P/M/A19,DEBIT,MOBILE,1,26169.64,26169.64,27169.64,27669.64,1500,MIDRANGE PHONE
2/7/2021,2021-2022,2,P/M/A62,CASH,MOBILE,1,13669.64,13669.64,14669.64,15169.64,1500,MIDRANGE PHONE
1/7/2021,2021-2022,2,P/M/A70,DEBIT,MOBILE,1,14177.12,14177.12,15177.12,15677.12,1500,MIDRANGE PHONE
8/7/2021,2021-2022,2,P/M/A5,CREDIT,MOBILE,1,14177.12,14177.12,15177.12,15677.12,1500,MIDRANGE PHONE
8/7/2021,2021-2022,2,P/M/A5,CREDIT,MOBILE,1,14177.12,14177.12,15177.12,15677.12,1500,MIDRANGE PHONE
10/7/2021,2021-2022,2,P/M/A5,DEBIT,MOBILE,1,14177.12,14177.12,15177.12,15677.12,1500,MIDRANGE PHONE
24-08-2021,2021-2022,2,P/M/A64,CASH,MOBILE,1,14562.5,14562.5,15562.5,16062.5,1500,MIDRANGE PHONE
29-08-2021,2021-2022,2,P/M/A64,MOBILE PAYMENTS,MOBILE,1,14562.5,14562.5,15562.5,16062.5,1500,MIDRANGE PHONE
1/9/2021,2021-2022,2,P/M/A64,CREDIT,MOBILE,1,14562.5,14562.5,15562.5,16062.5,1500,MIDRANGE PHONE
2/9/2021,2021-2022,2,P/M/A64,CREDIT,MOBILE,1,14562.5,14562.5,15562.5,16062.5,1500,MIDRANGE PHONE
4/9/2021,2021-2022,2,P/M/A64,CREDIT,MOBILE,1,14562.5,14562.5,15562.5,16062.5,1500,MIDRANGE PHONE
6/9/2021,2021-2022,2,P/M/A64,MOBILE PAYMENTS,MOBILE,1,14562.5,14562.5,15562.5,16062.5,1500,MIDRANGE PHONE
7/9/2021,2021-2022,2,P/M/A64,DEBIT,MOBILE,1,14562.5,14562.5,15562.5,16062.5,1500,MIDRANGE PHONE
7/9/2021,2021-2022,2,P/M/A64,CASH,MOBILE,1,14562.5,14562.5,15562.5,16062.5,1500,MIDRANGE PHONE
9/9/2021,2021-2022,2,P/M/A64,CREDIT,MOBILE,1,14562.5,14562.5,15562.5,16062.5,1500,MIDRANGE PHONE
14-09-2021,2021-2022,2,P/M/A64,DEBIT,MOBILE,1,14562.5,14562.5,15562.5,16062.5,1500,MIDRANGE PHONE
15-09-2021,2021-2022,2,P/M/A64,CASH,MOBILE,1,14562.5,14562.5,15562.5,16062.5,1500,MIDRANGE PHONE
18-09-2021,2021-2022,2,P/M/A64,DEBIT,MOBILE,1,14562.5,14562.5,15562.5,16062.5,1500,MIDRANGE PHONE
23-09-2021,2021-2022,2,P/M/A64,MOBILE PAYMENTS,MOBILE,1,14562.5,14562.5,15562.5,16062.5,1500,MIDRANGE PHONE
23-09-2021,2021-2022,2,P/M/A64,CREDIT,MOBILE,1,14562.5,14562.5,15562.5,16062.5,1500,MIDRANGE PHONE
25-09-2021,2021-2022,2,P/M/A64,MOBILE PAYMENTS,MOBILE,1,14562.5,14562.5,15562.5,16062.5,1500,MIDRANGE PHONE
24-08-2021,2021-2022,2,P/M/A64,CASH,MOBILE,1,14660.72,14660.72,15660.72,16160.72,1500,MIDRANGE PHONE
12/7/2021,2021-2022,2,P/M/A63,DEBIT,MOBILE,1,14883.92,14883.92,15883.92,16383.92,1500,MIDRANGE PHONE
7/8/2021,2021-2022,2,P/M/A63,CASH,MOBILE,1,14883.92,14883.92,15883.92,16383.92,1500,MIDRANGE PHONE
12/9/2021,2021-2022,2,P/M/A63,CREDIT,MOBILE,1,15375,15375,16375,16875,1500,MIDRANGE PHONE
4/9/2021,2021-2022,2,P/M/A9,CREDIT,MOBILE,1,15448.3,15448.3,16448.3,16948.3,1500,MIDRANGE PHONE
30-09-2021,2021-2022,2,P/M/A9,CREDIT,MOBILE,1,15448.3,15448.3,16448.3,16948.3,1500,MIDRANGE PHONE
30-09-2021,2021-2022,2,P/M/A9,DEBIT,MOBILE,1,15448.3,15448.3,16448.3,16948.3,1500,MIDRANGE PHONE
11/9/2021,2021-2022,2,P/M/A9,CREDIT,MOBILE,1,15448.31,15448.31,16448.31,16948.31,1500,MIDRANGE PHONE
17-09-2021,2021-2022,2,P/M/A9,MOBILE PAYMENTS,MOBILE,1,15448.31,15448.31,16448.31,16948.31,1500,MIDRANGE PHONE
4/7/2021,2021-2022,2,P/M/A64,DEBIT,MOBILE,1,15455.36,15455.36,16455.36,16955.36,1500,MIDRANGE PHONE
8/7/2021,2021-2022,2,P/M/A64,CREDIT,MOBILE,1,15455.36,15455.36,16455.36,16955.36,1500,MIDRANGE PHONE
11/7/2021,2021-2022,2,P/M/A64,MOBILE PAYMENTS,MOBILE,1,15455.36,15455.36,16455.36,16955.36,1500,MIDRANGE PHONE
12/7/2021,2021-2022,2,P/M/A64,CASH,MOBILE,1,15455.36,15455.36,16455.36,16955.36,1500,MIDRANGE PHONE
14-07-2021,2021-2022,2,P/M/A64,DEBIT,MOBILE,1,15455.36,15455.36,16455.36,16955.36,1500,MIDRANGE PHONE
14-07-2021,2021-2022,2,P/M/A64,CREDIT,MOBILE,1,15455.36,15455.36,16455.36,16955.36,1500,MIDRANGE PHONE
14-07-2021,2021-2022,2,P/M/A64,DEBIT,MOBILE,1,15455.36,15455.36,16455.36,16955.36,1500,MIDRANGE PHONE
